60
1	1	27	1003	1004	1005	1012	1017	1019	1025	1028	1030	1032	1034	1036	1046	1058	1060	1063	1065	1074	1075	1077	1079	1080	1082	1083	1084	1085	1086	
2	2	87	1001	1002	1003	1004	1005	1006	1007	1008	1009	1010	1011	1012	1013	1014	1015	1016	1017	1018	1019	1020	1021	1022	1023	1024	1025	1026	1027	1028	1029	1030	1032	1034	1035	1036	1037	1038	1039	1040	1041	1042	1043	1044	1045	1046	1047	1048	1049	1050	1051	1052	1053	1054	1055	1056	1057	1058	1059	1060	1061	1062	1063	1064	1065	1066	1067	1068	1069	1070	1071	1072	1073	1074	1075	1076	1078	1079	1080	1081	1082	1083	1084	1085	1086	1087	1088	1089	1090	
3	3	81	1001	1002	1003	1004	1005	1006	1007	1008	1009	1010	1011	1012	1013	1014	1015	1016	1017	1019	1020	1021	1023	1025	1026	1027	1028	1029	1030	1031	1032	1033	1034	1035	1036	1037	1038	1039	1040	1042	1043	1044	1045	1046	1047	1048	1049	1050	1051	1052	1053	1054	1055	1059	1060	1061	1063	1064	1065	1066	1067	1068	1069	1070	1071	1072	1073	1074	1075	1076	1077	1078	1079	1080	1082	1083	1084	1085	1086	1087	1088	1089	1090	
4	4	48	1001	1003	1005	1006	1008	1014	1016	1019	1020	1021	1026	1028	1029	1032	1034	1036	1038	1040	1041	1043	1044	1045	1047	1049	1050	1051	1052	1053	1055	1056	1059	1061	1065	1067	1069	1070	1071	1073	1074	1077	1079	1080	1082	1084	1085	1087	1088	1090	
5	5	84	1001	1002	1003	1004	1005	1006	1007	1008	1009	1010	1011	1012	1014	1015	1016	1017	1018	1019	1020	1021	1022	1023	1024	1025	1026	1027	1029	1030	1031	1032	1033	1034	1035	1036	1038	1039	1040	1041	1042	1043	1044	1045	1046	1047	1048	1049	1050	1051	1052	1053	1054	1055	1056	1057	1058	1059	1060	1061	1062	1064	1065	1066	1067	1068	1069	1070	1071	1072	1074	1075	1076	1077	1078	1079	1080	1081	1082	1083	1084	1085	1087	1088	1089	1090	
6	6	81	1001	1002	1003	1004	1005	1006	1007	1008	1009	1011	1012	1014	1016	1017	1018	1019	1020	1021	1022	1023	1024	1025	1026	1027	1028	1029	1030	1031	1032	1033	1034	1035	1036	1037	1038	1039	1040	1041	1042	1043	1044	1046	1047	1048	1049	1050	1051	1052	1053	1054	1055	1056	1059	1060	1061	1062	1063	1064	1065	1066	1067	1069	1070	1071	1072	1073	1074	1075	1076	1077	1078	1079	1080	1081	1082	1083	1084	1087	1088	1089	1090	
7	7	50	1001	1002	1004	1005	1007	1008	1010	1016	1017	1018	1021	1022	1023	1024	1025	1027	1028	1030	1031	1032	1034	1041	1043	1047	1049	1051	1052	1057	1058	1061	1063	1065	1067	1068	1070	1073	1074	1075	1076	1077	1078	1081	1082	1083	1084	1085	1086	1087	1089	1090	
8	8	80	1001	1003	1004	1005	1006	1007	1008	1009	1010	1011	1012	1013	1014	1016	1017	1018	1019	1020	1022	1023	1024	1025	1026	1027	1028	1030	1032	1033	1034	1035	1036	1037	1038	1040	1041	1042	1043	1044	1045	1046	1047	1048	1049	1050	1052	1053	1055	1056	1057	1058	1060	1061	1062	1063	1064	1065	1066	1067	1068	1069	1070	1071	1072	1074	1075	1076	1077	1078	1079	1080	1081	1082	1083	1084	1085	1086	1087	1088	1089	1090	
9	9	58	1002	1007	1008	1009	1010	1011	1012	1013	1014	1015	1016	1020	1021	1022	1023	1024	1026	1027	1028	1030	1031	1033	1035	1037	1039	1040	1041	1044	1049	1050	1051	1052	1053	1055	1056	1058	1060	1061	1062	1063	1065	1067	1068	1069	1071	1074	1077	1078	1079	1080	1083	1084	1085	1086	1087	1088	1089	1090	
10	10	57	1001	1003	1004	1005	1006	1007	1008	1010	1013	1016	1017	1018	1019	1020	1023	1024	1025	1026	1027	1030	1033	1034	1036	1037	1038	1039	1041	1042	1043	1044	1045	1046	1047	1050	1051	1053	1054	1055	1056	1057	1059	1060	1061	1063	1066	1067	1068	1069	1071	1077	1080	1081	1082	1083	1085	1086	1089	
11	11	52	1003	1005	1006	1007	1014	1015	1017	1018	1019	1020	1021	1022	1023	1024	1026	1028	1029	1032	1038	1039	1040	1043	1044	1046	1047	1048	1050	1051	1053	1054	1056	1057	1062	1063	1065	1066	1068	1070	1072	1073	1074	1076	1077	1078	1079	1082	1083	1084	1085	1087	1088	1089	
12	12	21	1003	1008	1012	1014	1019	1021	1026	1031	1034	1037	1039	1050	1057	1063	1069	1071	1078	1080	1082	1085	1086	
13	13	58	1001	1002	1007	1008	1009	1012	1015	1016	1019	1020	1021	1022	1023	1026	1028	1029	1030	1033	1034	1035	1037	1040	1041	1042	1043	1044	1046	1047	1049	1050	1051	1052	1053	1054	1055	1056	1057	1058	1061	1062	1064	1068	1070	1071	1073	1076	1077	1078	1079	1080	1081	1082	1083	1084	1086	1087	1088	1090	
14	14	34	1004	1011	1012	1015	1018	1028	1031	1036	1037	1038	1043	1044	1045	1048	1050	1052	1054	1056	1057	1058	1060	1062	1063	1064	1068	1074	1076	1077	1084	1086	1087	1088	1089	1090	
15	15	36	1002	1007	1008	1010	1014	1015	1018	1019	1020	1022	1023	1026	1028	1029	1030	1032	1035	1038	1047	1048	1050	1051	1052	1055	1065	1066	1068	1071	1074	1080	1083	1084	1085	1086	1088	1089	
16	16	23	1002	1013	1015	1016	1018	1023	1026	1027	1029	1030	1031	1037	1038	1048	1050	1052	1054	1057	1067	1070	1075	1076	1090	
17	17	33	1003	1005	1007	1010	1013	1019	1021	1024	1027	1031	1032	1033	1039	1042	1046	1047	1048	1050	1051	1054	1057	1063	1070	1072	1074	1075	1081	1082	1083	1084	1085	1086	1090	
18	18	68	1001	1002	1003	1004	1006	1007	1009	1011	1012	1013	1014	1015	1018	1019	1021	1024	1025	1026	1029	1031	1032	1033	1034	1036	1037	1038	1039	1040	1041	1043	1044	1045	1047	1049	1050	1051	1052	1053	1054	1055	1056	1057	1058	1059	1060	1061	1062	1063	1064	1065	1067	1068	1069	1070	1072	1073	1075	1076	1077	1079	1082	1083	1084	1085	1086	1087	1088	1090	
19	19	31	1004	1007	1009	1013	1015	1016	1022	1023	1027	1029	1030	1031	1036	1040	1042	1043	1048	1049	1051	1052	1054	1058	1062	1063	1064	1066	1071	1072	1074	1079	1082	
20	20	22	1003	1008	1010	1023	1025	1026	1030	1035	1043	1044	1045	1047	1050	1058	1059	1069	1070	1072	1076	1077	1082	1088	
21	21	52	1001	1003	1007	1012	1013	1014	1015	1018	1020	1021	1023	1024	1025	1026	1027	1028	1029	1030	1037	1038	1039	1040	1043	1044	1045	1046	1047	1049	1051	1052	1054	1057	1058	1059	1060	1061	1062	1065	1066	1067	1068	1070	1072	1073	1075	1077	1079	1080	1085	1087	1088	1089	
22	22	58	1002	1003	1007	1008	1009	1010	1011	1012	1014	1016	1017	1018	1019	1021	1022	1023	1025	1026	1028	1029	1030	1032	1033	1036	1037	1038	1040	1041	1045	1047	1048	1050	1051	1053	1056	1057	1059	1061	1062	1065	1066	1067	1068	1069	1070	1071	1073	1074	1075	1076	1080	1081	1082	1084	1085	1087	1089	1090	
23	23	47	1001	1005	1006	1007	1009	1010	1011	1012	1015	1017	1018	1021	1025	1026	1027	1028	1030	1032	1034	1035	1036	1037	1038	1040	1043	1044	1045	1046	1048	1049	1053	1055	1056	1059	1062	1066	1070	1073	1076	1078	1080	1081	1084	1087	1088	1089	1090	
24	24	71	1007	1008	1009	1010	1012	1013	1016	1017	1018	1020	1021	1022	1023	1024	1025	1027	1028	1030	1031	1032	1033	1034	1035	1036	1037	1038	1039	1040	1041	1042	1043	1044	1045	1046	1047	1048	1049	1050	1051	1054	1055	1057	1059	1060	1061	1062	1063	1064	1065	1066	1067	1068	1069	1070	1071	1072	1074	1075	1076	1077	1078	1080	1082	1083	1084	1085	1086	1087	1088	1089	1090	
25	25	84	1001	1002	1003	1004	1005	1006	1007	1008	1009	1010	1011	1012	1013	1014	1015	1016	1017	1018	1019	1020	1021	1022	1023	1024	1025	1026	1027	1028	1029	1031	1032	1033	1034	1035	1036	1037	1038	1039	1040	1041	1042	1044	1045	1046	1047	1048	1049	1050	1051	1052	1053	1054	1055	1056	1058	1059	1060	1061	1062	1063	1064	1065	1066	1067	1068	1069	1070	1071	1072	1073	1074	1076	1077	1078	1079	1080	1082	1083	1084	1085	1086	1087	1088	1089	
26	26	52	1001	1002	1003	1004	1005	1006	1008	1010	1011	1013	1015	1017	1019	1020	1022	1023	1024	1025	1026	1027	1028	1030	1032	1034	1039	1041	1042	1044	1048	1049	1050	1051	1052	1053	1058	1059	1061	1066	1068	1070	1071	1073	1074	1075	1079	1080	1083	1084	1085	1086	1089	1090	
27	27	28	1002	1008	1009	1011	1012	1016	1018	1028	1038	1040	1045	1051	1052	1054	1056	1057	1060	1061	1062	1064	1065	1067	1072	1073	1077	1078	1081	1090	
28	28	89	1001	1002	1003	1004	1005	1006	1007	1008	1009	1010	1011	1012	1013	1014	1015	1016	1017	1018	1019	1020	1021	1022	1023	1024	1025	1026	1027	1028	1029	1030	1031	1032	1033	1034	1035	1036	1037	1038	1039	1040	1041	1042	1043	1044	1045	1046	1047	1048	1049	1050	1051	1052	1053	1054	1055	1056	1057	1058	1059	1060	1062	1063	1064	1065	1066	1067	1068	1069	1070	1071	1072	1073	1074	1075	1076	1077	1078	1079	1080	1081	1082	1083	1084	1085	1086	1087	1088	1089	1090	
29	29	24	1007	1011	1013	1015	1021	1025	1035	1036	1047	1049	1056	1057	1058	1062	1063	1069	1071	1072	1075	1078	1080	1084	1085	1090	
30	30	40	1003	1004	1007	1009	1010	1015	1017	1022	1023	1025	1026	1030	1031	1033	1034	1035	1036	1039	1040	1042	1043	1045	1047	1048	1050	1052	1053	1055	1057	1059	1062	1063	1067	1068	1077	1078	1083	1085	1088	1090	
31	31	31	1001	1005	1006	1008	1009	1014	1015	1017	1018	1021	1025	1029	1039	1041	1046	1047	1053	1057	1058	1061	1064	1071	1074	1075	1077	1078	1082	1083	1084	1086	1087	
32	32	25	1012	1014	1016	1019	1021	1023	1029	1030	1033	1041	1048	1050	1058	1061	1063	1064	1067	1068	1070	1074	1081	1083	1085	1088	1089	
33	33	83	1001	1002	1003	1004	1005	1006	1007	1008	1009	1010	1011	1012	1013	1014	1015	1016	1017	1018	1019	1020	1021	1022	1023	1024	1025	1026	1027	1028	1029	1030	1032	1033	1034	1035	1036	1037	1038	1039	1040	1041	1042	1043	1044	1045	1046	1047	1048	1049	1050	1051	1053	1054	1055	1056	1057	1058	1060	1061	1062	1063	1064	1065	1066	1067	1068	1069	1071	1072	1073	1075	1077	1078	1079	1081	1082	1083	1084	1085	1086	1087	1088	1089	1090	
34	34	76	1001	1002	1003	1004	1005	1006	1007	1008	1009	1010	1013	1014	1015	1016	1017	1018	1020	1021	1022	1023	1024	1025	1026	1027	1028	1029	1030	1031	1032	1033	1034	1035	1037	1038	1039	1040	1041	1042	1043	1044	1045	1046	1047	1049	1050	1053	1054	1055	1056	1057	1058	1059	1060	1062	1063	1065	1066	1067	1068	1069	1071	1072	1074	1078	1079	1080	1081	1082	1083	1084	1085	1086	1087	1088	1089	1090	
35	35	32	1004	1005	1009	1011	1017	1020	1021	1022	1023	1031	1032	1034	1036	1040	1044	1045	1048	1057	1060	1061	1064	1065	1067	1069	1073	1078	1080	1083	1085	1086	1088	1089	
36	36	64	1001	1003	1004	1005	1006	1007	1009	1010	1011	1012	1013	1014	1016	1018	1019	1020	1022	1023	1024	1025	1026	1028	1029	1030	1032	1035	1036	1037	1039	1041	1042	1043	1045	1046	1047	1048	1049	1050	1051	1052	1053	1054	1055	1057	1058	1059	1060	1061	1063	1064	1066	1067	1068	1071	1072	1075	1080	1081	1082	1083	1084	1087	1088	1089	
37	37	48	1001	1003	1004	1005	1006	1012	1015	1016	1017	1021	1023	1026	1027	1028	1029	1030	1032	1034	1035	1036	1038	1039	1040	1041	1042	1043	1044	1047	1048	1050	1051	1052	1054	1056	1060	1061	1063	1065	1066	1068	1074	1076	1078	1080	1084	1085	1087	1088	
38	38	78	1002	1003	1004	1005	1006	1007	1008	1009	1010	1011	1012	1013	1014	1015	1016	1017	1018	1019	1021	1022	1023	1024	1025	1026	1027	1028	1029	1030	1031	1032	1033	1034	1035	1037	1039	1040	1041	1042	1043	1044	1045	1046	1047	1048	1049	1050	1051	1052	1053	1054	1055	1056	1057	1058	1061	1064	1065	1067	1068	1069	1070	1071	1072	1073	1074	1075	1077	1078	1079	1080	1081	1082	1084	1085	1086	1087	1088	1089	
39	39	66	1001	1002	1003	1004	1006	1007	1009	1010	1011	1012	1013	1014	1015	1017	1018	1021	1022	1024	1025	1026	1027	1028	1029	1030	1031	1032	1034	1035	1036	1037	1038	1040	1041	1043	1044	1046	1047	1049	1051	1053	1054	1055	1057	1058	1059	1060	1062	1064	1065	1066	1067	1069	1071	1072	1074	1076	1077	1078	1079	1080	1081	1082	1083	1085	1086	1088	
40	40	36	1003	1004	1006	1009	1010	1014	1015	1016	1019	1023	1029	1030	1035	1036	1039	1040	1043	1044	1045	1046	1049	1050	1053	1055	1056	1057	1060	1062	1065	1073	1078	1079	1082	1087	1088	1090	
41	41	43	1002	1003	1005	1007	1008	1010	1011	1012	1014	1015	1016	1018	1019	1024	1025	1030	1036	1037	1038	1039	1041	1042	1049	1054	1055	1056	1058	1059	1060	1061	1063	1065	1066	1067	1069	1071	1072	1075	1076	1084	1086	1088	1090	
42	42	42	1001	1004	1007	1009	1010	1012	1013	1014	1015	1016	1018	1020	1022	1024	1026	1027	1028	1030	1031	1033	1034	1037	1039	1042	1043	1046	1048	1050	1055	1057	1058	1060	1067	1069	1071	1072	1074	1075	1079	1083	1085	1087	
43	43	74	1001	1002	1004	1006	1007	1008	1009	1010	1011	1012	1013	1014	1015	1016	1017	1018	1019	1020	1021	1022	1023	1024	1025	1026	1027	1029	1030	1031	1033	1035	1036	1037	1038	1039	1040	1041	1043	1044	1045	1046	1047	1049	1051	1052	1054	1055	1056	1057	1058	1059	1060	1062	1065	1066	1067	1068	1069	1070	1071	1073	1074	1076	1077	1079	1080	1082	1083	1084	1085	1086	1087	1088	1089	1090	
44	44	32	1002	1003	1006	1011	1012	1016	1018	1020	1022	1027	1028	1030	1035	1041	1042	1044	1045	1047	1049	1054	1057	1059	1061	1063	1064	1073	1074	1080	1081	1085	1087	1089	
45	45	43	1001	1003	1004	1007	1008	1009	1010	1014	1019	1022	1023	1026	1027	1031	1033	1034	1035	1042	1043	1044	1046	1047	1051	1053	1056	1058	1059	1065	1067	1069	1070	1071	1073	1075	1076	1077	1078	1079	1082	1085	1086	1089	1090	
46	46	28	1002	1004	1005	1010	1011	1012	1013	1015	1017	1019	1023	1024	1029	1031	1032	1035	1036	1041	1043	1055	1059	1060	1073	1074	1075	1080	1084	1089	
47	47	42	1003	1004	1006	1008	1009	1010	1014	1017	1020	1022	1024	1025	1027	1029	1031	1032	1033	1038	1039	1043	1045	1047	1049	1050	1057	1058	1059	1061	1062	1065	1066	1067	1068	1071	1072	1077	1078	1080	1082	1083	1084	1088	
48	48	68	1001	1002	1003	1004	1005	1006	1007	1008	1009	1010	1011	1013	1015	1018	1019	1020	1021	1022	1023	1024	1025	1026	1027	1028	1029	1030	1031	1032	1033	1034	1035	1036	1038	1039	1043	1044	1045	1046	1047	1048	1050	1051	1052	1053	1056	1057	1059	1060	1061	1062	1065	1066	1068	1069	1070	1071	1072	1073	1075	1077	1078	1079	1080	1081	1082	1086	1088	1090	
49	49	65	1001	1002	1003	1005	1006	1007	1008	1011	1012	1013	1014	1016	1017	1018	1019	1020	1021	1023	1025	1026	1027	1029	1030	1033	1038	1041	1042	1043	1044	1045	1046	1047	1048	1049	1052	1053	1054	1055	1057	1058	1059	1060	1061	1062	1063	1064	1067	1069	1070	1071	1072	1074	1075	1076	1077	1079	1080	1081	1082	1083	1085	1086	1087	1088	1090	
50	50	87	1001	1002	1003	1004	1005	1006	1007	1008	1009	1010	1011	1012	1013	1014	1015	1016	1017	1018	1019	1020	1021	1022	1023	1024	1025	1026	1027	1028	1029	1030	1031	1032	1033	1034	1035	1037	1038	1039	1040	1041	1042	1043	1044	1045	1047	1048	1049	1050	1051	1052	1053	1054	1055	1056	1057	1058	1059	1060	1061	1062	1063	1064	1065	1066	1067	1068	1069	1070	1071	1073	1074	1075	1076	1077	1078	1079	1080	1081	1082	1083	1084	1085	1086	1087	1088	1089	1090	
51	51	35	1006	1012	1014	1015	1017	1018	1023	1026	1028	1035	1042	1043	1044	1045	1050	1052	1053	1056	1058	1059	1060	1061	1063	1064	1067	1068	1069	1073	1074	1076	1079	1080	1084	1086	1090	
52	52	25	1002	1004	1007	1009	1013	1016	1018	1026	1028	1030	1037	1041	1044	1047	1049	1059	1061	1063	1068	1074	1077	1083	1084	1087	1089	
53	53	37	1001	1003	1004	1007	1008	1011	1012	1013	1014	1015	1016	1021	1024	1026	1029	1032	1033	1036	1039	1041	1044	1047	1049	1050	1052	1054	1055	1062	1063	1064	1069	1071	1072	1075	1079	1081	1082	
54	54	63	1001	1003	1004	1005	1006	1007	1008	1010	1011	1012	1014	1015	1017	1018	1019	1020	1021	1022	1023	1024	1025	1026	1027	1028	1029	1031	1034	1035	1036	1037	1038	1041	1042	1044	1046	1047	1048	1049	1050	1054	1057	1058	1059	1060	1061	1063	1067	1068	1069	1070	1071	1072	1073	1074	1075	1076	1078	1080	1085	1086	1088	1089	1090	
55	55	46	1001	1005	1006	1008	1014	1015	1017	1018	1021	1023	1024	1026	1027	1028	1029	1030	1031	1033	1034	1035	1036	1037	1040	1042	1044	1045	1046	1048	1049	1050	1052	1053	1060	1064	1070	1071	1072	1073	1075	1077	1080	1081	1083	1087	1089	1090	
56	56	31	1004	1005	1012	1013	1014	1018	1020	1022	1024	1026	1028	1035	1038	1042	1044	1051	1052	1053	1055	1061	1064	1065	1067	1068	1070	1072	1074	1078	1080	1083	1085	
57	57	61	1001	1003	1004	1007	1011	1012	1013	1014	1015	1016	1018	1019	1020	1022	1023	1025	1028	1029	1030	1031	1032	1033	1034	1040	1041	1042	1043	1044	1046	1047	1048	1049	1050	1051	1052	1054	1055	1056	1057	1058	1061	1062	1063	1064	1065	1069	1070	1071	1072	1073	1075	1077	1079	1080	1082	1083	1084	1086	1087	1088	1090	
58	58	24	1005	1012	1014	1016	1020	1021	1024	1027	1031	1032	1044	1048	1052	1057	1058	1059	1064	1066	1068	1069	1070	1085	1087	1090	
59	59	39	1006	1008	1009	1010	1011	1013	1014	1020	1021	1022	1024	1025	1026	1027	1032	1033	1035	1036	1039	1040	1043	1044	1049	1050	1051	1053	1056	1057	1060	1061	1063	1065	1067	1068	1069	1076	1080	1081	1086	
60	60	24	1003	1008	1012	1014	1016	1021	1023	1026	1028	1032	1038	1039	1044	1045	1048	1049	1061	1063	1065	1067	1070	1075	1079	1090	
