30
1	1	23	1001	1002	1003	1004	1005	1006	1009	1011	1012	1013	1014	1015	1016	1018	1019	1020	1021	1022	1024	1026	1028	1029	1030	
2	2	27	1001	1003	1004	1005	1006	1007	1008	1010	1011	1012	1013	1014	1015	1017	1018	1019	1020	1021	1022	1023	1024	1025	1026	1027	1028	1029	1030	
3	3	29	1001	1002	1003	1004	1005	1007	1008	1009	1010	1011	1012	1013	1014	1015	1016	1017	1018	1019	1020	1021	1022	1023	1024	1025	1026	1027	1028	1029	1030	
4	4	25	1001	1002	1003	1004	1006	1008	1010	1011	1012	1013	1014	1015	1016	1017	1018	1019	1020	1021	1022	1023	1024	1025	1026	1027	1030	
5	5	26	1001	1002	1003	1004	1005	1006	1007	1008	1009	1010	1011	1012	1014	1015	1016	1018	1020	1021	1022	1024	1025	1026	1027	1028	1029	1030	
6	6	14	1003	1005	1006	1009	1010	1011	1012	1014	1016	1017	1021	1022	1023	1024	
7	7	14	1004	1006	1007	1009	1011	1013	1014	1016	1018	1019	1021	1023	1024	1030	
8	8	19	1002	1003	1004	1005	1007	1008	1010	1012	1014	1016	1018	1019	1020	1022	1023	1025	1026	1028	1029	
9	9	19	1002	1004	1005	1006	1007	1008	1009	1011	1012	1014	1018	1019	1020	1021	1025	1026	1028	1029	1030	
10	10	12	1001	1002	1010	1012	1015	1016	1017	1019	1021	1025	1026	1027	
11	11	14	1001	1004	1006	1009	1012	1013	1014	1018	1019	1020	1021	1025	1026	1028	
12	12	27	1001	1002	1003	1004	1005	1006	1007	1008	1009	1010	1011	1013	1014	1016	1017	1018	1019	1020	1022	1023	1024	1025	1026	1027	1028	1029	1030	
13	13	26	1001	1002	1005	1006	1007	1008	1009	1010	1011	1012	1013	1014	1015	1016	1017	1018	1019	1020	1021	1022	1023	1024	1025	1026	1027	1028	
14	14	10	1005	1006	1010	1011	1014	1015	1020	1023	1027	1030	
15	15	23	1001	1002	1003	1004	1005	1006	1007	1008	1009	1010	1011	1012	1014	1016	1017	1018	1020	1022	1023	1025	1026	1028	1030	
16	16	15	1001	1005	1006	1007	1009	1010	1011	1012	1013	1015	1019	1021	1024	1028	1029	
17	17	11	1004	1005	1010	1011	1013	1015	1018	1022	1023	1026	1029	
18	18	22	1001	1002	1003	1007	1008	1009	1010	1011	1013	1014	1017	1018	1020	1021	1022	1023	1024	1025	1027	1028	1029	1030	
19	19	20	1001	1003	1004	1005	1006	1008	1009	1013	1015	1019	1020	1021	1022	1023	1024	1025	1026	1027	1028	1029	
20	20	20	1001	1004	1005	1006	1007	1009	1010	1012	1014	1015	1017	1019	1020	1021	1022	1024	1025	1027	1029	1030	
21	21	7	1010	1012	1013	1015	1017	1023	1024	
22	22	14	1002	1004	1005	1006	1008	1009	1013	1016	1017	1024	1026	1027	1029	1030	
23	23	28	1001	1002	1003	1006	1007	1008	1009	1010	1011	1012	1013	1014	1015	1016	1017	1018	1019	1020	1021	1022	1023	1024	1025	1026	1027	1028	1029	1030	
24	24	30	1001	1002	1003	1004	1005	1006	1007	1008	1009	1010	1011	1012	1013	1014	1015	1016	1017	1018	1019	1020	1021	1022	1023	1024	1025	1026	1027	1028	1029	1030	
25	25	22	1003	1005	1006	1007	1008	1009	1011	1013	1015	1016	1017	1018	1019	1020	1021	1022	1023	1025	1026	1028	1029	1030	
26	26	29	1001	1002	1003	1004	1005	1006	1007	1009	1010	1011	1012	1013	1014	1015	1016	1017	1018	1019	1020	1021	1022	1023	1024	1025	1026	1027	1028	1029	1030	
27	27	7	1002	1003	1008	1010	1015	1022	1023	
28	28	16	1001	1002	1003	1005	1006	1008	1011	1012	1018	1020	1022	1024	1025	1027	1028	1030	
29	29	11	1001	1002	1004	1006	1010	1022	1023	1024	1026	1027	1029	
30	30	18	1001	1003	1006	1008	1010	1011	1014	1016	1019	1020	1022	1023	1024	1025	1027	1028	1029	1030	
