30
1	1	26	1001	1003	1004	1014	1019	1023	1024	1026	1027	1034	1035	1036	1037	1040	1041	1045	1046	1048	1049	1050	1051	1053	1055	1056	1058	1060	
2	2	41	1002	1003	1004	1005	1007	1009	1014	1015	1017	1019	1020	1021	1022	1023	1024	1029	1030	1031	1032	1033	1034	1035	1036	1037	1039	1040	1041	1042	1043	1044	1046	1047	1048	1049	1050	1052	1054	1056	1057	1058	1060	
3	3	57	1002	1003	1004	1005	1006	1007	1008	1009	1010	1011	1012	1013	1014	1015	1016	1017	1018	1019	1020	1021	1022	1023	1024	1025	1026	1027	1028	1030	1031	1032	1033	1034	1035	1036	1037	1039	1040	1041	1042	1043	1044	1045	1046	1047	1048	1049	1050	1051	1052	1053	1054	1055	1056	1057	1058	1059	1060	
4	4	42	1002	1003	1004	1005	1006	1007	1008	1010	1012	1013	1014	1016	1017	1018	1019	1021	1022	1023	1025	1027	1028	1029	1030	1032	1033	1034	1036	1038	1042	1044	1045	1046	1047	1048	1049	1050	1051	1052	1054	1057	1059	1060	
5	5	19	1005	1006	1007	1011	1014	1017	1019	1020	1025	1029	1033	1034	1035	1037	1047	1048	1049	1056	1058	
6	6	25	1003	1004	1011	1012	1013	1017	1023	1024	1030	1031	1033	1034	1035	1037	1038	1040	1041	1043	1044	1047	1052	1053	1057	1058	1059	
7	7	58	1002	1003	1004	1005	1006	1007	1008	1009	1010	1011	1012	1013	1014	1015	1016	1017	1018	1019	1020	1021	1022	1023	1024	1025	1026	1027	1028	1029	1030	1031	1032	1033	1034	1035	1036	1037	1038	1039	1040	1041	1042	1043	1044	1045	1046	1047	1048	1049	1050	1051	1052	1053	1054	1056	1057	1058	1059	1060	
8	8	14	1001	1006	1009	1013	1016	1017	1019	1029	1030	1031	1033	1047	1050	1059	
9	9	14	1002	1007	1009	1017	1020	1021	1023	1025	1036	1039	1040	1043	1044	1060	
10	10	28	1001	1002	1003	1005	1006	1009	1010	1012	1013	1014	1015	1016	1019	1024	1028	1035	1036	1039	1041	1043	1044	1046	1047	1048	1051	1053	1059	1060	
11	11	13	1001	1002	1010	1012	1015	1031	1035	1037	1042	1043	1045	1053	1060	
12	12	56	1001	1002	1003	1004	1005	1007	1008	1009	1010	1011	1012	1013	1014	1015	1016	1017	1018	1019	1020	1021	1022	1023	1024	1025	1026	1027	1028	1029	1030	1031	1033	1035	1036	1037	1038	1039	1040	1041	1042	1043	1044	1045	1046	1047	1049	1050	1051	1052	1053	1054	1055	1056	1057	1058	1059	1060	
13	13	40	1002	1004	1005	1006	1008	1009	1010	1013	1015	1016	1017	1020	1021	1025	1026	1027	1031	1032	1033	1034	1035	1036	1037	1038	1039	1040	1041	1044	1047	1048	1049	1051	1052	1053	1054	1055	1056	1057	1058	1059	
14	14	52	1001	1002	1003	1004	1005	1007	1008	1010	1011	1012	1013	1014	1015	1016	1017	1018	1019	1022	1023	1024	1025	1026	1027	1029	1030	1031	1032	1033	1034	1035	1036	1037	1038	1039	1040	1041	1042	1043	1044	1046	1047	1049	1050	1051	1052	1053	1054	1056	1057	1058	1059	1060	
15	15	30	1001	1004	1005	1006	1007	1008	1009	1012	1013	1014	1018	1019	1021	1022	1027	1028	1030	1031	1032	1033	1036	1043	1045	1046	1049	1052	1054	1056	1057	1058	
16	16	38	1002	1003	1004	1005	1008	1009	1011	1012	1013	1014	1015	1018	1020	1021	1022	1023	1024	1029	1031	1034	1036	1037	1039	1040	1041	1042	1043	1044	1045	1046	1048	1049	1050	1052	1054	1055	1056	1058	
17	17	40	1001	1002	1004	1006	1007	1009	1010	1011	1012	1014	1016	1018	1019	1020	1021	1023	1024	1025	1026	1028	1029	1032	1033	1034	1035	1040	1041	1043	1044	1046	1047	1048	1050	1051	1053	1055	1056	1057	1058	1060	
18	18	22	1002	1003	1004	1005	1009	1010	1011	1013	1019	1026	1027	1028	1029	1030	1033	1036	1047	1050	1051	1054	1055	1056	
19	19	35	1004	1005	1006	1008	1010	1011	1012	1013	1014	1016	1017	1018	1019	1020	1022	1023	1024	1025	1026	1027	1028	1029	1031	1033	1034	1036	1037	1039	1043	1045	1047	1050	1053	1054	1060	
20	20	22	1001	1003	1006	1010	1014	1019	1028	1031	1033	1034	1037	1038	1040	1043	1044	1047	1048	1052	1053	1055	1057	1059	
21	21	42	1002	1004	1007	1008	1009	1012	1013	1014	1015	1016	1019	1020	1021	1022	1023	1024	1025	1026	1027	1029	1030	1031	1033	1034	1037	1039	1040	1041	1042	1043	1044	1046	1047	1049	1050	1052	1053	1054	1056	1057	1058	1060	
22	22	28	1002	1003	1007	1008	1011	1012	1016	1018	1019	1020	1021	1024	1027	1028	1029	1031	1035	1036	1037	1039	1042	1045	1046	1047	1048	1054	1055	1058	
23	23	38	1001	1002	1003	1004	1005	1006	1007	1009	1012	1015	1018	1020	1021	1023	1025	1026	1028	1029	1030	1032	1034	1036	1037	1038	1039	1040	1041	1043	1044	1045	1047	1049	1051	1052	1053	1056	1057	1059	
24	24	58	1001	1002	1003	1004	1005	1006	1007	1008	1009	1010	1011	1012	1013	1014	1015	1016	1017	1018	1019	1020	1021	1022	1023	1024	1025	1026	1027	1028	1029	1030	1031	1032	1033	1034	1036	1037	1038	1039	1040	1041	1042	1043	1044	1045	1046	1047	1048	1049	1050	1051	1052	1053	1054	1055	1056	1057	1059	1060	
25	25	45	1001	1003	1007	1009	1011	1012	1014	1015	1016	1018	1019	1020	1022	1024	1025	1026	1027	1028	1030	1032	1033	1034	1035	1036	1037	1038	1039	1040	1041	1042	1044	1045	1046	1047	1049	1050	1051	1052	1053	1054	1055	1056	1058	1059	1060	
26	26	29	1001	1002	1003	1006	1013	1014	1017	1022	1023	1024	1026	1030	1031	1032	1033	1034	1041	1042	1044	1045	1047	1049	1050	1051	1053	1056	1058	1059	1060	
27	27	35	1001	1002	1003	1004	1006	1007	1008	1010	1011	1013	1014	1018	1019	1020	1022	1023	1025	1026	1027	1029	1032	1033	1036	1037	1041	1042	1043	1045	1046	1048	1050	1051	1053	1057	1060	
28	28	29	1001	1002	1003	1005	1009	1011	1013	1014	1015	1017	1020	1021	1022	1023	1029	1031	1032	1039	1042	1045	1046	1047	1048	1049	1051	1052	1054	1059	1060	
29	29	18	1003	1004	1005	1006	1007	1008	1010	1024	1026	1031	1037	1040	1041	1042	1043	1050	1054	1056	
30	30	57	1001	1002	1003	1004	1005	1007	1008	1009	1011	1012	1013	1014	1015	1016	1017	1018	1019	1020	1021	1022	1023	1024	1025	1026	1027	1028	1029	1030	1031	1032	1033	1034	1035	1036	1037	1038	1039	1040	1041	1042	1043	1044	1045	1047	1048	1049	1050	1051	1052	1053	1054	1055	1056	1057	1058	1059	1060	
