90
1	1	26	1001	1002	1003	1005	1006	1007	1008	1009	1010	1011	1012	1013	1014	1015	1016	1018	1019	1020	1021	1022	1024	1025	1026	1027	1028	1029	
2	2	9	1001	1005	1007	1014	1017	1019	1020	1025	1030	
3	3	29	1001	1002	1003	1004	1005	1006	1007	1008	1009	1010	1011	1012	1013	1014	1015	1016	1017	1018	1019	1020	1021	1022	1023	1024	1025	1026	1028	1029	1030	
4	4	16	1001	1005	1006	1008	1009	1010	1011	1012	1013	1017	1018	1021	1023	1024	1029	1030	
5	5	7	1006	1008	1013	1015	1022	1024	1029	
6	6	14	1001	1003	1006	1007	1009	1011	1012	1013	1017	1021	1022	1023	1024	1026	
7	7	15	1002	1008	1009	1012	1016	1018	1020	1022	1023	1024	1025	1026	1027	1029	1030	
8	8	28	1001	1002	1003	1004	1005	1006	1007	1009	1010	1011	1012	1013	1014	1015	1016	1017	1018	1019	1020	1021	1022	1023	1024	1025	1026	1027	1029	1030	
9	9	16	1001	1002	1005	1008	1009	1010	1012	1014	1015	1016	1017	1019	1023	1024	1028	1030	
10	10	13	1001	1003	1006	1007	1009	1012	1016	1017	1019	1020	1021	1026	1027	
11	11	16	1001	1002	1005	1007	1011	1012	1014	1018	1019	1020	1021	1024	1025	1027	1028	1030	
12	12	19	1003	1008	1009	1010	1011	1013	1014	1015	1017	1019	1020	1021	1022	1024	1025	1026	1028	1029	1030	
13	13	24	1001	1002	1003	1004	1005	1006	1007	1008	1009	1010	1011	1012	1013	1017	1018	1019	1020	1021	1022	1024	1025	1027	1028	1029	
14	14	7	1002	1006	1011	1014	1019	1023	1027	
15	15	22	1001	1003	1004	1005	1006	1008	1009	1010	1011	1012	1013	1018	1019	1020	1022	1024	1025	1026	1027	1028	1029	1030	
16	16	14	1001	1002	1004	1005	1009	1014	1015	1016	1017	1018	1022	1026	1027	1030	
17	17	30	1001	1002	1003	1004	1005	1006	1007	1008	1009	1010	1011	1012	1013	1014	1015	1016	1017	1018	1019	1020	1021	1022	1023	1024	1025	1026	1027	1028	1029	1030	
18	18	11	1001	1002	1003	1004	1012	1013	1017	1023	1026	1028	1030	
19	19	20	1002	1003	1006	1008	1009	1010	1013	1014	1015	1016	1017	1018	1020	1021	1022	1024	1025	1026	1029	1030	
20	20	14	1001	1003	1005	1006	1008	1009	1013	1014	1018	1020	1021	1024	1026	1028	
21	21	22	1003	1004	1009	1010	1012	1014	1015	1016	1017	1018	1019	1020	1021	1022	1023	1024	1025	1026	1027	1028	1029	1030	
22	22	19	1001	1002	1003	1006	1007	1009	1011	1012	1014	1015	1016	1017	1018	1020	1021	1022	1027	1028	1030	
23	23	12	1001	1004	1007	1015	1016	1018	1019	1021	1022	1024	1025	1029	
24	24	23	1001	1002	1003	1004	1005	1006	1007	1008	1009	1011	1013	1014	1015	1016	1018	1019	1020	1021	1022	1023	1025	1026	1030	
25	25	13	1001	1002	1003	1007	1009	1011	1012	1014	1015	1018	1023	1026	1030	
26	26	16	1003	1004	1005	1006	1008	1013	1017	1018	1019	1020	1021	1022	1025	1027	1029	1030	
27	27	15	1001	1004	1006	1007	1008	1012	1013	1014	1015	1018	1019	1020	1026	1027	1030	
28	28	25	1001	1002	1003	1004	1005	1006	1009	1010	1011	1012	1013	1014	1015	1016	1017	1019	1020	1022	1024	1025	1026	1027	1028	1029	1030	
29	29	24	1001	1002	1003	1004	1007	1008	1010	1012	1013	1015	1016	1017	1018	1019	1020	1021	1022	1023	1024	1025	1027	1028	1029	1030	
30	30	23	1001	1004	1005	1007	1009	1011	1012	1013	1014	1015	1016	1017	1018	1019	1021	1022	1023	1024	1025	1027	1028	1029	1030	
31	31	20	1001	1002	1004	1005	1006	1007	1008	1012	1013	1014	1015	1016	1018	1020	1021	1022	1023	1024	1025	1026	
32	32	24	1001	1002	1003	1005	1006	1007	1008	1009	1011	1012	1014	1015	1016	1017	1018	1019	1020	1021	1023	1025	1027	1028	1029	1030	
33	33	29	1001	1003	1004	1005	1006	1007	1008	1009	1010	1011	1012	1013	1014	1015	1016	1017	1018	1019	1020	1021	1022	1023	1024	1025	1026	1027	1028	1029	1030	
34	34	30	1001	1002	1003	1004	1005	1006	1007	1008	1009	1010	1011	1012	1013	1014	1015	1016	1017	1018	1019	1020	1021	1022	1023	1024	1025	1026	1027	1028	1029	1030	
35	35	27	1001	1002	1004	1005	1006	1007	1008	1009	1010	1011	1012	1013	1015	1016	1017	1018	1019	1020	1021	1022	1023	1024	1025	1026	1027	1029	1030	
36	36	19	1002	1003	1005	1006	1007	1008	1010	1011	1016	1019	1020	1021	1022	1023	1024	1025	1026	1027	1029	
37	37	13	1001	1002	1005	1006	1008	1011	1014	1019	1024	1025	1027	1028	1030	
38	38	8	1003	1005	1007	1010	1011	1013	1015	1020	
39	39	24	1001	1002	1004	1005	1007	1009	1010	1011	1012	1016	1017	1018	1019	1020	1021	1022	1023	1024	1025	1026	1027	1028	1029	1030	
40	40	20	1002	1003	1004	1005	1007	1008	1009	1010	1013	1014	1015	1017	1021	1023	1024	1025	1027	1028	1029	1030	
41	41	11	1003	1011	1013	1015	1018	1022	1024	1025	1026	1029	1030	
42	42	28	1001	1002	1003	1004	1005	1006	1007	1008	1009	1010	1011	1012	1013	1014	1016	1017	1019	1020	1021	1022	1023	1024	1025	1026	1027	1028	1029	1030	
43	43	30	1001	1002	1003	1004	1005	1006	1007	1008	1009	1010	1011	1012	1013	1014	1015	1016	1017	1018	1019	1020	1021	1022	1023	1024	1025	1026	1027	1028	1029	1030	
44	44	28	1002	1003	1004	1005	1006	1007	1008	1009	1010	1011	1012	1013	1014	1015	1016	1017	1018	1019	1020	1021	1022	1023	1025	1026	1027	1028	1029	1030	
45	45	18	1002	1005	1006	1007	1011	1012	1013	1014	1015	1016	1017	1019	1022	1023	1026	1027	1028	1029	
46	46	24	1002	1003	1005	1006	1008	1009	1010	1011	1012	1013	1014	1015	1016	1017	1018	1019	1020	1022	1023	1025	1026	1027	1028	1030	
47	47	23	1002	1004	1006	1008	1009	1010	1011	1012	1013	1014	1015	1016	1017	1020	1021	1022	1023	1024	1025	1026	1027	1028	1030	
48	48	30	1001	1002	1003	1004	1005	1006	1007	1008	1009	1010	1011	1012	1013	1014	1015	1016	1017	1018	1019	1020	1021	1022	1023	1024	1025	1026	1027	1028	1029	1030	
49	49	21	1006	1007	1010	1011	1012	1014	1015	1016	1017	1019	1020	1021	1022	1023	1024	1025	1026	1027	1028	1029	1030	
50	50	19	1001	1003	1004	1008	1009	1010	1011	1012	1014	1017	1018	1019	1020	1024	1025	1026	1027	1029	1030	
51	51	19	1001	1003	1004	1005	1006	1007	1009	1010	1013	1014	1015	1016	1017	1019	1021	1024	1025	1027	1030	
52	52	27	1001	1002	1003	1004	1005	1006	1007	1008	1009	1010	1011	1012	1013	1014	1015	1017	1018	1019	1020	1021	1022	1023	1024	1025	1026	1027	1028	
53	53	13	1004	1006	1008	1010	1012	1014	1015	1017	1018	1019	1022	1025	1027	
54	54	19	1003	1004	1005	1006	1007	1008	1009	1011	1012	1013	1014	1016	1017	1019	1020	1022	1024	1026	1027	
55	55	29	1001	1002	1003	1004	1005	1006	1007	1008	1009	1010	1011	1012	1013	1014	1015	1016	1017	1018	1019	1020	1022	1023	1024	1025	1026	1027	1028	1029	1030	
56	56	22	1001	1002	1004	1005	1006	1007	1008	1010	1011	1012	1013	1014	1015	1016	1017	1018	1019	1020	1021	1022	1024	1030	
57	57	27	1001	1002	1004	1005	1006	1007	1009	1011	1012	1013	1014	1015	1016	1017	1018	1019	1020	1021	1022	1023	1024	1025	1026	1027	1028	1029	1030	
58	58	21	1003	1004	1005	1006	1007	1009	1010	1011	1012	1014	1015	1017	1018	1021	1022	1023	1026	1027	1028	1029	1030	
59	59	7	1002	1004	1005	1012	1016	1020	1026	
60	60	29	1001	1002	1003	1004	1005	1006	1007	1008	1009	1010	1011	1012	1013	1014	1015	1016	1017	1018	1019	1020	1021	1022	1023	1024	1025	1027	1028	1029	1030	
61	61	26	1001	1002	1003	1004	1005	1007	1008	1009	1011	1012	1013	1014	1015	1016	1017	1018	1019	1020	1023	1024	1025	1026	1027	1028	1029	1030	
62	62	19	1003	1005	1007	1008	1010	1011	1012	1015	1017	1018	1019	1021	1022	1023	1024	1026	1027	1028	1030	
63	63	8	1002	1003	1006	1007	1012	1014	1016	1025	
64	64	12	1002	1003	1004	1006	1008	1011	1015	1017	1018	1020	1025	1028	
65	65	21	1001	1002	1003	1004	1005	1008	1009	1010	1011	1012	1013	1014	1015	1016	1017	1019	1020	1021	1022	1023	1027	
66	66	24	1001	1004	1006	1007	1008	1009	1010	1011	1012	1013	1015	1016	1017	1018	1019	1020	1021	1022	1023	1025	1026	1027	1029	1030	
67	67	29	1002	1003	1004	1005	1006	1007	1008	1009	1010	1011	1012	1013	1014	1015	1016	1017	1018	1019	1020	1021	1022	1023	1024	1025	1026	1027	1028	1029	1030	
68	68	29	1001	1002	1003	1004	1005	1006	1007	1008	1009	1010	1011	1012	1013	1014	1015	1016	1017	1018	1019	1020	1022	1023	1024	1025	1026	1027	1028	1029	1030	
69	69	15	1003	1004	1007	1008	1009	1010	1015	1017	1018	1020	1023	1026	1027	1029	1030	
70	70	21	1003	1004	1005	1006	1007	1008	1009	1010	1012	1013	1015	1017	1018	1019	1020	1021	1022	1023	1024	1027	1029	
71	71	11	1002	1003	1004	1006	1016	1017	1019	1020	1021	1022	1028	
72	72	16	1002	1003	1004	1005	1006	1008	1013	1016	1018	1019	1020	1025	1026	1027	1029	1030	
73	73	11	1002	1003	1005	1014	1018	1021	1023	1024	1028	1029	1030	
74	74	7	1002	1006	1019	1020	1021	1023	1027	
75	75	27	1001	1002	1003	1004	1006	1008	1009	1010	1011	1013	1014	1015	1016	1017	1018	1019	1020	1021	1022	1023	1024	1025	1026	1027	1028	1029	1030	
76	76	26	1001	1002	1003	1004	1005	1006	1007	1008	1009	1010	1012	1013	1014	1015	1016	1017	1019	1020	1021	1022	1023	1024	1025	1027	1028	1030	
77	77	18	1001	1003	1005	1007	1012	1015	1017	1018	1019	1021	1022	1023	1024	1025	1026	1027	1028	1030	
78	78	10	1002	1005	1007	1009	1012	1013	1015	1025	1027	1030	
79	79	16	1004	1006	1010	1012	1013	1017	1018	1019	1021	1022	1023	1024	1025	1026	1029	1030	
80	80	18	1002	1003	1004	1005	1006	1009	1011	1012	1014	1015	1018	1020	1022	1023	1024	1027	1028	1029	
81	81	26	1001	1002	1003	1004	1005	1006	1008	1009	1010	1011	1012	1013	1014	1015	1016	1017	1019	1021	1022	1023	1025	1026	1027	1028	1029	1030	
82	82	13	1001	1002	1006	1007	1010	1017	1018	1021	1022	1023	1024	1026	1028	
83	83	19	1002	1004	1005	1006	1007	1008	1009	1011	1013	1014	1015	1016	1017	1018	1019	1020	1022	1023	1026	
84	84	28	1001	1002	1003	1004	1005	1006	1007	1009	1010	1011	1012	1013	1014	1015	1016	1017	1018	1019	1020	1021	1022	1023	1024	1025	1026	1027	1029	1030	
85	85	11	1002	1009	1015	1017	1018	1021	1022	1025	1026	1028	1029	
86	86	17	1001	1003	1007	1008	1009	1011	1012	1013	1014	1015	1016	1020	1021	1023	1024	1027	1029	
87	87	21	1001	1002	1003	1004	1006	1007	1008	1009	1010	1012	1013	1015	1017	1018	1019	1022	1023	1024	1025	1028	1029	
88	88	8	1004	1007	1012	1014	1015	1018	1019	1025	
89	89	30	1001	1002	1003	1004	1005	1006	1007	1008	1009	1010	1011	1012	1013	1014	1015	1016	1017	1018	1019	1020	1021	1022	1023	1024	1025	1026	1027	1028	1029	1030	
90	90	28	1002	1003	1004	1005	1006	1007	1009	1010	1011	1012	1013	1014	1015	1016	1017	1018	1019	1020	1021	1022	1023	1024	1025	1026	1027	1028	1029	1030	
