120
1	1	127	1001	1005	1007	1008	1016	1017	1018	1021	1022	1024	1025	1026	1028	1030	1031	1037	1039	1040	1041	1043	1045	1049	1050	1051	1057	1059	1065	1066	1067	1069	1071	1072	1074	1075	1076	1078	1082	1083	1088	1089	1090	1091	1094	1096	1098	1099	1101	1103	1104	1107	1110	1111	1112	1114	1115	1117	1118	1121	1124	1125	1126	1129	1131	1132	1133	1134	1135	1138	1140	1141	1142	1143	1144	1145	1147	1148	1149	1150	1151	1152	1153	1156	1157	1158	1160	1163	1166	1168	1170	1171	1173	1174	1176	1177	1178	1179	1181	1182	1185	1188	1189	1192	1193	1194	1195	1196	1197	1199	1200	1201	1202	1205	1207	1208	1210	1211	1212	1215	1216	1218	1224	1226	1227	1228	1233	1234	1235	
2	2	82	1001	1004	1007	1009	1010	1011	1013	1021	1023	1025	1028	1029	1031	1032	1035	1038	1041	1045	1047	1048	1050	1055	1063	1065	1066	1069	1074	1079	1083	1085	1088	1091	1100	1101	1103	1107	1118	1129	1130	1134	1135	1137	1139	1141	1142	1144	1146	1148	1149	1153	1155	1157	1159	1160	1161	1165	1166	1168	1174	1176	1180	1181	1184	1185	1192	1197	1198	1199	1205	1206	1209	1211	1216	1218	1219	1222	1225	1226	1232	1233	1234	1238	
3	3	109	1003	1004	1005	1007	1012	1016	1020	1024	1030	1033	1036	1037	1039	1041	1042	1044	1048	1051	1053	1056	1057	1058	1060	1062	1063	1064	1066	1067	1069	1070	1072	1075	1078	1082	1083	1090	1093	1097	1099	1100	1101	1102	1105	1107	1111	1112	1113	1114	1115	1119	1122	1123	1125	1126	1130	1132	1133	1135	1136	1140	1141	1143	1144	1148	1156	1158	1160	1161	1163	1164	1166	1167	1169	1171	1173	1174	1178	1179	1181	1182	1183	1185	1187	1188	1190	1191	1194	1196	1201	1202	1205	1207	1209	1210	1211	1214	1217	1219	1220	1221	1224	1227	1228	1230	1233	1235	1236	1239	1240	
4	4	213	1001	1002	1003	1004	1005	1008	1009	1010	1011	1012	1014	1015	1016	1017	1018	1019	1020	1021	1022	1023	1024	1025	1026	1028	1029	1030	1031	1032	1034	1035	1036	1037	1038	1039	1040	1041	1043	1044	1045	1047	1048	1049	1050	1051	1052	1054	1056	1057	1058	1059	1060	1061	1062	1063	1064	1065	1066	1067	1068	1069	1070	1071	1072	1073	1075	1076	1077	1078	1079	1080	1082	1083	1084	1085	1086	1088	1089	1090	1091	1092	1093	1094	1095	1096	1098	1100	1101	1102	1103	1104	1105	1106	1108	1109	1110	1111	1112	1113	1114	1115	1116	1117	1118	1119	1121	1122	1126	1127	1128	1129	1130	1131	1132	1133	1134	1135	1136	1137	1138	1139	1140	1141	1142	1143	1144	1146	1147	1148	1149	1150	1151	1152	1153	1154	1155	1156	1157	1158	1159	1160	1161	1162	1163	1164	1165	1166	1168	1170	1171	1172	1173	1175	1176	1177	1178	1179	1180	1181	1182	1184	1185	1187	1188	1189	1190	1191	1192	1193	1194	1196	1197	1198	1199	1200	1201	1202	1203	1204	1205	1206	1207	1208	1209	1210	1211	1212	1213	1214	1215	1216	1217	1218	1219	1220	1221	1222	1223	1225	1226	1227	1228	1229	1230	1231	1232	1233	1234	1235	1236	1237	1238	1239	1240	
5	5	67	1002	1003	1014	1016	1019	1021	1039	1040	1041	1045	1048	1051	1052	1055	1057	1062	1064	1065	1068	1069	1081	1088	1095	1096	1098	1099	1100	1103	1109	1110	1113	1116	1117	1118	1123	1124	1125	1132	1134	1137	1143	1150	1156	1160	1167	1171	1172	1173	1182	1185	1187	1188	1198	1200	1202	1204	1205	1208	1209	1210	1211	1218	1219	1227	1235	1236	1237	
6	6	50	1004	1009	1014	1018	1020	1029	1031	1035	1036	1038	1042	1043	1045	1046	1047	1050	1059	1061	1063	1068	1076	1078	1079	1081	1088	1098	1099	1115	1120	1126	1129	1137	1139	1142	1153	1155	1158	1160	1165	1170	1178	1194	1203	1205	1210	1211	1221	1226	1237	1239	
7	7	205	1001	1002	1003	1004	1006	1007	1009	1010	1011	1012	1014	1016	1017	1018	1019	1020	1021	1022	1023	1024	1025	1026	1027	1029	1030	1031	1032	1033	1034	1037	1039	1040	1042	1043	1045	1046	1047	1048	1049	1050	1051	1052	1053	1054	1055	1057	1058	1059	1060	1061	1062	1063	1064	1065	1066	1067	1068	1069	1070	1071	1073	1074	1075	1076	1077	1078	1079	1080	1081	1082	1083	1084	1085	1087	1088	1089	1090	1091	1092	1093	1094	1095	1097	1098	1099	1101	1102	1104	1105	1106	1107	1108	1109	1111	1112	1114	1115	1117	1118	1119	1120	1121	1122	1123	1124	1125	1126	1128	1129	1131	1132	1133	1134	1135	1137	1138	1139	1141	1142	1144	1145	1147	1148	1149	1150	1151	1152	1153	1154	1155	1156	1157	1158	1159	1160	1161	1162	1163	1164	1165	1166	1168	1169	1171	1172	1173	1174	1175	1176	1177	1178	1179	1180	1181	1182	1185	1186	1187	1188	1190	1191	1192	1193	1194	1195	1196	1197	1198	1199	1200	1201	1202	1203	1204	1205	1207	1209	1210	1211	1212	1213	1214	1216	1217	1218	1219	1220	1221	1222	1223	1224	1225	1226	1227	1229	1230	1231	1232	1233	1234	1236	1237	1238	1239	1240	
8	8	113	1001	1003	1005	1007	1008	1009	1013	1016	1018	1019	1020	1022	1029	1032	1035	1036	1039	1042	1043	1044	1046	1047	1048	1050	1052	1055	1059	1060	1062	1063	1064	1065	1066	1067	1068	1070	1075	1078	1082	1083	1085	1088	1091	1092	1093	1095	1097	1098	1099	1102	1104	1106	1107	1108	1112	1114	1115	1116	1117	1120	1121	1122	1126	1127	1129	1134	1135	1137	1138	1139	1140	1141	1143	1146	1147	1152	1155	1159	1160	1161	1163	1164	1166	1170	1171	1176	1177	1178	1181	1183	1186	1187	1195	1196	1198	1200	1203	1205	1207	1208	1211	1217	1218	1219	1220	1228	1229	1231	1233	1234	1235	1236	1237	
9	9	115	1002	1008	1011	1015	1016	1018	1019	1022	1026	1027	1030	1031	1035	1038	1041	1044	1045	1049	1050	1051	1052	1053	1055	1056	1061	1062	1065	1067	1069	1070	1072	1073	1074	1075	1077	1080	1081	1083	1088	1089	1090	1091	1092	1093	1094	1095	1098	1100	1104	1106	1107	1109	1110	1113	1114	1115	1118	1119	1120	1124	1126	1135	1137	1138	1139	1141	1142	1143	1152	1158	1159	1160	1161	1163	1164	1165	1168	1169	1175	1176	1177	1178	1180	1184	1185	1188	1189	1190	1191	1193	1194	1195	1196	1197	1198	1199	1200	1201	1202	1203	1209	1212	1216	1218	1220	1221	1223	1224	1225	1227	1229	1232	1234	1236	1240	
10	10	91	1002	1003	1004	1005	1016	1017	1019	1024	1025	1031	1035	1036	1039	1043	1044	1046	1047	1048	1051	1053	1055	1056	1057	1059	1061	1064	1067	1077	1078	1080	1084	1089	1096	1097	1100	1103	1104	1105	1110	1112	1113	1114	1115	1116	1120	1123	1124	1125	1127	1134	1137	1138	1139	1140	1141	1142	1143	1144	1150	1153	1154	1156	1157	1159	1161	1165	1166	1167	1172	1175	1177	1178	1180	1181	1182	1186	1188	1195	1196	1200	1206	1207	1208	1214	1217	1220	1226	1232	1234	1235	1238	
11	11	177	1003	1004	1005	1006	1007	1008	1010	1011	1013	1014	1016	1018	1019	1020	1022	1023	1024	1025	1027	1028	1029	1031	1032	1035	1036	1037	1040	1041	1042	1043	1044	1046	1048	1049	1050	1052	1053	1055	1056	1057	1058	1059	1060	1061	1062	1064	1065	1066	1067	1068	1069	1070	1072	1074	1075	1076	1077	1078	1079	1080	1081	1082	1084	1086	1088	1089	1090	1091	1092	1093	1094	1095	1096	1097	1098	1099	1101	1102	1103	1105	1107	1108	1109	1110	1111	1114	1115	1116	1118	1119	1120	1121	1122	1124	1125	1126	1127	1129	1130	1131	1132	1133	1134	1139	1140	1141	1142	1144	1145	1148	1151	1152	1155	1156	1158	1160	1161	1163	1164	1165	1166	1168	1169	1170	1172	1173	1174	1175	1176	1177	1178	1180	1181	1182	1183	1184	1185	1187	1190	1191	1192	1196	1197	1198	1199	1200	1202	1203	1204	1206	1207	1208	1210	1211	1213	1214	1215	1216	1218	1219	1220	1221	1222	1223	1224	1225	1226	1228	1231	1232	1234	1235	1236	1237	1238	1239	1240	
12	12	196	1001	1002	1003	1004	1005	1006	1007	1008	1010	1011	1012	1013	1014	1015	1016	1017	1018	1019	1021	1022	1023	1024	1025	1026	1027	1029	1031	1032	1033	1034	1035	1036	1037	1038	1039	1040	1041	1043	1045	1046	1047	1048	1049	1050	1051	1052	1054	1055	1056	1057	1058	1059	1060	1061	1062	1063	1064	1065	1067	1069	1070	1071	1072	1073	1075	1076	1077	1078	1080	1081	1082	1083	1084	1087	1088	1089	1090	1091	1092	1093	1094	1095	1096	1098	1099	1100	1102	1103	1104	1105	1108	1111	1112	1113	1114	1115	1116	1117	1118	1120	1122	1123	1124	1126	1127	1128	1129	1130	1131	1132	1133	1134	1135	1136	1138	1139	1140	1141	1143	1146	1148	1149	1150	1151	1153	1154	1155	1156	1157	1158	1159	1160	1161	1162	1163	1164	1165	1166	1167	1168	1169	1170	1171	1172	1173	1174	1175	1177	1178	1180	1181	1182	1183	1184	1185	1186	1188	1189	1190	1192	1193	1195	1196	1197	1198	1199	1200	1201	1202	1203	1204	1207	1208	1209	1210	1211	1212	1213	1214	1215	1216	1217	1218	1219	1220	1222	1223	1225	1226	1227	1228	1230	1231	1234	1235	1239	
13	13	100	1004	1005	1008	1010	1012	1014	1017	1018	1019	1020	1029	1032	1034	1036	1037	1038	1039	1047	1050	1054	1055	1057	1058	1060	1062	1066	1069	1070	1073	1074	1076	1078	1079	1082	1083	1091	1094	1097	1098	1099	1100	1103	1104	1105	1107	1112	1113	1114	1115	1118	1119	1121	1124	1126	1127	1129	1135	1147	1149	1151	1152	1158	1161	1165	1167	1169	1170	1174	1175	1176	1178	1181	1182	1184	1189	1190	1194	1196	1198	1199	1200	1202	1203	1207	1208	1210	1211	1212	1213	1214	1215	1220	1222	1226	1227	1229	1232	1233	1236	1237	
14	14	96	1001	1002	1004	1013	1016	1018	1019	1026	1027	1030	1034	1035	1036	1038	1052	1054	1055	1057	1060	1065	1067	1069	1072	1073	1074	1075	1077	1079	1080	1081	1082	1083	1086	1087	1091	1094	1096	1097	1098	1099	1102	1105	1107	1109	1110	1114	1115	1120	1123	1124	1125	1126	1128	1129	1130	1131	1134	1139	1140	1141	1145	1147	1150	1152	1154	1155	1156	1158	1159	1160	1166	1167	1168	1170	1177	1179	1180	1186	1187	1189	1190	1194	1195	1196	1202	1204	1213	1214	1215	1216	1217	1228	1229	1230	1235	1240	
15	15	66	1004	1009	1012	1020	1024	1027	1028	1029	1031	1033	1036	1038	1042	1049	1053	1054	1056	1059	1061	1065	1069	1078	1080	1082	1087	1088	1090	1094	1096	1100	1101	1102	1103	1105	1112	1113	1116	1118	1121	1125	1135	1140	1152	1153	1158	1159	1162	1164	1167	1168	1171	1176	1178	1179	1180	1183	1193	1199	1203	1209	1211	1212	1217	1225	1237	1238	
16	16	238	1001	1002	1003	1004	1005	1006	1007	1008	1009	1010	1011	1012	1013	1014	1015	1016	1017	1018	1019	1020	1021	1022	1023	1024	1025	1026	1027	1028	1029	1030	1031	1032	1033	1034	1036	1037	1038	1039	1040	1041	1042	1043	1044	1045	1046	1047	1048	1049	1050	1051	1052	1053	1054	1055	1056	1057	1058	1059	1060	1061	1062	1063	1064	1065	1066	1067	1068	1069	1070	1071	1072	1073	1074	1075	1076	1077	1078	1079	1080	1082	1083	1084	1085	1086	1087	1088	1089	1090	1091	1092	1093	1094	1095	1096	1097	1098	1099	1100	1101	1102	1103	1104	1105	1106	1107	1108	1109	1110	1111	1112	1113	1114	1115	1116	1117	1118	1119	1120	1121	1122	1123	1124	1125	1126	1127	1128	1129	1130	1131	1132	1133	1134	1135	1136	1137	1138	1139	1140	1141	1142	1143	1144	1145	1146	1147	1148	1149	1150	1151	1152	1153	1154	1155	1156	1157	1158	1159	1160	1161	1162	1163	1164	1165	1166	1167	1168	1169	1170	1171	1172	1173	1174	1175	1176	1177	1178	1179	1180	1181	1182	1183	1184	1185	1186	1187	1188	1189	1190	1191	1192	1193	1194	1195	1196	1197	1198	1199	1200	1201	1202	1203	1204	1205	1206	1207	1208	1209	1210	1211	1212	1213	1214	1215	1216	1217	1218	1219	1220	1221	1222	1223	1224	1225	1226	1227	1228	1229	1230	1231	1232	1233	1234	1235	1236	1237	1238	1239	1240	
17	17	211	1001	1003	1004	1005	1006	1007	1008	1009	1010	1016	1017	1018	1019	1020	1021	1022	1023	1024	1025	1026	1027	1028	1029	1030	1031	1032	1033	1034	1036	1037	1038	1039	1041	1042	1043	1044	1045	1046	1047	1048	1049	1050	1051	1053	1054	1055	1056	1057	1058	1059	1060	1061	1062	1063	1064	1066	1067	1068	1070	1071	1072	1073	1074	1075	1076	1078	1079	1080	1081	1082	1083	1085	1086	1087	1088	1089	1090	1091	1092	1093	1094	1096	1097	1098	1099	1100	1101	1102	1104	1105	1106	1107	1108	1110	1111	1113	1114	1115	1116	1117	1118	1119	1120	1121	1122	1123	1124	1125	1126	1127	1128	1130	1132	1133	1134	1135	1136	1137	1138	1139	1141	1142	1143	1144	1146	1147	1148	1149	1150	1151	1152	1153	1154	1155	1156	1157	1158	1159	1160	1162	1163	1164	1165	1166	1167	1168	1170	1171	1172	1173	1174	1175	1177	1178	1179	1180	1181	1182	1183	1185	1186	1187	1188	1189	1190	1191	1192	1193	1194	1195	1196	1197	1198	1199	1200	1201	1202	1203	1204	1205	1207	1208	1209	1210	1211	1212	1213	1214	1215	1216	1217	1218	1219	1220	1221	1222	1223	1224	1225	1226	1227	1228	1229	1230	1231	1232	1233	1234	1235	1236	1238	
18	18	153	1001	1002	1004	1007	1008	1011	1013	1015	1017	1018	1019	1021	1022	1023	1024	1025	1027	1030	1031	1032	1034	1038	1039	1040	1041	1042	1043	1045	1046	1047	1048	1050	1051	1053	1054	1056	1057	1058	1060	1061	1064	1065	1066	1067	1068	1069	1071	1073	1074	1075	1076	1077	1079	1082	1083	1084	1085	1087	1090	1091	1092	1094	1095	1096	1097	1098	1099	1100	1104	1109	1110	1112	1113	1115	1118	1121	1123	1124	1125	1126	1128	1129	1130	1131	1132	1134	1135	1137	1140	1141	1142	1143	1144	1145	1146	1147	1148	1149	1150	1151	1152	1155	1156	1157	1158	1160	1165	1172	1177	1178	1181	1182	1184	1186	1188	1189	1191	1192	1196	1198	1199	1200	1201	1202	1203	1204	1205	1207	1210	1211	1212	1214	1215	1216	1217	1218	1219	1222	1223	1224	1226	1227	1228	1229	1230	1231	1232	1233	1234	1236	1237	1238	1239	
19	19	75	1013	1015	1016	1019	1021	1023	1025	1027	1029	1031	1032	1034	1039	1040	1046	1047	1056	1057	1061	1062	1065	1068	1072	1073	1081	1085	1087	1094	1095	1096	1098	1101	1103	1104	1112	1114	1118	1119	1121	1131	1133	1136	1143	1145	1151	1152	1155	1165	1167	1169	1172	1173	1177	1181	1182	1184	1185	1190	1192	1196	1201	1202	1205	1207	1210	1211	1213	1217	1219	1220	1222	1226	1227	1228	1230	
20	20	112	1001	1002	1007	1010	1011	1012	1014	1016	1019	1026	1028	1030	1031	1032	1034	1036	1038	1041	1043	1044	1046	1047	1048	1049	1050	1054	1057	1058	1059	1060	1064	1065	1067	1069	1073	1074	1078	1080	1081	1086	1088	1089	1090	1097	1099	1100	1104	1108	1110	1111	1112	1113	1119	1120	1124	1125	1126	1134	1137	1138	1140	1145	1146	1147	1148	1150	1153	1154	1155	1159	1160	1162	1163	1164	1165	1166	1167	1170	1171	1172	1174	1176	1177	1178	1183	1184	1186	1189	1193	1194	1197	1198	1199	1200	1201	1202	1205	1206	1208	1215	1216	1220	1222	1223	1225	1226	1227	1228	1230	1237	1238	1240	
21	21	214	1001	1002	1003	1004	1005	1006	1007	1008	1009	1010	1012	1013	1014	1015	1016	1017	1018	1019	1020	1022	1023	1024	1025	1026	1027	1028	1029	1030	1031	1032	1033	1034	1035	1036	1037	1038	1039	1040	1041	1042	1043	1044	1045	1046	1047	1048	1049	1050	1051	1052	1053	1055	1056	1057	1058	1059	1060	1061	1062	1063	1064	1065	1066	1067	1068	1069	1070	1071	1072	1073	1074	1075	1077	1078	1079	1080	1081	1082	1083	1084	1085	1086	1088	1089	1090	1091	1092	1093	1095	1096	1097	1098	1099	1100	1101	1102	1103	1105	1106	1108	1109	1110	1111	1113	1114	1115	1116	1117	1118	1119	1120	1121	1122	1123	1125	1126	1127	1129	1130	1131	1132	1133	1134	1135	1137	1138	1140	1141	1142	1143	1144	1145	1146	1147	1148	1149	1151	1153	1154	1155	1156	1157	1158	1159	1161	1163	1166	1167	1168	1169	1170	1171	1173	1174	1175	1176	1177	1179	1180	1181	1182	1183	1184	1185	1186	1187	1188	1189	1190	1192	1193	1195	1196	1197	1198	1199	1201	1203	1204	1205	1206	1207	1208	1209	1210	1211	1212	1213	1214	1215	1216	1217	1218	1219	1220	1221	1222	1223	1224	1225	1226	1228	1229	1230	1231	1232	1233	1234	1235	1236	1237	1238	1239	1240	
22	22	134	1001	1002	1004	1008	1012	1013	1014	1015	1016	1018	1019	1021	1024	1025	1026	1027	1028	1032	1034	1035	1037	1038	1044	1045	1048	1050	1051	1052	1055	1056	1057	1058	1059	1065	1067	1068	1069	1071	1073	1074	1076	1079	1080	1082	1083	1084	1085	1088	1089	1090	1091	1092	1094	1096	1097	1098	1100	1101	1102	1103	1104	1106	1107	1108	1111	1113	1114	1116	1119	1120	1121	1122	1123	1124	1125	1127	1128	1129	1131	1132	1133	1134	1137	1139	1140	1143	1144	1145	1146	1147	1149	1150	1151	1153	1154	1155	1158	1159	1161	1162	1165	1166	1167	1169	1177	1181	1184	1186	1188	1194	1195	1196	1197	1199	1201	1202	1203	1205	1207	1209	1212	1214	1215	1220	1221	1222	1223	1226	1227	1228	1230	1231	1235	1236	
23	23	146	1001	1002	1004	1005	1009	1010	1011	1013	1014	1015	1018	1019	1020	1024	1028	1030	1031	1032	1033	1034	1036	1039	1040	1041	1042	1044	1046	1048	1050	1051	1053	1054	1055	1057	1059	1060	1062	1064	1065	1066	1067	1068	1070	1071	1073	1074	1080	1081	1083	1084	1085	1089	1091	1092	1095	1096	1097	1098	1099	1100	1104	1108	1109	1112	1113	1114	1115	1116	1117	1118	1119	1120	1125	1126	1129	1130	1132	1133	1135	1136	1137	1139	1140	1141	1142	1144	1145	1146	1147	1148	1149	1150	1151	1152	1156	1157	1160	1162	1164	1165	1166	1167	1169	1170	1172	1175	1177	1179	1180	1181	1182	1183	1184	1185	1186	1189	1190	1191	1192	1194	1195	1199	1201	1202	1205	1206	1207	1209	1210	1213	1215	1217	1218	1219	1220	1225	1226	1227	1228	1230	1231	1232	1233	1234	1235	1236	
24	24	169	1001	1002	1003	1004	1005	1006	1007	1008	1009	1010	1011	1012	1013	1014	1015	1016	1017	1018	1020	1025	1026	1027	1028	1029	1030	1032	1035	1036	1037	1038	1041	1042	1046	1048	1049	1050	1052	1053	1054	1055	1056	1058	1059	1060	1061	1064	1065	1067	1069	1070	1071	1074	1075	1076	1077	1080	1081	1083	1084	1086	1088	1090	1093	1094	1096	1097	1098	1099	1100	1101	1102	1103	1104	1106	1107	1108	1110	1111	1113	1114	1116	1117	1118	1120	1121	1122	1123	1125	1126	1127	1128	1130	1131	1132	1133	1134	1135	1137	1141	1143	1144	1145	1147	1148	1149	1150	1152	1153	1154	1155	1157	1158	1159	1160	1162	1164	1165	1167	1168	1170	1172	1173	1175	1178	1179	1180	1182	1183	1184	1185	1186	1187	1188	1189	1190	1191	1192	1193	1194	1197	1200	1202	1208	1209	1211	1212	1214	1216	1217	1218	1219	1220	1221	1222	1225	1226	1227	1229	1230	1231	1232	1233	1234	1235	1236	1237	1238	1239	1240	
25	25	136	1001	1002	1006	1007	1008	1011	1012	1013	1016	1018	1019	1021	1022	1024	1026	1028	1029	1030	1032	1034	1035	1036	1037	1038	1040	1041	1044	1045	1046	1047	1049	1051	1052	1053	1054	1056	1057	1058	1059	1061	1062	1063	1068	1069	1070	1071	1072	1073	1075	1077	1078	1079	1080	1083	1085	1087	1089	1090	1093	1098	1099	1101	1104	1105	1107	1108	1110	1112	1113	1114	1118	1121	1124	1125	1126	1128	1130	1131	1132	1134	1135	1136	1139	1142	1144	1145	1147	1149	1150	1151	1152	1153	1154	1158	1161	1162	1164	1165	1167	1168	1170	1173	1174	1176	1177	1178	1179	1180	1186	1187	1189	1190	1191	1192	1193	1194	1199	1200	1202	1204	1205	1206	1207	1210	1213	1219	1220	1224	1225	1227	1229	1230	1231	1235	1236	1239	
26	26	148	1001	1003	1004	1005	1006	1007	1008	1009	1010	1014	1016	1019	1021	1022	1023	1024	1026	1027	1028	1030	1031	1032	1034	1035	1036	1037	1039	1040	1041	1042	1044	1045	1046	1047	1049	1050	1051	1052	1054	1055	1056	1059	1060	1062	1063	1068	1069	1070	1072	1073	1075	1080	1082	1083	1086	1088	1092	1093	1097	1098	1099	1100	1101	1102	1103	1104	1106	1107	1108	1110	1111	1112	1114	1117	1118	1119	1120	1121	1122	1123	1124	1125	1126	1128	1129	1130	1131	1132	1133	1134	1135	1138	1141	1142	1143	1145	1148	1149	1155	1156	1157	1159	1160	1161	1165	1166	1167	1169	1170	1173	1176	1177	1178	1179	1180	1184	1187	1188	1189	1190	1191	1192	1195	1198	1199	1200	1201	1202	1203	1204	1207	1208	1209	1210	1212	1218	1225	1227	1228	1229	1230	1231	1233	1235	1236	1237	1239	1240	
27	27	160	1002	1004	1005	1006	1007	1009	1013	1014	1017	1018	1019	1020	1022	1023	1025	1026	1027	1029	1030	1031	1032	1033	1034	1036	1038	1040	1041	1043	1044	1045	1046	1047	1049	1056	1058	1059	1060	1062	1063	1064	1065	1066	1068	1069	1070	1071	1072	1073	1075	1076	1077	1078	1079	1081	1083	1084	1085	1086	1087	1090	1091	1092	1094	1095	1097	1100	1101	1103	1106	1107	1108	1109	1110	1111	1113	1115	1116	1118	1119	1120	1121	1122	1124	1126	1128	1129	1131	1132	1133	1136	1137	1138	1139	1140	1141	1142	1144	1145	1146	1147	1150	1153	1154	1156	1158	1159	1160	1161	1162	1163	1165	1167	1169	1172	1173	1174	1175	1176	1177	1178	1179	1181	1183	1184	1185	1187	1189	1190	1191	1193	1195	1197	1200	1201	1202	1203	1205	1206	1207	1208	1209	1210	1211	1212	1213	1216	1218	1221	1222	1224	1225	1228	1230	1232	1233	1235	1236	1237	1238	1239	
28	28	129	1002	1004	1005	1008	1009	1012	1015	1016	1017	1018	1021	1022	1023	1025	1026	1028	1032	1035	1037	1039	1040	1042	1044	1049	1051	1052	1053	1057	1059	1061	1062	1063	1065	1068	1069	1071	1072	1078	1079	1082	1086	1088	1089	1090	1091	1095	1097	1099	1100	1103	1105	1109	1110	1112	1113	1117	1118	1120	1121	1122	1123	1124	1125	1128	1131	1132	1133	1134	1135	1140	1141	1143	1144	1145	1146	1147	1148	1149	1150	1155	1159	1160	1161	1162	1164	1165	1168	1169	1170	1172	1174	1175	1179	1180	1182	1183	1185	1186	1188	1190	1191	1192	1194	1195	1198	1199	1200	1202	1203	1205	1207	1208	1210	1212	1213	1214	1218	1219	1221	1222	1223	1224	1226	1228	1229	1232	1234	1238	1239	
29	29	159	1002	1003	1006	1007	1009	1012	1013	1014	1015	1016	1018	1020	1021	1022	1023	1025	1026	1030	1031	1032	1033	1034	1035	1036	1037	1041	1042	1044	1045	1050	1052	1053	1054	1055	1057	1058	1059	1060	1061	1063	1065	1066	1067	1069	1070	1072	1073	1074	1075	1076	1077	1079	1080	1082	1083	1084	1085	1086	1087	1088	1089	1091	1092	1095	1098	1100	1101	1102	1103	1107	1110	1113	1114	1115	1118	1119	1120	1122	1124	1125	1126	1127	1128	1130	1133	1135	1136	1137	1138	1139	1142	1144	1145	1149	1150	1154	1155	1156	1157	1158	1159	1160	1161	1162	1164	1166	1169	1170	1171	1172	1173	1174	1175	1176	1177	1178	1179	1180	1181	1182	1183	1184	1185	1186	1187	1188	1189	1192	1194	1195	1197	1198	1200	1202	1205	1206	1207	1210	1211	1212	1213	1217	1218	1219	1220	1221	1222	1223	1224	1227	1228	1232	1233	1234	1235	1236	1237	1238	1239	
30	30	159	1001	1003	1004	1005	1006	1007	1008	1009	1010	1012	1013	1014	1016	1017	1018	1019	1022	1023	1026	1027	1028	1030	1033	1035	1039	1040	1041	1042	1043	1045	1046	1047	1049	1050	1051	1052	1053	1054	1055	1056	1057	1060	1061	1062	1064	1065	1067	1070	1071	1073	1075	1076	1079	1080	1081	1082	1083	1084	1085	1087	1089	1091	1092	1093	1094	1096	1097	1098	1100	1101	1102	1103	1105	1106	1107	1108	1110	1111	1112	1113	1114	1118	1121	1122	1125	1127	1129	1130	1133	1135	1136	1137	1138	1139	1141	1142	1143	1144	1147	1148	1149	1150	1151	1152	1154	1157	1158	1161	1164	1170	1172	1173	1174	1175	1177	1179	1180	1183	1184	1185	1186	1190	1191	1192	1193	1195	1196	1197	1198	1200	1201	1202	1203	1205	1206	1207	1208	1209	1211	1212	1213	1215	1216	1218	1219	1222	1223	1225	1226	1227	1228	1231	1232	1233	1234	1235	1236	1238	1239	
31	31	189	1003	1004	1005	1006	1007	1008	1010	1011	1012	1013	1015	1016	1017	1019	1020	1021	1022	1023	1025	1026	1030	1031	1032	1033	1034	1035	1036	1037	1038	1039	1040	1041	1043	1045	1047	1048	1049	1050	1051	1053	1054	1055	1056	1057	1059	1061	1062	1063	1064	1065	1066	1067	1068	1069	1070	1072	1074	1075	1076	1077	1078	1079	1080	1081	1082	1083	1084	1085	1086	1087	1090	1091	1092	1093	1094	1096	1098	1099	1100	1101	1102	1103	1104	1105	1107	1109	1110	1111	1112	1113	1114	1115	1116	1118	1119	1120	1121	1122	1123	1125	1126	1127	1128	1129	1130	1131	1132	1133	1134	1135	1136	1137	1138	1140	1142	1144	1145	1147	1148	1149	1150	1151	1152	1153	1154	1155	1156	1157	1158	1159	1162	1163	1164	1166	1170	1171	1172	1173	1178	1179	1180	1181	1182	1183	1185	1186	1187	1188	1189	1190	1192	1194	1195	1197	1198	1199	1200	1202	1205	1206	1207	1208	1210	1211	1212	1213	1215	1216	1217	1218	1219	1220	1223	1224	1225	1226	1227	1228	1230	1231	1232	1233	1234	1235	1236	1237	1238	1239	1240	
32	32	240	1001	1002	1003	1004	1005	1006	1007	1008	1009	1010	1011	1012	1013	1014	1015	1016	1017	1018	1019	1020	1021	1022	1023	1024	1025	1026	1027	1028	1029	1030	1031	1032	1033	1034	1035	1036	1037	1038	1039	1040	1041	1042	1043	1044	1045	1046	1047	1048	1049	1050	1051	1052	1053	1054	1055	1056	1057	1058	1059	1060	1061	1062	1063	1064	1065	1066	1067	1068	1069	1070	1071	1072	1073	1074	1075	1076	1077	1078	1079	1080	1081	1082	1083	1084	1085	1086	1087	1088	1089	1090	1091	1092	1093	1094	1095	1096	1097	1098	1099	1100	1101	1102	1103	1104	1105	1106	1107	1108	1109	1110	1111	1112	1113	1114	1115	1116	1117	1118	1119	1120	1121	1122	1123	1124	1125	1126	1127	1128	1129	1130	1131	1132	1133	1134	1135	1136	1137	1138	1139	1140	1141	1142	1143	1144	1145	1146	1147	1148	1149	1150	1151	1152	1153	1154	1155	1156	1157	1158	1159	1160	1161	1162	1163	1164	1165	1166	1167	1168	1169	1170	1171	1172	1173	1174	1175	1176	1177	1178	1179	1180	1181	1182	1183	1184	1185	1186	1187	1188	1189	1190	1191	1192	1193	1194	1195	1196	1197	1198	1199	1200	1201	1202	1203	1204	1205	1206	1207	1208	1209	1210	1211	1212	1213	1214	1215	1216	1217	1218	1219	1220	1221	1222	1223	1224	1225	1226	1227	1228	1229	1230	1231	1232	1233	1234	1235	1236	1237	1238	1239	1240	
33	33	107	1002	1003	1004	1006	1007	1009	1010	1011	1012	1019	1021	1022	1026	1027	1028	1034	1038	1039	1040	1041	1044	1045	1047	1049	1050	1051	1053	1057	1059	1067	1068	1070	1071	1073	1074	1075	1077	1078	1081	1082	1084	1089	1090	1092	1093	1096	1099	1103	1106	1108	1111	1113	1115	1116	1119	1124	1125	1127	1128	1129	1131	1136	1139	1144	1147	1149	1151	1152	1154	1156	1157	1160	1163	1168	1169	1171	1172	1174	1175	1176	1178	1179	1181	1182	1183	1188	1189	1195	1196	1197	1198	1199	1203	1206	1207	1208	1209	1211	1212	1213	1214	1215	1221	1229	1230	1237	1240	
34	34	157	1001	1002	1004	1005	1006	1008	1009	1010	1012	1013	1014	1015	1017	1018	1022	1025	1026	1027	1030	1031	1032	1033	1034	1035	1036	1037	1040	1044	1045	1046	1049	1050	1051	1052	1053	1056	1057	1058	1060	1061	1063	1064	1067	1068	1070	1071	1072	1073	1075	1076	1077	1078	1081	1082	1083	1085	1086	1088	1089	1090	1095	1096	1100	1101	1102	1103	1106	1107	1108	1109	1111	1112	1113	1114	1116	1118	1119	1120	1121	1122	1123	1124	1125	1126	1128	1129	1130	1131	1132	1134	1135	1136	1137	1139	1140	1141	1142	1143	1144	1148	1151	1153	1156	1157	1158	1159	1160	1162	1163	1165	1166	1167	1169	1173	1174	1176	1177	1178	1179	1181	1182	1183	1184	1185	1188	1189	1190	1193	1194	1198	1199	1200	1201	1206	1208	1209	1210	1211	1214	1217	1218	1219	1221	1222	1225	1227	1228	1229	1231	1232	1233	1234	1235	1236	1237	1238	1240	
35	35	140	1001	1002	1003	1004	1005	1007	1008	1010	1014	1015	1016	1017	1019	1020	1022	1024	1025	1026	1029	1030	1031	1032	1034	1036	1037	1038	1039	1040	1044	1045	1046	1047	1054	1055	1056	1057	1058	1059	1060	1061	1064	1065	1066	1067	1069	1070	1071	1072	1073	1074	1077	1078	1079	1085	1086	1089	1090	1094	1095	1096	1098	1100	1101	1102	1104	1105	1106	1112	1113	1115	1117	1119	1120	1121	1123	1125	1126	1127	1129	1134	1135	1137	1139	1140	1141	1143	1144	1145	1146	1149	1151	1152	1154	1155	1157	1159	1162	1165	1167	1169	1170	1171	1173	1174	1175	1179	1180	1181	1185	1186	1187	1191	1192	1194	1196	1197	1198	1206	1207	1208	1210	1211	1213	1214	1215	1216	1217	1218	1219	1220	1225	1227	1228	1231	1234	1236	1237	1238	1239	1240	
36	36	86	1001	1002	1003	1007	1008	1009	1010	1012	1013	1017	1018	1019	1023	1024	1026	1029	1030	1036	1045	1047	1052	1054	1055	1059	1060	1065	1066	1067	1069	1071	1072	1074	1076	1077	1078	1087	1088	1094	1098	1099	1100	1101	1105	1110	1115	1118	1119	1120	1123	1124	1129	1133	1135	1139	1142	1144	1145	1147	1149	1151	1158	1159	1161	1164	1165	1168	1169	1172	1175	1176	1178	1180	1190	1196	1200	1201	1209	1210	1211	1213	1218	1223	1225	1226	1228	1239	
37	37	55	1001	1004	1006	1008	1015	1020	1027	1033	1035	1040	1043	1044	1047	1053	1056	1058	1059	1061	1062	1079	1095	1099	1100	1110	1118	1121	1122	1124	1131	1135	1137	1147	1152	1153	1154	1159	1166	1168	1177	1182	1183	1192	1194	1199	1202	1206	1215	1216	1218	1223	1226	1229	1230	1234	1239	
38	38	59	1001	1005	1007	1011	1015	1019	1023	1025	1029	1033	1035	1038	1039	1045	1052	1054	1063	1064	1076	1077	1092	1103	1105	1109	1110	1112	1121	1122	1127	1132	1135	1137	1144	1146	1147	1150	1153	1156	1162	1168	1169	1177	1179	1180	1196	1198	1200	1201	1206	1212	1215	1225	1229	1234	1235	1236	1237	1238	1239	
39	39	111	1001	1003	1005	1006	1007	1009	1011	1013	1014	1015	1016	1019	1020	1023	1025	1027	1028	1031	1034	1041	1042	1047	1053	1054	1056	1057	1058	1060	1063	1064	1066	1070	1072	1073	1075	1081	1084	1085	1089	1092	1094	1096	1098	1099	1100	1101	1105	1106	1108	1112	1115	1116	1122	1123	1125	1126	1127	1130	1133	1134	1137	1138	1140	1143	1148	1153	1154	1155	1159	1161	1162	1164	1167	1172	1173	1174	1176	1178	1183	1184	1185	1189	1191	1194	1195	1197	1198	1202	1204	1205	1206	1207	1208	1212	1214	1215	1216	1217	1218	1221	1222	1223	1228	1229	1231	1232	1233	1234	1236	1239	1240	
40	40	50	1001	1002	1005	1021	1022	1027	1030	1034	1054	1068	1071	1078	1082	1084	1085	1087	1088	1094	1099	1100	1104	1105	1108	1114	1123	1124	1126	1132	1139	1144	1147	1150	1154	1158	1160	1164	1168	1174	1186	1191	1192	1206	1211	1215	1218	1219	1221	1227	1229	1230	
41	41	205	1001	1002	1003	1004	1005	1006	1008	1009	1010	1011	1013	1014	1015	1016	1017	1018	1020	1021	1022	1023	1024	1026	1027	1028	1029	1031	1032	1033	1034	1035	1036	1038	1039	1040	1041	1042	1043	1044	1046	1047	1048	1049	1050	1051	1052	1053	1054	1055	1056	1057	1058	1059	1060	1061	1062	1063	1064	1065	1066	1067	1068	1070	1071	1072	1074	1075	1076	1077	1079	1080	1081	1082	1083	1084	1085	1086	1087	1088	1089	1090	1091	1092	1093	1094	1096	1097	1098	1099	1100	1102	1103	1104	1106	1107	1108	1109	1110	1112	1113	1114	1116	1117	1119	1121	1122	1124	1125	1126	1127	1128	1130	1131	1132	1133	1134	1135	1136	1137	1138	1139	1140	1141	1142	1143	1145	1146	1147	1148	1149	1150	1151	1152	1153	1154	1155	1156	1157	1158	1159	1160	1162	1163	1164	1166	1168	1170	1171	1172	1173	1175	1176	1177	1179	1181	1182	1183	1184	1185	1186	1187	1188	1189	1190	1191	1192	1193	1195	1196	1197	1198	1199	1200	1202	1203	1204	1205	1206	1210	1211	1212	1214	1215	1216	1217	1219	1220	1221	1222	1223	1224	1225	1226	1227	1228	1229	1230	1231	1232	1233	1234	1235	1236	1237	1239	1240	
42	42	182	1003	1004	1005	1006	1007	1008	1009	1010	1012	1013	1014	1015	1016	1017	1018	1019	1020	1021	1024	1027	1028	1029	1030	1031	1032	1034	1035	1037	1038	1039	1040	1041	1043	1045	1046	1047	1048	1049	1050	1051	1052	1053	1054	1055	1056	1057	1060	1061	1062	1063	1064	1065	1066	1070	1071	1072	1073	1074	1077	1078	1079	1080	1085	1086	1087	1089	1090	1091	1094	1096	1098	1099	1101	1102	1104	1105	1106	1107	1109	1110	1111	1113	1114	1115	1116	1117	1118	1119	1120	1121	1122	1123	1124	1126	1133	1134	1135	1136	1137	1138	1139	1140	1142	1143	1144	1145	1146	1148	1150	1151	1152	1153	1154	1155	1156	1157	1159	1160	1161	1162	1163	1164	1165	1166	1171	1172	1173	1174	1175	1176	1178	1179	1180	1181	1182	1183	1184	1185	1186	1187	1188	1189	1191	1192	1193	1194	1195	1196	1197	1198	1199	1200	1201	1203	1204	1205	1206	1207	1208	1209	1210	1211	1212	1213	1214	1215	1217	1218	1219	1220	1221	1222	1224	1228	1231	1232	1233	1234	1235	1236	1239	1240	
43	43	100	1002	1006	1007	1008	1009	1013	1015	1016	1020	1022	1023	1024	1025	1027	1028	1031	1033	1036	1037	1039	1042	1044	1046	1050	1052	1053	1054	1055	1056	1059	1064	1065	1070	1076	1080	1084	1089	1090	1092	1095	1097	1099	1101	1104	1105	1106	1108	1109	1110	1113	1118	1124	1127	1129	1131	1135	1136	1137	1138	1142	1145	1149	1150	1154	1156	1157	1158	1160	1161	1163	1167	1170	1171	1174	1176	1178	1180	1181	1182	1186	1189	1196	1206	1207	1208	1210	1211	1212	1213	1217	1221	1224	1225	1226	1229	1231	1233	1234	1237	1239	
44	44	234	1001	1002	1003	1004	1005	1006	1007	1008	1009	1010	1011	1012	1013	1014	1015	1016	1017	1018	1019	1020	1021	1022	1023	1024	1025	1026	1027	1028	1029	1030	1031	1032	1034	1035	1036	1037	1038	1039	1040	1041	1042	1043	1044	1045	1046	1047	1048	1049	1050	1051	1052	1053	1054	1055	1056	1057	1058	1059	1060	1061	1062	1063	1064	1065	1066	1067	1068	1069	1070	1071	1072	1073	1074	1075	1076	1077	1078	1079	1080	1081	1082	1083	1084	1085	1086	1087	1088	1089	1090	1091	1093	1094	1095	1096	1097	1098	1100	1101	1102	1103	1104	1105	1106	1107	1108	1109	1110	1111	1112	1113	1115	1116	1117	1118	1119	1120	1121	1122	1123	1124	1125	1126	1127	1128	1130	1131	1132	1133	1134	1135	1136	1137	1138	1139	1140	1141	1142	1143	1144	1145	1146	1147	1149	1150	1151	1152	1153	1154	1155	1156	1157	1158	1159	1160	1161	1162	1163	1164	1165	1166	1167	1168	1169	1170	1171	1172	1173	1174	1175	1176	1177	1178	1179	1180	1181	1182	1183	1184	1185	1186	1187	1188	1189	1190	1191	1192	1193	1194	1195	1196	1197	1198	1199	1200	1201	1202	1203	1204	1205	1206	1207	1208	1209	1210	1211	1212	1213	1214	1215	1216	1217	1218	1219	1220	1221	1222	1223	1224	1225	1226	1227	1228	1229	1230	1231	1232	1233	1234	1235	1236	1237	1238	1239	1240	
45	45	186	1001	1002	1003	1004	1005	1006	1007	1010	1012	1013	1014	1016	1017	1019	1021	1022	1023	1024	1025	1026	1027	1028	1029	1030	1031	1033	1034	1035	1036	1037	1041	1042	1043	1045	1046	1047	1049	1050	1051	1052	1054	1055	1056	1057	1058	1060	1063	1064	1065	1066	1067	1068	1069	1070	1071	1074	1075	1076	1077	1078	1079	1080	1082	1083	1084	1085	1086	1087	1088	1089	1090	1091	1092	1094	1095	1096	1097	1098	1099	1101	1102	1103	1104	1107	1109	1110	1111	1112	1113	1115	1116	1117	1118	1119	1120	1121	1122	1123	1124	1125	1126	1127	1128	1129	1130	1132	1133	1134	1137	1138	1139	1140	1141	1143	1144	1145	1146	1147	1149	1150	1151	1152	1153	1155	1156	1157	1159	1160	1162	1163	1165	1168	1169	1170	1172	1173	1174	1176	1177	1178	1179	1180	1181	1182	1186	1187	1188	1191	1192	1193	1194	1195	1196	1198	1202	1203	1204	1206	1207	1208	1209	1210	1211	1212	1214	1215	1216	1217	1218	1219	1220	1221	1222	1223	1224	1225	1226	1229	1230	1232	1234	1235	1236	1237	1239	1240	
46	46	85	1008	1012	1013	1017	1020	1021	1023	1024	1026	1028	1032	1033	1038	1039	1041	1049	1050	1051	1054	1059	1060	1063	1064	1066	1067	1068	1069	1070	1072	1073	1075	1078	1084	1089	1090	1091	1098	1100	1102	1107	1108	1109	1110	1111	1113	1114	1117	1118	1119	1122	1126	1127	1130	1134	1137	1139	1141	1143	1144	1147	1151	1152	1154	1155	1169	1170	1172	1173	1175	1177	1180	1184	1190	1191	1192	1200	1211	1218	1219	1222	1224	1225	1227	1230	1233	
47	47	133	1001	1003	1005	1008	1010	1011	1012	1013	1014	1015	1016	1018	1019	1020	1021	1025	1026	1027	1028	1029	1032	1035	1038	1040	1042	1043	1047	1049	1051	1052	1054	1058	1059	1064	1065	1068	1070	1073	1077	1078	1079	1080	1082	1083	1085	1086	1087	1088	1089	1090	1091	1092	1093	1095	1096	1098	1099	1101	1102	1103	1104	1105	1106	1109	1112	1113	1115	1117	1118	1119	1120	1121	1123	1126	1127	1129	1131	1135	1137	1139	1142	1143	1144	1145	1150	1153	1156	1158	1160	1161	1163	1164	1165	1166	1169	1170	1172	1175	1177	1178	1180	1183	1188	1189	1190	1192	1194	1196	1197	1198	1200	1203	1204	1206	1207	1210	1212	1213	1214	1215	1217	1218	1219	1220	1221	1222	1223	1224	1226	1229	1232	1237	1239	
48	48	227	1001	1003	1004	1005	1006	1007	1008	1009	1010	1011	1012	1013	1014	1015	1016	1018	1019	1020	1021	1022	1023	1024	1025	1026	1027	1028	1029	1030	1031	1032	1033	1034	1035	1036	1037	1038	1039	1040	1041	1042	1043	1044	1045	1046	1047	1048	1049	1050	1051	1052	1053	1054	1055	1056	1057	1058	1059	1060	1061	1062	1064	1066	1067	1068	1069	1070	1071	1072	1073	1074	1075	1076	1077	1078	1079	1080	1081	1082	1084	1085	1087	1088	1089	1090	1091	1092	1093	1094	1095	1096	1097	1098	1100	1101	1102	1103	1104	1105	1106	1107	1108	1109	1110	1111	1112	1113	1114	1115	1116	1117	1118	1120	1121	1122	1123	1124	1125	1126	1127	1128	1129	1130	1131	1132	1134	1135	1136	1137	1138	1139	1140	1141	1142	1143	1144	1145	1146	1147	1148	1149	1150	1151	1152	1153	1154	1155	1156	1158	1159	1160	1161	1162	1163	1164	1165	1166	1167	1168	1169	1170	1171	1172	1173	1174	1175	1176	1177	1178	1179	1180	1181	1182	1183	1184	1185	1186	1187	1188	1190	1191	1192	1193	1194	1195	1196	1197	1198	1199	1200	1201	1202	1203	1204	1205	1206	1207	1208	1209	1210	1211	1212	1213	1214	1215	1217	1218	1219	1220	1221	1222	1223	1224	1225	1226	1227	1228	1229	1230	1231	1232	1233	1234	1236	1237	1238	1239	1240	
49	49	63	1004	1006	1008	1013	1019	1022	1030	1037	1040	1052	1054	1065	1067	1073	1076	1084	1087	1088	1089	1091	1102	1103	1107	1108	1110	1111	1113	1115	1116	1117	1138	1146	1147	1149	1152	1155	1156	1159	1160	1164	1170	1171	1172	1173	1174	1179	1181	1188	1192	1196	1199	1202	1207	1209	1215	1221	1222	1224	1229	1231	1232	1239	1240	
50	50	144	1001	1002	1004	1008	1010	1011	1012	1013	1015	1017	1018	1020	1021	1023	1024	1025	1026	1027	1028	1029	1031	1032	1034	1036	1038	1039	1040	1042	1043	1044	1047	1048	1049	1051	1053	1054	1055	1057	1058	1059	1060	1061	1062	1063	1064	1071	1074	1075	1076	1077	1078	1084	1085	1086	1089	1091	1093	1095	1096	1097	1098	1099	1100	1104	1105	1106	1107	1108	1111	1114	1115	1117	1121	1122	1124	1125	1129	1130	1133	1135	1137	1138	1140	1141	1143	1144	1147	1151	1152	1153	1157	1158	1159	1160	1162	1164	1165	1166	1167	1168	1169	1170	1172	1173	1174	1175	1176	1178	1179	1180	1181	1182	1183	1184	1188	1189	1190	1191	1194	1195	1197	1198	1199	1200	1202	1206	1207	1212	1214	1215	1218	1219	1221	1224	1227	1228	1229	1230	1231	1233	1236	1237	1238	1239	
51	51	132	1001	1003	1004	1005	1007	1014	1015	1019	1020	1021	1023	1024	1025	1027	1031	1033	1034	1035	1036	1037	1038	1039	1041	1043	1044	1045	1047	1048	1051	1053	1054	1055	1056	1058	1059	1061	1062	1063	1064	1065	1068	1069	1070	1074	1076	1078	1079	1080	1081	1082	1083	1085	1087	1088	1089	1094	1095	1097	1098	1099	1100	1102	1103	1104	1106	1109	1111	1112	1113	1115	1116	1117	1119	1126	1128	1129	1130	1131	1134	1136	1139	1140	1141	1142	1146	1147	1150	1151	1154	1157	1158	1161	1163	1165	1167	1168	1171	1172	1174	1178	1182	1183	1184	1185	1186	1188	1189	1191	1193	1194	1196	1197	1198	1199	1205	1207	1210	1211	1215	1217	1218	1219	1220	1221	1224	1226	1227	1230	1233	1234	1238	1240	
52	52	227	1001	1002	1003	1004	1005	1006	1007	1008	1009	1010	1011	1012	1013	1014	1015	1016	1017	1018	1019	1020	1021	1022	1023	1024	1025	1026	1027	1028	1029	1030	1031	1032	1033	1034	1036	1037	1039	1040	1041	1042	1043	1044	1045	1046	1047	1048	1049	1050	1051	1052	1053	1054	1055	1056	1057	1058	1059	1061	1062	1063	1064	1065	1066	1067	1068	1069	1070	1071	1072	1073	1074	1075	1076	1077	1078	1079	1080	1081	1082	1083	1084	1085	1086	1087	1088	1089	1090	1091	1092	1093	1095	1096	1097	1098	1099	1100	1101	1102	1103	1104	1105	1106	1107	1108	1109	1110	1111	1113	1114	1115	1116	1117	1118	1119	1120	1121	1122	1123	1124	1125	1126	1127	1128	1129	1130	1131	1132	1133	1134	1135	1136	1137	1138	1139	1140	1141	1142	1143	1144	1145	1146	1147	1148	1149	1150	1152	1153	1154	1155	1156	1157	1158	1159	1160	1161	1162	1163	1164	1167	1168	1169	1170	1171	1172	1174	1175	1176	1177	1178	1179	1180	1181	1182	1183	1184	1185	1186	1187	1188	1190	1191	1192	1193	1194	1196	1197	1198	1199	1200	1201	1202	1203	1204	1205	1206	1207	1208	1209	1210	1211	1212	1213	1215	1216	1217	1218	1219	1220	1221	1222	1223	1224	1225	1226	1227	1228	1229	1230	1231	1232	1233	1234	1236	1237	1238	1239	1240	
53	53	101	1005	1006	1011	1013	1014	1015	1016	1017	1019	1022	1023	1030	1032	1033	1035	1039	1041	1042	1045	1049	1050	1053	1056	1057	1059	1067	1072	1077	1080	1081	1082	1084	1085	1089	1090	1093	1094	1096	1098	1101	1103	1104	1105	1106	1107	1108	1112	1113	1114	1117	1124	1128	1129	1131	1134	1135	1140	1144	1146	1148	1149	1150	1153	1156	1157	1159	1165	1169	1176	1179	1183	1184	1185	1186	1187	1188	1190	1191	1194	1200	1203	1206	1207	1209	1210	1211	1213	1214	1217	1218	1220	1221	1223	1225	1227	1229	1231	1232	1233	1239	1240	
54	54	122	1002	1003	1006	1007	1009	1010	1013	1015	1017	1018	1019	1021	1022	1027	1028	1029	1031	1032	1033	1034	1036	1039	1042	1044	1045	1047	1048	1049	1051	1052	1056	1058	1060	1062	1063	1064	1066	1067	1068	1069	1071	1076	1078	1079	1081	1086	1087	1089	1090	1092	1093	1094	1099	1102	1104	1105	1109	1110	1112	1114	1116	1119	1122	1123	1124	1126	1127	1131	1133	1137	1140	1141	1143	1145	1146	1148	1149	1151	1153	1159	1160	1163	1165	1169	1170	1173	1175	1179	1182	1184	1186	1187	1189	1190	1191	1192	1193	1194	1195	1196	1197	1200	1201	1202	1203	1204	1205	1210	1213	1214	1215	1217	1220	1224	1225	1227	1232	1234	1237	1238	1239	1240	
55	55	76	1001	1002	1004	1006	1010	1025	1026	1029	1031	1035	1039	1043	1044	1045	1047	1049	1060	1067	1068	1070	1077	1079	1083	1089	1090	1093	1094	1096	1097	1102	1105	1109	1113	1116	1120	1122	1123	1125	1126	1128	1129	1130	1133	1135	1136	1137	1144	1156	1159	1166	1167	1170	1171	1176	1179	1184	1185	1189	1198	1201	1203	1205	1210	1211	1212	1217	1218	1219	1220	1225	1227	1229	1232	1234	1237	1240	
56	56	158	1005	1006	1009	1010	1011	1013	1016	1018	1019	1020	1021	1022	1024	1025	1028	1029	1030	1031	1032	1033	1036	1037	1038	1039	1040	1041	1042	1043	1044	1046	1047	1048	1049	1050	1052	1053	1056	1057	1059	1060	1061	1062	1063	1066	1067	1069	1070	1071	1072	1073	1075	1076	1077	1078	1079	1081	1082	1083	1084	1085	1086	1087	1088	1090	1092	1093	1095	1097	1098	1099	1100	1102	1103	1104	1106	1107	1109	1110	1111	1112	1117	1120	1121	1122	1123	1132	1133	1134	1135	1138	1139	1140	1141	1143	1145	1148	1149	1150	1152	1153	1154	1155	1156	1157	1158	1159	1161	1162	1165	1166	1167	1170	1174	1177	1179	1180	1181	1182	1183	1184	1185	1186	1187	1191	1192	1193	1194	1195	1197	1198	1199	1200	1201	1202	1203	1208	1209	1210	1212	1214	1217	1218	1219	1220	1221	1223	1225	1226	1228	1229	1231	1233	1234	1236	1237	1238	1239	1240	
57	57	102	1003	1004	1009	1010	1011	1012	1015	1017	1021	1023	1024	1025	1026	1027	1030	1031	1032	1042	1044	1045	1046	1050	1052	1053	1054	1055	1062	1066	1070	1073	1075	1076	1077	1080	1081	1082	1084	1087	1090	1091	1092	1093	1096	1098	1102	1103	1105	1106	1107	1109	1112	1114	1115	1117	1119	1120	1121	1122	1123	1124	1127	1130	1131	1134	1135	1138	1140	1142	1143	1147	1150	1155	1156	1159	1160	1166	1177	1179	1183	1184	1185	1186	1189	1194	1195	1196	1199	1205	1208	1210	1211	1212	1213	1214	1217	1224	1225	1226	1229	1230	1233	1240	
58	58	91	1005	1007	1010	1011	1014	1018	1020	1021	1022	1023	1027	1033	1034	1035	1037	1038	1039	1040	1041	1046	1049	1050	1051	1052	1054	1055	1056	1059	1061	1063	1066	1068	1073	1078	1079	1080	1082	1084	1086	1089	1090	1091	1092	1094	1100	1102	1104	1106	1107	1108	1117	1118	1119	1122	1123	1125	1131	1132	1133	1139	1142	1143	1148	1150	1155	1156	1159	1164	1168	1171	1173	1176	1187	1188	1189	1190	1191	1200	1201	1207	1208	1212	1213	1214	1216	1227	1232	1234	1235	1236	1238	
59	59	56	1003	1011	1012	1015	1017	1028	1030	1033	1034	1035	1037	1038	1043	1044	1052	1054	1058	1062	1068	1071	1073	1074	1082	1098	1104	1110	1120	1122	1124	1128	1130	1133	1157	1159	1160	1162	1164	1165	1171	1172	1173	1178	1184	1187	1188	1192	1196	1201	1204	1212	1216	1217	1219	1223	1231	1235	
60	60	129	1004	1007	1008	1011	1012	1013	1014	1015	1016	1017	1022	1027	1028	1031	1032	1033	1035	1038	1040	1041	1042	1045	1046	1047	1049	1053	1054	1057	1059	1061	1062	1063	1064	1066	1067	1069	1071	1074	1075	1076	1077	1079	1081	1082	1083	1084	1086	1087	1090	1095	1097	1099	1101	1102	1105	1107	1112	1115	1117	1118	1120	1121	1124	1126	1127	1128	1129	1130	1133	1134	1135	1137	1138	1139	1142	1143	1144	1145	1147	1148	1149	1150	1152	1153	1154	1155	1158	1159	1160	1161	1162	1163	1164	1165	1169	1171	1172	1173	1175	1178	1181	1182	1185	1188	1193	1194	1197	1200	1201	1202	1206	1209	1210	1211	1214	1215	1216	1218	1221	1223	1225	1226	1227	1229	1234	1235	1236	1238	1240	
61	61	204	1001	1002	1004	1005	1006	1007	1008	1009	1010	1011	1014	1015	1016	1017	1018	1019	1020	1021	1022	1023	1024	1026	1027	1029	1030	1031	1032	1033	1034	1035	1036	1037	1038	1039	1040	1041	1042	1043	1044	1045	1046	1047	1048	1049	1052	1053	1054	1055	1057	1058	1059	1060	1061	1062	1063	1064	1065	1066	1067	1068	1069	1071	1072	1073	1074	1075	1076	1077	1078	1080	1081	1082	1083	1084	1085	1086	1087	1089	1092	1093	1094	1095	1096	1098	1099	1100	1101	1102	1103	1104	1105	1106	1107	1108	1109	1110	1111	1112	1113	1115	1116	1117	1118	1119	1121	1122	1123	1124	1125	1126	1127	1128	1129	1130	1131	1132	1133	1134	1135	1136	1137	1138	1139	1140	1141	1142	1143	1145	1146	1147	1148	1149	1150	1151	1152	1153	1154	1156	1159	1160	1166	1167	1169	1170	1172	1174	1175	1176	1177	1178	1180	1181	1182	1183	1184	1185	1186	1187	1188	1189	1191	1192	1193	1194	1195	1196	1197	1199	1200	1201	1202	1203	1204	1205	1206	1207	1208	1210	1211	1212	1213	1214	1215	1216	1217	1218	1220	1221	1223	1225	1226	1227	1228	1229	1230	1231	1232	1233	1234	1235	1236	1237	1238	1239	
62	62	95	1002	1004	1006	1007	1010	1014	1018	1019	1021	1026	1027	1031	1032	1034	1035	1037	1038	1039	1040	1041	1042	1043	1044	1047	1050	1051	1053	1054	1057	1059	1061	1062	1065	1067	1074	1075	1076	1077	1078	1081	1083	1085	1089	1091	1093	1094	1096	1103	1104	1105	1106	1109	1112	1113	1114	1124	1133	1134	1137	1138	1139	1140	1142	1143	1144	1146	1149	1152	1153	1154	1155	1156	1157	1162	1170	1171	1172	1173	1178	1179	1184	1185	1190	1195	1201	1204	1207	1212	1215	1216	1226	1228	1237	1239	1240	
63	63	210	1001	1002	1003	1005	1007	1008	1009	1010	1012	1013	1014	1015	1016	1017	1018	1019	1020	1021	1022	1023	1024	1025	1026	1027	1028	1029	1032	1033	1034	1035	1036	1037	1038	1039	1040	1043	1044	1045	1046	1047	1048	1049	1050	1052	1053	1054	1055	1056	1057	1058	1059	1060	1061	1062	1063	1064	1065	1066	1067	1068	1069	1070	1073	1074	1075	1078	1079	1081	1082	1083	1084	1085	1086	1087	1088	1089	1090	1091	1093	1094	1095	1096	1097	1098	1099	1100	1101	1102	1103	1105	1107	1108	1109	1110	1111	1112	1114	1115	1116	1117	1118	1119	1120	1121	1123	1124	1125	1126	1127	1128	1129	1130	1131	1132	1133	1134	1135	1136	1137	1138	1139	1141	1143	1144	1145	1146	1147	1148	1149	1150	1151	1152	1153	1154	1155	1156	1157	1158	1160	1161	1162	1163	1164	1165	1166	1167	1168	1169	1170	1171	1172	1173	1174	1175	1176	1177	1179	1180	1181	1182	1183	1184	1186	1187	1188	1189	1190	1191	1192	1194	1196	1197	1198	1199	1200	1202	1204	1205	1206	1207	1208	1209	1210	1211	1212	1213	1214	1215	1216	1217	1218	1219	1220	1221	1222	1223	1224	1225	1227	1228	1229	1230	1231	1232	1233	1234	1235	1238	1239	1240	
64	64	50	1010	1018	1019	1022	1032	1039	1043	1051	1054	1055	1059	1061	1066	1072	1073	1077	1078	1087	1092	1098	1100	1104	1109	1119	1129	1134	1137	1138	1141	1143	1146	1154	1157	1158	1163	1167	1170	1171	1179	1183	1193	1198	1199	1201	1211	1212	1216	1220	1227	1232	
65	65	119	1001	1004	1006	1007	1009	1010	1011	1014	1015	1016	1017	1019	1021	1022	1026	1029	1036	1037	1038	1039	1040	1042	1044	1045	1049	1050	1051	1052	1057	1060	1061	1063	1064	1068	1069	1071	1073	1074	1075	1076	1078	1082	1085	1089	1091	1094	1100	1102	1103	1104	1105	1107	1109	1110	1111	1112	1114	1121	1125	1126	1127	1131	1133	1135	1136	1139	1144	1145	1148	1149	1150	1151	1155	1157	1158	1163	1164	1165	1166	1167	1168	1170	1172	1173	1177	1179	1180	1181	1182	1185	1188	1195	1197	1198	1199	1200	1201	1203	1204	1205	1208	1210	1211	1213	1214	1216	1217	1219	1220	1221	1222	1224	1225	1226	1230	1233	1235	1236	1238	
66	66	66	1002	1004	1006	1007	1010	1013	1015	1017	1018	1020	1025	1041	1055	1057	1058	1060	1066	1068	1069	1071	1072	1075	1077	1087	1088	1090	1092	1094	1096	1104	1105	1107	1119	1120	1121	1123	1125	1126	1131	1133	1134	1139	1141	1145	1146	1150	1154	1162	1168	1173	1175	1176	1179	1180	1183	1189	1192	1193	1205	1208	1211	1218	1225	1226	1229	1240	
67	67	211	1002	1003	1007	1008	1009	1010	1011	1012	1013	1014	1015	1016	1017	1018	1019	1022	1023	1024	1025	1026	1027	1028	1029	1030	1031	1032	1033	1034	1035	1038	1040	1041	1042	1043	1044	1045	1047	1048	1049	1050	1051	1052	1053	1054	1055	1056	1057	1058	1059	1060	1061	1062	1063	1064	1065	1066	1067	1068	1069	1070	1071	1072	1073	1074	1075	1076	1077	1078	1079	1080	1081	1082	1084	1085	1086	1087	1088	1089	1091	1092	1093	1094	1095	1096	1097	1098	1099	1100	1101	1102	1103	1104	1105	1106	1107	1108	1109	1110	1111	1112	1113	1116	1117	1118	1119	1120	1121	1122	1123	1124	1125	1126	1127	1128	1129	1130	1131	1132	1133	1135	1137	1139	1140	1141	1142	1143	1144	1146	1147	1148	1149	1150	1151	1152	1153	1154	1156	1157	1158	1160	1161	1162	1163	1164	1165	1166	1167	1168	1169	1170	1172	1173	1174	1175	1176	1177	1178	1179	1180	1181	1183	1184	1185	1186	1187	1189	1190	1191	1192	1193	1194	1195	1197	1198	1199	1200	1201	1202	1203	1204	1205	1206	1207	1208	1209	1210	1211	1212	1213	1214	1215	1216	1217	1218	1219	1220	1221	1222	1224	1225	1226	1227	1229	1231	1232	1233	1234	1236	1237	1239	1240	
68	68	180	1001	1003	1004	1005	1006	1007	1008	1011	1012	1013	1014	1016	1018	1020	1021	1022	1023	1024	1025	1028	1029	1030	1032	1033	1034	1036	1037	1038	1039	1040	1041	1042	1044	1045	1047	1048	1049	1050	1051	1052	1053	1055	1057	1058	1059	1060	1062	1063	1064	1065	1066	1069	1070	1072	1073	1074	1075	1077	1079	1080	1081	1082	1084	1085	1086	1087	1088	1089	1090	1091	1092	1093	1094	1095	1096	1098	1099	1100	1103	1105	1106	1107	1108	1110	1111	1112	1114	1115	1116	1117	1118	1119	1120	1121	1122	1123	1124	1126	1129	1130	1131	1132	1134	1136	1137	1138	1140	1141	1144	1145	1148	1150	1151	1152	1154	1155	1156	1157	1158	1160	1161	1162	1164	1165	1166	1167	1168	1170	1172	1173	1174	1175	1178	1179	1180	1181	1182	1183	1184	1187	1189	1190	1191	1192	1193	1195	1198	1199	1200	1201	1203	1204	1205	1206	1207	1211	1212	1213	1214	1215	1216	1217	1218	1219	1221	1222	1224	1225	1226	1229	1230	1231	1232	1233	1234	1236	1237	1238	1239	1240	
69	69	228	1001	1002	1003	1004	1005	1006	1007	1008	1009	1010	1011	1012	1013	1014	1017	1018	1019	1020	1021	1022	1023	1024	1025	1026	1027	1028	1029	1030	1031	1032	1033	1034	1035	1036	1037	1038	1040	1041	1043	1044	1045	1046	1047	1048	1049	1050	1051	1052	1053	1054	1055	1056	1057	1058	1059	1060	1061	1062	1064	1065	1067	1068	1070	1071	1072	1073	1074	1075	1076	1077	1078	1079	1080	1081	1083	1084	1085	1086	1087	1088	1089	1090	1091	1092	1093	1094	1095	1096	1097	1098	1099	1101	1102	1103	1104	1105	1106	1107	1108	1109	1110	1111	1112	1113	1114	1115	1116	1117	1118	1119	1120	1121	1122	1123	1124	1125	1127	1128	1129	1130	1131	1133	1134	1135	1136	1137	1138	1139	1140	1141	1142	1143	1145	1146	1147	1148	1149	1150	1151	1152	1153	1154	1155	1156	1157	1158	1159	1160	1161	1162	1163	1164	1165	1166	1167	1168	1169	1170	1171	1172	1173	1174	1175	1176	1177	1178	1179	1180	1181	1182	1183	1184	1185	1186	1187	1188	1189	1190	1191	1192	1193	1194	1195	1196	1197	1198	1199	1200	1201	1202	1203	1204	1205	1206	1207	1208	1209	1210	1211	1212	1213	1214	1215	1216	1217	1218	1219	1220	1221	1222	1223	1224	1225	1226	1227	1228	1229	1230	1231	1232	1233	1234	1235	1236	1237	1238	1239	1240	
70	70	228	1001	1002	1003	1004	1005	1006	1007	1008	1009	1010	1011	1012	1013	1014	1015	1017	1018	1019	1020	1021	1022	1023	1024	1025	1026	1027	1028	1029	1030	1031	1032	1033	1034	1035	1036	1037	1038	1039	1041	1042	1043	1044	1046	1047	1048	1049	1050	1051	1052	1053	1054	1055	1056	1058	1059	1060	1061	1062	1063	1064	1065	1066	1067	1068	1069	1070	1071	1072	1073	1074	1075	1076	1077	1078	1079	1080	1081	1082	1083	1084	1085	1086	1087	1088	1089	1090	1091	1092	1094	1095	1096	1097	1098	1099	1100	1101	1103	1104	1105	1106	1107	1108	1109	1111	1112	1113	1114	1115	1116	1117	1119	1120	1121	1122	1123	1124	1125	1126	1128	1129	1130	1131	1132	1133	1134	1135	1136	1137	1138	1139	1141	1142	1143	1144	1145	1146	1147	1148	1149	1150	1151	1152	1153	1154	1155	1156	1157	1158	1159	1160	1161	1162	1163	1164	1165	1166	1167	1168	1169	1170	1171	1172	1173	1174	1175	1176	1177	1178	1179	1180	1181	1182	1183	1184	1185	1186	1187	1188	1189	1190	1191	1192	1193	1194	1195	1196	1197	1198	1199	1200	1201	1202	1203	1204	1205	1206	1207	1208	1209	1210	1211	1212	1213	1214	1215	1216	1217	1218	1219	1220	1221	1223	1224	1225	1226	1227	1228	1229	1230	1231	1232	1233	1234	1235	1236	1237	1238	1240	
71	71	216	1001	1002	1003	1004	1005	1006	1007	1008	1009	1010	1011	1012	1013	1014	1015	1016	1017	1018	1019	1020	1022	1023	1024	1025	1026	1027	1028	1029	1030	1031	1032	1033	1034	1035	1036	1038	1039	1040	1041	1042	1043	1044	1045	1047	1048	1049	1050	1051	1052	1053	1054	1055	1056	1057	1058	1059	1060	1061	1062	1063	1064	1065	1066	1067	1068	1069	1072	1073	1075	1077	1078	1079	1080	1083	1085	1087	1089	1090	1091	1092	1093	1094	1095	1096	1097	1098	1099	1100	1101	1103	1104	1105	1106	1107	1108	1109	1110	1111	1112	1113	1114	1116	1117	1118	1120	1121	1122	1123	1124	1125	1126	1127	1128	1129	1130	1131	1132	1133	1134	1135	1136	1137	1138	1139	1140	1141	1142	1143	1144	1145	1146	1147	1148	1149	1150	1151	1152	1153	1155	1156	1157	1158	1159	1160	1162	1163	1164	1165	1166	1168	1169	1170	1171	1172	1173	1174	1175	1176	1177	1179	1180	1182	1183	1184	1185	1186	1188	1189	1190	1191	1192	1193	1194	1195	1196	1197	1198	1199	1200	1201	1204	1205	1206	1207	1208	1209	1210	1211	1212	1213	1214	1215	1216	1217	1218	1219	1220	1221	1223	1224	1225	1226	1227	1228	1229	1230	1231	1232	1233	1234	1235	1236	1237	1238	1239	1240	
72	72	58	1004	1005	1009	1012	1014	1025	1033	1036	1039	1041	1050	1051	1059	1062	1068	1071	1078	1081	1090	1100	1101	1102	1105	1114	1119	1124	1132	1135	1137	1144	1147	1148	1153	1157	1158	1160	1163	1169	1170	1172	1173	1176	1180	1182	1183	1186	1187	1192	1199	1201	1202	1205	1210	1221	1223	1228	1237	1239	
73	73	55	1007	1014	1020	1028	1030	1032	1036	1037	1038	1039	1045	1046	1047	1055	1061	1063	1064	1065	1067	1068	1073	1079	1081	1086	1091	1106	1108	1112	1117	1122	1130	1132	1136	1139	1150	1164	1167	1169	1170	1172	1173	1178	1187	1191	1197	1198	1203	1207	1208	1210	1219	1225	1236	1239	1240	
74	74	145	1001	1005	1007	1008	1009	1010	1012	1015	1016	1017	1018	1019	1020	1021	1023	1024	1025	1026	1027	1028	1029	1030	1033	1034	1035	1038	1039	1040	1041	1042	1045	1047	1048	1049	1050	1051	1052	1055	1056	1058	1061	1062	1063	1066	1068	1069	1070	1072	1073	1074	1075	1077	1080	1082	1084	1085	1086	1087	1088	1089	1090	1092	1093	1096	1097	1099	1101	1102	1106	1107	1108	1109	1110	1111	1113	1114	1117	1118	1119	1121	1125	1127	1128	1129	1130	1131	1132	1133	1135	1138	1145	1147	1148	1152	1153	1156	1159	1163	1168	1169	1170	1171	1174	1175	1178	1179	1180	1184	1186	1187	1188	1189	1191	1193	1194	1195	1197	1198	1200	1201	1202	1203	1204	1205	1206	1207	1208	1213	1216	1217	1218	1220	1226	1227	1228	1229	1230	1231	1232	1233	1235	1236	1238	1239	1240	
75	75	191	1002	1004	1005	1006	1007	1008	1009	1010	1011	1012	1013	1015	1016	1017	1019	1021	1022	1023	1024	1025	1026	1028	1029	1030	1031	1034	1035	1037	1038	1039	1040	1041	1042	1043	1045	1046	1047	1048	1049	1050	1051	1052	1053	1054	1055	1057	1058	1059	1060	1061	1063	1064	1065	1066	1067	1069	1070	1071	1072	1073	1074	1077	1078	1079	1080	1082	1083	1084	1085	1086	1087	1088	1089	1090	1091	1093	1094	1095	1096	1097	1098	1099	1100	1101	1102	1103	1104	1105	1106	1107	1108	1109	1110	1112	1113	1115	1116	1118	1119	1121	1122	1123	1124	1125	1126	1127	1128	1129	1130	1131	1132	1133	1134	1135	1136	1137	1139	1142	1143	1145	1147	1149	1150	1151	1154	1155	1158	1159	1160	1161	1162	1164	1165	1166	1168	1169	1170	1171	1172	1173	1174	1176	1177	1178	1179	1180	1181	1183	1184	1185	1186	1188	1190	1191	1193	1195	1196	1197	1200	1201	1203	1204	1205	1206	1207	1208	1209	1210	1211	1212	1213	1214	1218	1219	1220	1221	1222	1223	1224	1226	1227	1228	1230	1232	1233	1235	1236	1237	1238	1239	1240	
76	76	91	1001	1004	1007	1008	1010	1013	1014	1017	1018	1021	1024	1026	1027	1029	1030	1036	1043	1044	1045	1050	1054	1059	1060	1062	1064	1067	1068	1069	1070	1073	1076	1077	1078	1079	1080	1083	1086	1087	1088	1089	1090	1092	1107	1111	1112	1116	1117	1119	1120	1124	1125	1127	1130	1131	1133	1135	1137	1138	1139	1141	1145	1146	1153	1163	1167	1169	1170	1173	1181	1182	1184	1186	1187	1190	1191	1194	1195	1196	1198	1201	1209	1210	1211	1212	1214	1216	1219	1222	1228	1230	1239	
77	77	118	1002	1006	1008	1009	1010	1012	1013	1015	1024	1026	1027	1029	1031	1032	1035	1040	1042	1045	1047	1048	1049	1050	1051	1053	1054	1056	1057	1059	1060	1061	1063	1065	1066	1067	1071	1073	1075	1077	1080	1081	1082	1083	1084	1085	1086	1089	1090	1091	1092	1098	1100	1101	1103	1104	1105	1106	1108	1111	1112	1114	1115	1116	1119	1121	1123	1128	1130	1131	1132	1135	1138	1140	1144	1147	1148	1149	1152	1153	1155	1156	1157	1159	1160	1161	1162	1164	1168	1174	1175	1176	1179	1180	1181	1183	1186	1190	1191	1197	1204	1205	1206	1209	1211	1212	1213	1214	1216	1217	1220	1222	1226	1228	1230	1231	1233	1235	1237	1239	
78	78	130	1001	1002	1003	1004	1005	1006	1007	1010	1011	1012	1015	1016	1018	1019	1023	1025	1026	1027	1028	1030	1031	1033	1036	1038	1041	1042	1043	1044	1046	1047	1049	1050	1051	1052	1054	1055	1061	1063	1065	1069	1072	1074	1075	1077	1079	1080	1081	1082	1085	1086	1087	1088	1089	1094	1095	1096	1097	1099	1101	1102	1103	1104	1106	1108	1110	1112	1113	1115	1116	1117	1121	1126	1127	1128	1129	1131	1133	1134	1138	1141	1143	1144	1146	1147	1148	1149	1150	1151	1152	1153	1154	1157	1164	1166	1171	1172	1173	1175	1177	1179	1180	1181	1182	1183	1184	1185	1190	1193	1195	1196	1197	1200	1202	1204	1207	1208	1209	1210	1213	1214	1216	1217	1220	1221	1227	1229	1231	1234	1237	1238	
79	79	188	1001	1002	1003	1004	1005	1006	1007	1008	1009	1010	1012	1014	1016	1017	1018	1019	1020	1021	1022	1023	1024	1026	1028	1029	1030	1031	1033	1034	1035	1036	1037	1038	1039	1040	1041	1042	1045	1046	1048	1049	1050	1051	1052	1053	1054	1055	1056	1057	1059	1060	1061	1062	1064	1065	1066	1067	1069	1070	1072	1073	1074	1075	1077	1080	1081	1082	1083	1084	1086	1087	1089	1095	1096	1097	1098	1100	1101	1102	1103	1104	1105	1106	1108	1109	1111	1114	1115	1116	1117	1119	1122	1123	1125	1126	1130	1132	1133	1134	1135	1136	1137	1138	1139	1141	1142	1143	1144	1145	1146	1147	1148	1150	1151	1152	1154	1155	1157	1158	1159	1160	1161	1162	1163	1164	1165	1166	1167	1168	1169	1171	1172	1173	1174	1175	1176	1177	1179	1180	1181	1182	1183	1184	1185	1186	1187	1188	1192	1193	1194	1195	1196	1197	1198	1199	1201	1202	1205	1206	1207	1208	1209	1210	1211	1212	1214	1215	1216	1217	1218	1219	1220	1222	1223	1224	1225	1226	1227	1228	1229	1232	1233	1234	1235	1236	1237	1238	1239	1240	
80	80	69	1001	1003	1007	1009	1010	1014	1021	1022	1027	1029	1032	1037	1040	1052	1060	1070	1072	1073	1075	1079	1086	1090	1091	1092	1097	1099	1103	1109	1111	1114	1117	1119	1121	1122	1125	1129	1138	1140	1141	1145	1146	1148	1156	1161	1162	1174	1175	1182	1188	1189	1190	1192	1199	1201	1204	1206	1210	1211	1218	1219	1220	1221	1228	1229	1230	1231	1232	1235	1236	
81	81	197	1001	1002	1003	1004	1005	1007	1010	1011	1012	1013	1014	1015	1016	1017	1019	1020	1021	1022	1023	1024	1025	1026	1027	1028	1029	1030	1031	1032	1034	1035	1036	1038	1039	1040	1042	1043	1045	1047	1048	1049	1050	1051	1053	1055	1056	1057	1058	1059	1060	1061	1062	1063	1064	1065	1066	1067	1070	1071	1072	1073	1075	1076	1077	1078	1079	1081	1082	1084	1085	1086	1087	1088	1089	1090	1091	1092	1094	1096	1097	1099	1101	1102	1103	1104	1105	1106	1107	1108	1109	1110	1111	1112	1113	1114	1115	1116	1117	1118	1119	1120	1122	1125	1127	1128	1129	1130	1131	1132	1135	1137	1138	1139	1140	1141	1142	1143	1144	1145	1146	1147	1148	1150	1151	1152	1153	1154	1156	1157	1159	1161	1163	1164	1165	1166	1167	1168	1169	1170	1172	1173	1175	1176	1177	1179	1180	1181	1182	1185	1187	1188	1189	1190	1191	1193	1194	1195	1196	1198	1199	1200	1202	1203	1204	1205	1206	1207	1208	1209	1210	1211	1212	1213	1214	1215	1216	1217	1218	1219	1220	1221	1222	1224	1225	1226	1227	1228	1229	1230	1231	1232	1233	1234	1235	1236	1237	1238	1239	
82	82	51	1002	1008	1013	1022	1030	1035	1037	1040	1056	1058	1063	1066	1067	1073	1075	1080	1081	1084	1085	1086	1088	1089	1091	1092	1093	1096	1102	1110	1111	1113	1125	1130	1139	1153	1160	1163	1165	1166	1168	1170	1181	1192	1194	1203	1205	1207	1208	1209	1211	1222	1227	
83	83	210	1001	1002	1004	1005	1006	1007	1008	1010	1011	1012	1014	1015	1016	1017	1018	1020	1021	1023	1024	1025	1026	1027	1028	1030	1031	1032	1033	1034	1035	1036	1037	1038	1039	1040	1041	1042	1043	1044	1045	1046	1047	1048	1050	1051	1052	1053	1054	1055	1056	1058	1060	1061	1062	1063	1064	1065	1066	1067	1068	1069	1070	1071	1072	1074	1075	1076	1077	1078	1080	1081	1082	1084	1085	1086	1087	1088	1091	1092	1093	1094	1095	1096	1097	1098	1099	1101	1102	1103	1105	1106	1107	1108	1110	1111	1112	1113	1115	1116	1117	1118	1119	1120	1121	1122	1123	1124	1125	1126	1127	1128	1129	1130	1131	1132	1134	1135	1137	1138	1139	1140	1142	1143	1144	1145	1146	1147	1148	1149	1150	1151	1152	1153	1154	1156	1157	1158	1159	1160	1161	1162	1163	1164	1165	1166	1167	1168	1169	1170	1171	1172	1173	1174	1175	1176	1177	1178	1180	1181	1183	1184	1185	1186	1187	1188	1189	1190	1191	1193	1194	1195	1196	1197	1198	1201	1202	1203	1204	1205	1206	1207	1208	1209	1210	1211	1212	1213	1214	1215	1216	1217	1218	1219	1220	1221	1223	1224	1226	1227	1229	1230	1231	1232	1233	1234	1235	1236	1237	1238	1239	1240	
84	84	239	1001	1002	1003	1004	1005	1006	1007	1008	1009	1010	1011	1012	1013	1014	1015	1016	1017	1018	1019	1020	1021	1022	1023	1024	1025	1027	1028	1029	1030	1031	1032	1033	1034	1035	1036	1037	1038	1039	1040	1041	1042	1043	1044	1045	1046	1047	1048	1049	1050	1051	1052	1053	1054	1055	1056	1057	1058	1059	1060	1061	1062	1063	1064	1065	1066	1067	1068	1069	1070	1071	1072	1073	1074	1075	1076	1077	1078	1079	1080	1081	1082	1083	1084	1085	1086	1087	1088	1089	1090	1091	1092	1093	1094	1095	1096	1097	1098	1099	1100	1101	1102	1103	1104	1105	1106	1107	1108	1109	1110	1111	1112	1113	1114	1115	1116	1117	1118	1119	1120	1121	1122	1123	1124	1125	1126	1127	1128	1129	1130	1131	1132	1133	1134	1135	1136	1137	1138	1139	1140	1141	1142	1143	1144	1145	1146	1147	1148	1149	1150	1151	1152	1153	1154	1155	1156	1157	1158	1159	1160	1161	1162	1163	1164	1165	1166	1167	1168	1169	1170	1171	1172	1173	1174	1175	1176	1177	1178	1179	1180	1181	1182	1183	1184	1185	1186	1187	1188	1189	1190	1191	1192	1193	1194	1195	1196	1197	1198	1199	1200	1201	1202	1203	1204	1205	1206	1207	1208	1209	1210	1211	1212	1213	1214	1215	1216	1217	1218	1219	1220	1221	1222	1223	1224	1225	1226	1227	1228	1229	1230	1231	1232	1233	1234	1235	1236	1237	1238	1239	1240	
85	85	141	1001	1002	1004	1005	1006	1007	1008	1011	1013	1016	1017	1019	1021	1022	1026	1029	1033	1035	1036	1037	1038	1039	1048	1049	1052	1054	1055	1056	1059	1060	1062	1066	1068	1069	1071	1072	1073	1074	1075	1076	1077	1078	1082	1083	1088	1093	1095	1100	1101	1103	1104	1105	1106	1107	1108	1109	1110	1112	1113	1114	1115	1117	1118	1119	1120	1122	1123	1124	1125	1126	1127	1128	1130	1133	1134	1135	1136	1138	1140	1141	1143	1144	1146	1147	1149	1153	1154	1156	1158	1159	1160	1161	1163	1165	1166	1167	1169	1171	1173	1174	1175	1176	1177	1182	1184	1185	1187	1188	1189	1191	1193	1197	1198	1199	1200	1202	1203	1204	1209	1210	1213	1214	1215	1216	1218	1219	1220	1221	1223	1224	1225	1226	1227	1228	1229	1231	1234	1235	1237	1239	1240	
86	86	208	1001	1002	1003	1004	1005	1006	1008	1009	1010	1011	1012	1013	1016	1017	1018	1019	1020	1021	1022	1023	1024	1025	1026	1027	1028	1029	1030	1031	1032	1033	1034	1035	1036	1037	1040	1041	1043	1044	1045	1047	1048	1049	1051	1052	1053	1056	1057	1058	1059	1060	1061	1062	1063	1064	1065	1066	1067	1068	1069	1070	1071	1072	1073	1074	1075	1076	1077	1078	1079	1080	1081	1082	1083	1084	1085	1087	1088	1089	1090	1091	1093	1094	1095	1096	1097	1098	1099	1100	1101	1102	1103	1104	1105	1106	1107	1108	1109	1111	1112	1113	1114	1115	1116	1117	1118	1119	1120	1122	1123	1124	1125	1126	1128	1129	1130	1131	1132	1134	1135	1136	1137	1138	1139	1140	1141	1142	1143	1144	1146	1147	1148	1149	1150	1151	1152	1153	1154	1155	1156	1157	1158	1161	1162	1163	1164	1165	1166	1168	1169	1170	1172	1175	1176	1177	1178	1179	1180	1181	1182	1184	1186	1187	1188	1189	1190	1191	1192	1193	1194	1195	1197	1198	1199	1200	1201	1203	1204	1205	1206	1207	1208	1209	1210	1211	1212	1213	1214	1215	1216	1217	1218	1220	1221	1222	1223	1224	1225	1226	1227	1228	1229	1231	1232	1234	1235	1236	1237	1238	
87	87	70	1007	1009	1010	1011	1015	1016	1021	1025	1027	1032	1035	1037	1039	1040	1043	1044	1049	1050	1052	1063	1064	1068	1073	1079	1081	1083	1084	1088	1089	1091	1093	1096	1099	1109	1112	1115	1119	1126	1127	1131	1134	1136	1137	1138	1139	1141	1142	1145	1149	1152	1163	1164	1171	1176	1187	1192	1193	1194	1204	1206	1207	1210	1212	1213	1218	1221	1224	1227	1230	1232	
88	88	89	1001	1002	1003	1004	1008	1009	1011	1013	1017	1023	1024	1027	1031	1034	1040	1041	1045	1049	1056	1059	1061	1067	1068	1071	1074	1076	1079	1080	1085	1086	1090	1096	1100	1101	1103	1107	1108	1111	1112	1115	1116	1118	1119	1123	1127	1129	1130	1132	1134	1136	1140	1146	1147	1152	1154	1155	1156	1157	1159	1160	1163	1169	1170	1171	1172	1176	1177	1180	1183	1184	1190	1191	1192	1195	1197	1201	1202	1207	1211	1213	1214	1216	1221	1223	1225	1233	1237	1238	1240	
89	89	145	1003	1004	1005	1006	1007	1009	1010	1012	1016	1017	1019	1020	1021	1022	1023	1024	1026	1027	1028	1030	1032	1034	1035	1036	1037	1038	1039	1041	1042	1043	1049	1050	1051	1053	1054	1055	1060	1061	1062	1063	1065	1066	1067	1069	1071	1073	1074	1076	1078	1081	1083	1084	1085	1086	1087	1089	1091	1093	1094	1096	1097	1099	1100	1104	1106	1107	1111	1113	1114	1115	1117	1118	1120	1121	1122	1123	1124	1125	1126	1127	1128	1129	1131	1132	1134	1135	1138	1140	1143	1146	1148	1149	1150	1152	1153	1156	1157	1160	1162	1164	1165	1166	1167	1169	1172	1173	1174	1175	1176	1177	1180	1181	1184	1185	1188	1189	1190	1191	1193	1198	1199	1200	1201	1203	1205	1207	1209	1210	1217	1219	1220	1222	1223	1224	1225	1227	1228	1229	1230	1231	1234	1235	1237	1239	1240	
90	90	192	1002	1003	1004	1005	1006	1007	1008	1010	1012	1013	1014	1015	1016	1017	1018	1019	1020	1021	1022	1023	1024	1025	1027	1030	1032	1034	1035	1036	1037	1039	1040	1041	1042	1045	1046	1048	1049	1050	1051	1053	1054	1055	1056	1057	1058	1059	1060	1061	1062	1063	1064	1065	1066	1068	1070	1071	1072	1073	1074	1075	1076	1077	1078	1080	1081	1082	1083	1084	1086	1087	1088	1089	1090	1091	1093	1094	1095	1096	1097	1098	1099	1101	1102	1104	1105	1106	1107	1109	1110	1111	1113	1114	1115	1116	1117	1118	1120	1121	1122	1125	1126	1127	1129	1130	1131	1132	1134	1135	1136	1138	1141	1142	1143	1144	1145	1146	1147	1148	1149	1150	1151	1152	1154	1155	1156	1157	1158	1159	1162	1163	1166	1167	1169	1170	1171	1172	1173	1176	1177	1178	1179	1181	1182	1183	1184	1185	1186	1187	1188	1190	1191	1192	1193	1194	1195	1196	1197	1198	1199	1200	1201	1202	1203	1204	1205	1206	1207	1209	1210	1211	1212	1214	1215	1216	1218	1219	1220	1223	1224	1225	1226	1227	1228	1229	1232	1233	1234	1235	1236	1237	1239	1240	
91	91	149	1003	1005	1006	1007	1008	1009	1013	1014	1015	1016	1018	1019	1022	1025	1026	1028	1029	1030	1031	1032	1034	1035	1037	1038	1039	1040	1041	1043	1044	1045	1046	1047	1051	1052	1053	1054	1055	1056	1057	1058	1059	1062	1063	1064	1067	1070	1071	1073	1074	1075	1076	1080	1081	1083	1084	1085	1086	1087	1088	1089	1091	1092	1093	1095	1096	1098	1099	1100	1102	1103	1106	1107	1112	1115	1118	1120	1122	1124	1125	1130	1131	1133	1135	1136	1138	1139	1140	1143	1145	1146	1147	1148	1151	1152	1154	1155	1157	1158	1159	1164	1165	1169	1170	1171	1172	1173	1174	1175	1176	1179	1181	1183	1185	1186	1188	1189	1190	1191	1192	1193	1195	1196	1198	1200	1201	1202	1205	1206	1207	1208	1209	1210	1213	1214	1216	1217	1220	1222	1224	1226	1227	1229	1232	1233	1234	1235	1236	1237	1240	
92	92	60	1009	1012	1019	1037	1042	1044	1045	1046	1050	1057	1059	1062	1071	1072	1074	1075	1077	1081	1082	1087	1089	1094	1096	1100	1101	1106	1120	1126	1128	1130	1135	1136	1137	1140	1145	1150	1151	1160	1163	1168	1169	1176	1182	1187	1188	1195	1197	1198	1201	1202	1205	1208	1212	1217	1223	1226	1230	1232	1237	1239	
93	93	74	1003	1006	1007	1010	1014	1015	1019	1024	1032	1034	1036	1043	1045	1046	1047	1056	1060	1061	1065	1068	1070	1071	1072	1074	1075	1078	1083	1084	1094	1102	1103	1106	1107	1128	1129	1130	1139	1141	1148	1150	1153	1161	1163	1164	1168	1169	1175	1176	1177	1179	1183	1184	1188	1189	1192	1194	1196	1199	1200	1201	1205	1208	1210	1215	1217	1218	1219	1220	1222	1223	1224	1229	1234	1235	
94	94	120	1001	1002	1004	1005	1006	1007	1008	1009	1011	1014	1016	1017	1018	1023	1029	1031	1032	1034	1035	1037	1039	1041	1043	1045	1046	1048	1049	1050	1051	1052	1054	1056	1058	1059	1060	1062	1064	1066	1067	1069	1070	1072	1073	1077	1080	1082	1085	1086	1087	1088	1090	1091	1094	1100	1101	1102	1104	1105	1106	1108	1109	1111	1114	1115	1118	1119	1121	1122	1125	1128	1129	1130	1131	1132	1133	1135	1137	1139	1141	1144	1145	1146	1147	1152	1153	1156	1157	1165	1168	1170	1171	1172	1178	1179	1180	1181	1185	1187	1189	1191	1193	1197	1198	1199	1200	1205	1207	1213	1215	1220	1223	1224	1225	1226	1228	1229	1230	1236	1239	1240	
95	95	221	1001	1002	1003	1004	1005	1006	1007	1008	1009	1010	1011	1012	1013	1014	1015	1016	1017	1018	1019	1020	1021	1022	1023	1024	1025	1026	1027	1028	1029	1030	1031	1032	1033	1034	1035	1036	1037	1038	1040	1041	1042	1044	1045	1046	1049	1050	1051	1052	1053	1054	1055	1056	1057	1058	1059	1060	1061	1062	1063	1064	1065	1066	1067	1068	1069	1070	1071	1072	1073	1074	1075	1076	1077	1078	1079	1080	1082	1084	1085	1086	1087	1089	1090	1091	1092	1093	1094	1095	1096	1097	1098	1099	1100	1101	1102	1103	1104	1105	1106	1107	1109	1110	1111	1113	1114	1115	1116	1117	1118	1119	1120	1121	1122	1123	1124	1125	1126	1127	1128	1129	1130	1131	1132	1133	1134	1135	1136	1138	1139	1140	1141	1142	1143	1144	1145	1146	1147	1148	1149	1150	1152	1153	1154	1155	1156	1157	1158	1159	1160	1161	1162	1164	1165	1166	1167	1168	1169	1171	1172	1173	1175	1176	1177	1178	1179	1180	1181	1182	1183	1185	1186	1187	1188	1189	1190	1191	1192	1193	1194	1195	1196	1197	1198	1199	1200	1202	1203	1204	1205	1206	1207	1208	1209	1210	1211	1212	1213	1215	1216	1217	1218	1219	1220	1221	1222	1223	1224	1225	1226	1227	1228	1229	1230	1231	1232	1233	1234	1235	1236	1238	1239	
96	96	120	1003	1005	1007	1008	1013	1014	1015	1021	1025	1026	1028	1032	1034	1036	1039	1040	1044	1047	1050	1051	1054	1055	1057	1063	1065	1068	1070	1073	1074	1077	1080	1081	1083	1085	1087	1088	1090	1092	1096	1098	1099	1101	1103	1104	1105	1107	1109	1110	1111	1112	1114	1119	1120	1123	1124	1125	1126	1129	1130	1131	1133	1134	1137	1138	1139	1141	1145	1147	1148	1149	1150	1151	1153	1155	1156	1162	1164	1165	1167	1170	1171	1172	1173	1175	1176	1177	1178	1181	1182	1183	1185	1187	1188	1193	1197	1199	1201	1202	1204	1205	1206	1207	1208	1211	1212	1213	1214	1215	1216	1217	1230	1231	1232	1233	1234	1235	1237	1238	1239	1240	
97	97	129	1001	1003	1007	1010	1011	1015	1017	1022	1026	1027	1028	1032	1036	1037	1042	1044	1046	1049	1050	1052	1053	1054	1055	1057	1058	1059	1061	1062	1063	1064	1067	1069	1070	1072	1073	1074	1075	1076	1077	1079	1081	1083	1086	1088	1089	1094	1096	1097	1100	1102	1104	1106	1107	1110	1113	1116	1117	1118	1119	1120	1121	1122	1123	1124	1127	1128	1130	1133	1134	1135	1137	1141	1145	1146	1147	1148	1151	1152	1153	1156	1157	1162	1163	1164	1166	1167	1169	1177	1180	1182	1183	1185	1188	1189	1191	1193	1194	1196	1197	1198	1203	1204	1205	1206	1208	1210	1211	1212	1213	1214	1215	1216	1219	1220	1221	1224	1225	1226	1227	1228	1230	1231	1233	1234	1235	1236	1238	1239	1240	
98	98	126	1001	1002	1004	1005	1006	1008	1009	1010	1011	1013	1015	1016	1019	1021	1023	1024	1025	1026	1030	1032	1033	1034	1035	1037	1039	1040	1042	1048	1049	1052	1053	1054	1056	1057	1060	1061	1062	1066	1071	1072	1073	1076	1078	1079	1081	1085	1086	1087	1089	1092	1093	1094	1095	1098	1099	1103	1104	1107	1109	1110	1112	1113	1116	1119	1122	1123	1125	1127	1130	1131	1135	1136	1137	1139	1140	1142	1143	1146	1148	1149	1150	1153	1154	1155	1156	1157	1158	1160	1162	1164	1166	1169	1170	1171	1172	1173	1175	1177	1181	1183	1185	1188	1193	1196	1198	1202	1203	1205	1207	1208	1210	1211	1212	1214	1215	1217	1219	1221	1223	1226	1228	1229	1231	1234	1237	1238	
99	99	230	1001	1002	1003	1004	1005	1006	1007	1008	1009	1010	1011	1012	1013	1014	1015	1016	1017	1018	1019	1020	1021	1022	1023	1024	1025	1027	1028	1029	1030	1031	1032	1033	1034	1035	1036	1037	1038	1039	1040	1041	1042	1043	1044	1045	1046	1047	1048	1049	1050	1051	1053	1054	1055	1057	1058	1059	1060	1061	1062	1063	1064	1065	1066	1067	1068	1069	1070	1071	1072	1073	1074	1075	1076	1077	1078	1080	1081	1082	1083	1084	1085	1086	1087	1088	1089	1090	1091	1092	1093	1094	1095	1096	1097	1098	1099	1101	1102	1103	1105	1106	1107	1108	1109	1110	1111	1112	1113	1114	1115	1116	1117	1118	1119	1120	1121	1122	1123	1124	1125	1126	1127	1128	1129	1130	1131	1132	1133	1134	1135	1136	1137	1138	1139	1140	1141	1142	1143	1144	1145	1146	1147	1148	1149	1150	1151	1152	1153	1154	1156	1158	1159	1160	1161	1162	1163	1164	1165	1166	1167	1168	1169	1170	1171	1172	1173	1174	1175	1176	1177	1178	1179	1180	1181	1182	1183	1184	1185	1186	1187	1188	1189	1190	1191	1192	1193	1195	1196	1197	1198	1199	1200	1201	1202	1203	1204	1205	1206	1207	1208	1209	1211	1212	1213	1214	1215	1216	1217	1218	1219	1220	1221	1222	1223	1224	1225	1226	1227	1228	1229	1230	1231	1232	1233	1234	1235	1236	1237	1238	1239	1240	
100	100	234	1001	1002	1003	1004	1005	1006	1007	1008	1009	1010	1011	1012	1013	1014	1015	1016	1017	1018	1019	1020	1021	1022	1023	1024	1025	1026	1027	1028	1029	1030	1031	1032	1033	1034	1035	1036	1037	1038	1039	1040	1041	1042	1043	1044	1045	1047	1048	1049	1050	1051	1052	1053	1054	1055	1056	1057	1058	1059	1060	1061	1062	1063	1064	1065	1066	1067	1068	1069	1070	1071	1073	1074	1075	1076	1077	1078	1079	1080	1081	1082	1083	1084	1085	1086	1087	1089	1090	1091	1092	1093	1094	1095	1096	1097	1098	1099	1100	1101	1102	1103	1104	1105	1106	1107	1110	1111	1112	1113	1114	1115	1116	1117	1118	1119	1120	1121	1122	1123	1124	1125	1126	1127	1128	1129	1130	1131	1132	1133	1134	1135	1136	1137	1138	1139	1140	1141	1142	1143	1144	1145	1146	1147	1148	1149	1150	1151	1152	1153	1154	1155	1156	1157	1158	1159	1160	1161	1162	1163	1164	1165	1166	1167	1168	1169	1170	1171	1172	1174	1175	1176	1177	1178	1179	1180	1181	1182	1183	1184	1185	1186	1187	1188	1189	1190	1191	1192	1193	1194	1195	1196	1197	1198	1199	1200	1201	1202	1203	1204	1205	1206	1207	1208	1209	1210	1211	1212	1213	1214	1215	1216	1217	1218	1219	1220	1221	1222	1223	1224	1225	1226	1227	1228	1229	1230	1231	1232	1233	1234	1235	1236	1237	1238	1239	1240	
101	101	79	1001	1002	1003	1005	1009	1013	1018	1020	1023	1030	1031	1034	1038	1042	1043	1046	1047	1048	1050	1059	1062	1064	1066	1067	1070	1072	1073	1076	1080	1081	1083	1084	1089	1090	1094	1095	1096	1101	1105	1108	1109	1122	1124	1125	1127	1130	1133	1135	1136	1139	1145	1146	1149	1154	1159	1174	1178	1179	1193	1194	1195	1196	1198	1199	1201	1203	1204	1206	1208	1210	1214	1216	1218	1224	1225	1230	1231	1232	1233	
102	102	178	1001	1002	1003	1004	1005	1006	1007	1009	1010	1011	1014	1015	1016	1017	1018	1019	1020	1021	1022	1023	1024	1025	1026	1028	1029	1030	1033	1034	1035	1036	1037	1038	1041	1043	1045	1046	1047	1048	1049	1050	1051	1052	1053	1055	1056	1057	1058	1059	1061	1064	1066	1069	1070	1071	1072	1073	1074	1076	1077	1079	1080	1081	1084	1085	1086	1087	1088	1090	1091	1092	1093	1094	1098	1099	1100	1101	1102	1103	1105	1106	1108	1110	1111	1112	1113	1114	1115	1116	1117	1118	1119	1120	1122	1123	1124	1125	1126	1128	1129	1130	1131	1132	1133	1134	1138	1140	1141	1143	1145	1147	1149	1150	1152	1154	1155	1156	1157	1158	1159	1161	1162	1163	1164	1165	1167	1169	1170	1171	1172	1173	1175	1176	1177	1178	1181	1183	1185	1186	1187	1188	1191	1192	1193	1194	1195	1196	1197	1198	1199	1200	1201	1202	1205	1206	1207	1208	1209	1210	1212	1213	1214	1217	1218	1219	1220	1221	1222	1223	1224	1225	1227	1228	1231	1232	1234	1236	1237	1240	
103	103	119	1002	1003	1007	1008	1009	1012	1013	1014	1017	1022	1023	1025	1026	1030	1036	1038	1039	1040	1043	1045	1046	1047	1056	1057	1058	1059	1060	1061	1062	1063	1065	1067	1069	1070	1072	1073	1074	1076	1077	1079	1080	1083	1085	1086	1090	1093	1094	1095	1096	1097	1100	1105	1106	1108	1110	1111	1114	1116	1117	1121	1125	1127	1128	1132	1133	1136	1137	1139	1140	1142	1143	1144	1146	1147	1148	1149	1154	1156	1157	1158	1160	1161	1162	1163	1164	1168	1170	1171	1172	1173	1174	1176	1177	1181	1182	1184	1187	1192	1201	1203	1205	1206	1207	1209	1212	1213	1214	1217	1221	1222	1223	1224	1225	1226	1233	1235	1238	1239	1240	
104	104	217	1001	1002	1004	1005	1006	1007	1008	1009	1010	1011	1012	1013	1016	1018	1019	1020	1021	1022	1023	1024	1025	1026	1027	1028	1030	1031	1032	1033	1034	1036	1038	1039	1040	1041	1042	1043	1044	1045	1046	1047	1048	1049	1051	1052	1053	1054	1055	1057	1058	1059	1060	1061	1062	1063	1064	1065	1066	1067	1068	1069	1070	1071	1072	1073	1074	1075	1076	1077	1078	1079	1080	1081	1082	1083	1084	1085	1086	1088	1090	1091	1092	1093	1094	1095	1096	1097	1098	1099	1100	1101	1102	1103	1104	1105	1106	1107	1108	1109	1110	1111	1112	1113	1114	1115	1116	1117	1118	1119	1122	1123	1124	1125	1126	1127	1128	1130	1131	1132	1133	1135	1136	1137	1138	1139	1140	1141	1142	1143	1144	1145	1146	1147	1148	1149	1150	1151	1152	1154	1155	1156	1157	1160	1161	1162	1163	1164	1165	1166	1167	1168	1169	1170	1171	1172	1173	1174	1175	1176	1178	1179	1180	1181	1182	1183	1184	1185	1186	1187	1188	1189	1190	1191	1194	1195	1196	1198	1199	1200	1202	1203	1204	1205	1206	1207	1208	1209	1210	1211	1212	1213	1214	1215	1216	1217	1218	1219	1220	1221	1222	1223	1224	1225	1226	1227	1228	1229	1230	1231	1232	1233	1234	1235	1236	1237	1238	1239	1240	
105	105	188	1001	1002	1003	1005	1007	1009	1011	1012	1013	1014	1015	1016	1017	1018	1020	1021	1022	1023	1025	1027	1028	1029	1030	1032	1033	1034	1035	1036	1037	1038	1039	1040	1041	1044	1045	1046	1047	1048	1049	1050	1051	1052	1053	1054	1057	1060	1061	1063	1064	1065	1066	1068	1069	1070	1071	1073	1074	1075	1076	1077	1079	1081	1082	1084	1085	1086	1088	1090	1091	1092	1093	1095	1096	1098	1099	1100	1101	1103	1104	1107	1108	1111	1112	1114	1115	1116	1117	1119	1120	1121	1122	1124	1125	1127	1128	1129	1131	1133	1134	1135	1137	1138	1139	1140	1142	1143	1144	1145	1146	1147	1148	1149	1150	1151	1152	1154	1156	1157	1159	1161	1164	1165	1166	1167	1168	1169	1170	1171	1172	1173	1174	1175	1176	1177	1178	1179	1180	1181	1184	1185	1186	1187	1188	1189	1190	1191	1192	1193	1194	1195	1196	1197	1198	1199	1200	1201	1202	1205	1206	1207	1208	1209	1210	1211	1212	1213	1214	1215	1216	1217	1218	1219	1222	1223	1224	1225	1226	1227	1228	1229	1231	1232	1233	1234	1236	1238	1239	1240	
106	106	156	1001	1002	1004	1005	1006	1007	1009	1011	1013	1015	1016	1018	1020	1021	1022	1025	1027	1028	1030	1032	1033	1034	1036	1037	1039	1042	1043	1046	1047	1048	1052	1053	1054	1056	1057	1059	1060	1061	1062	1064	1071	1072	1074	1075	1077	1078	1079	1080	1082	1083	1084	1085	1086	1087	1088	1089	1090	1093	1094	1095	1096	1097	1098	1099	1102	1103	1105	1107	1108	1110	1111	1112	1114	1117	1119	1122	1125	1126	1129	1130	1131	1132	1134	1135	1136	1137	1138	1141	1142	1143	1144	1146	1147	1149	1150	1152	1153	1154	1155	1156	1158	1159	1160	1162	1163	1164	1165	1166	1167	1169	1171	1172	1175	1176	1178	1179	1180	1181	1183	1184	1185	1186	1188	1190	1192	1194	1196	1197	1198	1199	1200	1202	1203	1204	1205	1208	1210	1212	1213	1214	1215	1218	1219	1220	1221	1223	1226	1227	1228	1229	1231	1233	1234	1237	1238	1240	
107	107	109	1001	1002	1003	1004	1006	1007	1017	1018	1019	1020	1023	1026	1028	1029	1030	1034	1035	1036	1037	1039	1041	1042	1043	1045	1046	1047	1048	1050	1053	1054	1055	1056	1058	1060	1061	1062	1064	1065	1066	1068	1069	1070	1071	1074	1079	1082	1084	1085	1088	1089	1090	1091	1092	1093	1095	1098	1099	1102	1104	1105	1108	1113	1117	1118	1121	1125	1129	1134	1138	1139	1140	1141	1143	1145	1146	1148	1153	1154	1157	1159	1166	1167	1168	1173	1174	1176	1179	1182	1185	1194	1199	1200	1201	1203	1205	1206	1207	1208	1211	1213	1215	1219	1222	1225	1228	1230	1231	1232	1235	
108	108	95	1001	1005	1008	1009	1010	1012	1013	1014	1015	1017	1019	1021	1025	1026	1028	1032	1045	1047	1048	1049	1058	1060	1061	1065	1068	1077	1081	1084	1094	1096	1097	1104	1105	1107	1108	1111	1112	1113	1115	1117	1120	1122	1124	1126	1127	1128	1132	1133	1134	1136	1137	1140	1141	1143	1145	1151	1152	1153	1157	1158	1162	1163	1164	1168	1169	1170	1175	1180	1182	1187	1188	1189	1193	1195	1196	1197	1200	1207	1210	1212	1213	1217	1218	1219	1222	1225	1226	1227	1228	1232	1233	1234	1238	1239	1240	
109	109	89	1002	1003	1006	1009	1018	1021	1025	1026	1027	1028	1040	1043	1045	1046	1050	1057	1058	1059	1062	1063	1064	1065	1067	1068	1071	1072	1074	1075	1081	1085	1088	1091	1094	1097	1101	1102	1103	1105	1107	1108	1109	1111	1113	1115	1118	1120	1121	1123	1125	1126	1128	1129	1132	1137	1140	1142	1145	1147	1148	1151	1157	1158	1159	1162	1165	1168	1178	1181	1182	1183	1185	1186	1187	1199	1200	1204	1210	1213	1214	1217	1219	1220	1222	1223	1228	1231	1235	1236	1237	
110	110	229	1001	1002	1003	1004	1005	1006	1007	1008	1010	1011	1013	1014	1015	1016	1017	1018	1019	1020	1021	1022	1023	1024	1025	1026	1027	1028	1029	1030	1031	1032	1033	1034	1035	1036	1037	1038	1039	1040	1041	1042	1043	1044	1045	1046	1048	1049	1050	1051	1052	1053	1054	1056	1057	1058	1059	1060	1061	1062	1063	1064	1065	1066	1068	1069	1070	1071	1072	1073	1074	1075	1076	1077	1078	1079	1080	1081	1082	1083	1084	1085	1086	1087	1088	1089	1090	1091	1092	1093	1094	1095	1096	1097	1098	1099	1100	1101	1102	1103	1104	1105	1106	1107	1108	1109	1110	1111	1112	1113	1114	1115	1116	1117	1118	1119	1120	1121	1122	1123	1124	1125	1126	1127	1128	1129	1130	1131	1132	1133	1134	1135	1136	1137	1138	1139	1140	1141	1142	1143	1144	1145	1146	1147	1148	1149	1150	1151	1152	1153	1154	1155	1156	1157	1158	1159	1160	1161	1162	1163	1164	1165	1166	1168	1169	1170	1171	1172	1174	1175	1176	1177	1178	1179	1180	1181	1182	1183	1184	1185	1186	1187	1188	1189	1190	1191	1192	1193	1194	1196	1197	1199	1200	1201	1202	1203	1204	1205	1206	1207	1208	1209	1210	1211	1212	1213	1214	1215	1216	1217	1218	1219	1220	1221	1222	1224	1225	1226	1227	1228	1229	1230	1231	1232	1234	1235	1236	1237	1238	1239	1240	
111	111	102	1001	1005	1006	1008	1010	1013	1015	1016	1020	1024	1025	1028	1031	1032	1035	1038	1044	1047	1048	1055	1058	1059	1060	1064	1065	1072	1073	1076	1078	1079	1085	1086	1087	1090	1092	1093	1095	1097	1100	1107	1111	1112	1115	1116	1117	1121	1123	1124	1125	1131	1132	1133	1137	1140	1142	1143	1146	1147	1148	1152	1155	1156	1158	1160	1163	1164	1165	1166	1170	1171	1173	1174	1175	1177	1179	1181	1187	1188	1190	1191	1194	1195	1200	1204	1205	1208	1212	1213	1214	1215	1217	1220	1223	1225	1226	1227	1228	1229	1231	1233	1237	1240	
112	112	56	1007	1011	1017	1026	1028	1030	1037	1039	1041	1043	1062	1064	1085	1087	1095	1096	1101	1103	1105	1106	1108	1116	1119	1126	1129	1135	1136	1137	1139	1141	1148	1150	1151	1152	1159	1166	1170	1173	1179	1181	1184	1186	1189	1194	1196	1199	1205	1208	1209	1211	1226	1227	1228	1231	1237	1239	
113	113	240	1001	1002	1003	1004	1005	1006	1007	1008	1009	1010	1011	1012	1013	1014	1015	1016	1017	1018	1019	1020	1021	1022	1023	1024	1025	1026	1027	1028	1029	1030	1031	1032	1033	1034	1035	1036	1037	1038	1039	1040	1041	1042	1043	1044	1045	1046	1047	1048	1049	1050	1051	1052	1053	1054	1055	1056	1057	1058	1059	1060	1061	1062	1063	1064	1065	1066	1067	1068	1069	1070	1071	1072	1073	1074	1075	1076	1077	1078	1079	1080	1081	1082	1083	1084	1085	1086	1087	1088	1089	1090	1091	1092	1093	1094	1095	1096	1097	1098	1099	1100	1101	1102	1103	1104	1105	1106	1107	1108	1109	1110	1111	1112	1113	1114	1115	1116	1117	1118	1119	1120	1121	1122	1123	1124	1125	1126	1127	1128	1129	1130	1131	1132	1133	1134	1135	1136	1137	1138	1139	1140	1141	1142	1143	1144	1145	1146	1147	1148	1149	1150	1151	1152	1153	1154	1155	1156	1157	1158	1159	1160	1161	1162	1163	1164	1165	1166	1167	1168	1169	1170	1171	1172	1173	1174	1175	1176	1177	1178	1179	1180	1181	1182	1183	1184	1185	1186	1187	1188	1189	1190	1191	1192	1193	1194	1195	1196	1197	1198	1199	1200	1201	1202	1203	1204	1205	1206	1207	1208	1209	1210	1211	1212	1213	1214	1215	1216	1217	1218	1219	1220	1221	1222	1223	1224	1225	1226	1227	1228	1229	1230	1231	1232	1233	1234	1235	1236	1237	1238	1239	1240	
114	114	208	1001	1002	1003	1004	1005	1007	1008	1009	1011	1012	1013	1014	1015	1016	1017	1018	1019	1020	1021	1022	1023	1025	1026	1027	1028	1029	1030	1031	1032	1033	1034	1035	1037	1038	1040	1041	1042	1043	1044	1045	1046	1047	1048	1049	1050	1051	1052	1053	1054	1055	1057	1059	1060	1061	1062	1063	1065	1067	1068	1069	1070	1072	1073	1074	1075	1076	1077	1078	1079	1080	1081	1082	1083	1085	1086	1087	1088	1089	1090	1091	1092	1093	1096	1097	1098	1099	1100	1101	1102	1103	1104	1106	1108	1109	1110	1112	1113	1114	1115	1116	1117	1118	1119	1120	1121	1122	1123	1124	1126	1127	1128	1129	1130	1131	1132	1133	1134	1135	1136	1137	1138	1139	1140	1141	1143	1144	1145	1146	1147	1148	1150	1151	1152	1153	1155	1156	1157	1159	1162	1163	1164	1165	1166	1167	1168	1169	1170	1171	1172	1173	1174	1175	1176	1177	1178	1179	1180	1181	1182	1183	1184	1185	1186	1187	1189	1190	1191	1192	1193	1194	1195	1196	1197	1198	1199	1200	1201	1202	1203	1204	1205	1206	1207	1210	1211	1213	1214	1215	1216	1217	1218	1219	1220	1221	1222	1223	1225	1227	1228	1229	1230	1231	1232	1234	1235	1237	1239	1240	
115	115	176	1001	1003	1004	1005	1006	1008	1009	1010	1011	1013	1014	1015	1016	1017	1020	1021	1023	1024	1025	1026	1027	1028	1029	1030	1031	1032	1033	1034	1037	1038	1039	1040	1042	1044	1045	1046	1048	1049	1050	1053	1054	1055	1057	1058	1059	1061	1062	1063	1064	1065	1066	1067	1068	1069	1071	1072	1073	1074	1075	1076	1077	1079	1080	1081	1082	1084	1085	1086	1090	1091	1092	1093	1096	1097	1098	1099	1100	1103	1104	1106	1107	1108	1110	1111	1112	1113	1114	1115	1116	1118	1121	1122	1124	1127	1129	1130	1131	1132	1135	1136	1138	1140	1141	1143	1145	1146	1147	1148	1149	1150	1151	1154	1155	1156	1158	1159	1161	1162	1163	1164	1168	1170	1174	1177	1178	1179	1180	1181	1182	1184	1185	1186	1187	1188	1189	1190	1191	1192	1193	1194	1195	1196	1197	1198	1200	1202	1203	1204	1205	1208	1209	1211	1212	1213	1214	1215	1217	1218	1220	1221	1222	1225	1226	1227	1228	1229	1230	1231	1232	1233	1235	1236	1237	1238	1239	1240	
116	116	70	1004	1007	1010	1016	1017	1026	1027	1029	1036	1045	1046	1053	1054	1057	1058	1067	1068	1069	1084	1086	1093	1100	1104	1105	1111	1114	1118	1119	1122	1128	1131	1136	1137	1140	1141	1143	1144	1146	1151	1154	1155	1156	1158	1160	1162	1164	1166	1168	1170	1173	1175	1181	1182	1184	1185	1186	1187	1188	1191	1195	1197	1202	1203	1210	1211	1214	1224	1229	1232	1233	
117	117	91	1005	1007	1009	1011	1015	1017	1018	1020	1022	1028	1029	1031	1032	1033	1035	1039	1041	1042	1051	1053	1054	1057	1058	1060	1063	1065	1066	1072	1074	1076	1077	1078	1082	1084	1086	1092	1093	1098	1100	1102	1106	1108	1112	1114	1116	1121	1122	1123	1124	1125	1126	1127	1130	1131	1139	1140	1144	1149	1154	1157	1159	1165	1166	1170	1171	1172	1173	1174	1176	1179	1180	1181	1182	1192	1194	1195	1196	1197	1199	1202	1207	1209	1210	1223	1225	1229	1232	1233	1235	1236	1240	
118	118	156	1001	1002	1003	1004	1005	1006	1007	1009	1010	1012	1013	1015	1016	1019	1021	1023	1024	1025	1026	1027	1028	1029	1031	1033	1035	1036	1037	1038	1039	1040	1041	1042	1043	1044	1046	1047	1048	1049	1051	1052	1053	1054	1056	1059	1060	1061	1062	1063	1064	1066	1067	1068	1070	1071	1073	1074	1079	1080	1081	1082	1085	1088	1090	1091	1093	1095	1097	1099	1100	1101	1103	1104	1105	1106	1107	1108	1109	1110	1111	1113	1114	1115	1116	1118	1120	1121	1123	1125	1126	1127	1128	1129	1131	1132	1133	1137	1138	1139	1143	1145	1146	1147	1150	1151	1152	1153	1154	1157	1158	1159	1160	1161	1162	1163	1164	1168	1170	1172	1175	1178	1179	1181	1184	1185	1186	1187	1190	1191	1193	1195	1197	1198	1203	1204	1205	1206	1211	1212	1213	1214	1216	1217	1220	1221	1223	1226	1228	1229	1231	1232	1233	1234	1235	1237	1238	1239	
119	119	98	1002	1006	1008	1010	1015	1016	1017	1022	1027	1030	1031	1035	1041	1043	1044	1045	1047	1048	1052	1053	1054	1058	1061	1062	1065	1066	1070	1071	1072	1073	1085	1087	1089	1090	1095	1096	1097	1098	1099	1100	1101	1102	1105	1112	1118	1120	1122	1123	1125	1128	1129	1131	1135	1136	1138	1139	1140	1141	1143	1144	1145	1148	1156	1157	1160	1161	1162	1170	1172	1174	1180	1181	1183	1184	1185	1187	1188	1189	1190	1193	1196	1198	1199	1201	1203	1204	1211	1216	1217	1220	1221	1223	1225	1226	1228	1229	1233	1239	
120	120	49	1006	1007	1033	1038	1044	1046	1055	1063	1066	1072	1080	1082	1089	1094	1099	1102	1103	1106	1109	1110	1111	1113	1115	1116	1124	1127	1129	1140	1150	1153	1154	1162	1165	1168	1172	1176	1185	1187	1189	1191	1198	1204	1208	1213	1223	1228	1232	1237	1240	
