60
1	1	17	1002	1005	1006	1007	1009	1011	1013	1016	1020	1021	1022	1023	1024	1025	1027	1029	1030	
2	2	26	1001	1002	1003	1004	1005	1006	1007	1008	1009	1010	1011	1012	1013	1015	1016	1017	1018	1019	1020	1022	1024	1025	1026	1027	1028	1030	
3	3	22	1002	1005	1006	1008	1009	1010	1011	1014	1015	1017	1018	1019	1020	1021	1022	1023	1024	1025	1026	1027	1029	1030	
4	4	21	1001	1002	1003	1004	1006	1007	1008	1009	1010	1013	1014	1015	1016	1019	1020	1022	1024	1027	1028	1029	1030	
5	5	11	1001	1002	1005	1009	1010	1016	1019	1021	1022	1024	1030	
6	6	11	1007	1008	1009	1011	1014	1015	1019	1023	1027	1028	1030	
7	7	10	1001	1008	1009	1010	1015	1022	1023	1028	1029	1030	
8	8	8	1001	1005	1010	1013	1019	1020	1028	1030	
9	9	7	1007	1009	1012	1020	1024	1026	1027	
10	10	30	1001	1002	1003	1004	1005	1006	1007	1008	1009	1010	1011	1012	1013	1014	1015	1016	1017	1018	1019	1020	1021	1022	1023	1024	1025	1026	1027	1028	1029	1030	
11	11	13	1001	1003	1004	1006	1008	1010	1015	1017	1020	1021	1022	1023	1024	
12	12	24	1001	1003	1004	1005	1006	1007	1009	1010	1011	1012	1014	1015	1018	1019	1020	1021	1022	1023	1024	1025	1026	1028	1029	1030	
13	13	13	1004	1005	1006	1007	1008	1009	1012	1017	1019	1022	1023	1024	1025	
14	14	9	1002	1004	1007	1011	1012	1018	1021	1022	1030	
15	15	26	1002	1003	1004	1005	1006	1007	1008	1009	1010	1012	1013	1014	1015	1016	1017	1018	1019	1020	1021	1022	1024	1026	1027	1028	1029	1030	
16	16	25	1001	1002	1003	1006	1008	1009	1010	1011	1012	1013	1015	1016	1017	1018	1019	1020	1021	1023	1024	1025	1026	1027	1028	1029	1030	
17	17	22	1001	1002	1004	1005	1007	1008	1009	1010	1012	1013	1016	1017	1019	1020	1021	1022	1024	1025	1026	1028	1029	1030	
18	18	11	1002	1007	1009	1013	1017	1018	1021	1024	1027	1028	1029	
19	19	18	1003	1004	1005	1006	1007	1008	1009	1010	1012	1013	1014	1015	1016	1018	1021	1028	1029	1030	
20	20	10	1004	1005	1009	1011	1020	1021	1022	1025	1027	1029	
21	21	16	1001	1004	1007	1008	1009	1011	1012	1017	1018	1019	1021	1022	1023	1024	1025	1028	
22	22	23	1002	1003	1004	1005	1006	1009	1010	1011	1012	1014	1015	1016	1017	1018	1019	1020	1021	1022	1023	1026	1027	1028	1030	
23	23	19	1002	1003	1004	1006	1008	1009	1011	1013	1014	1015	1016	1017	1019	1021	1024	1026	1028	1029	1030	
24	24	9	1002	1004	1007	1008	1013	1018	1020	1024	1028	
25	25	11	1002	1011	1014	1017	1018	1020	1024	1025	1026	1027	1030	
26	26	28	1002	1003	1004	1006	1007	1008	1009	1010	1011	1012	1013	1014	1015	1016	1017	1018	1019	1020	1021	1022	1023	1024	1025	1026	1027	1028	1029	1030	
27	27	27	1001	1003	1004	1005	1006	1007	1008	1009	1010	1011	1012	1013	1014	1015	1016	1017	1018	1020	1021	1023	1024	1025	1026	1027	1028	1029	1030	
28	28	19	1001	1003	1005	1007	1008	1010	1011	1013	1015	1016	1017	1018	1019	1020	1021	1022	1025	1027	1028	
29	29	12	1004	1006	1012	1013	1014	1019	1020	1022	1023	1024	1026	1030	
30	30	17	1001	1003	1005	1006	1007	1009	1012	1015	1016	1019	1021	1023	1025	1026	1027	1029	1030	
31	31	9	1005	1006	1007	1009	1016	1022	1023	1024	1028	
32	32	30	1001	1002	1003	1004	1005	1006	1007	1008	1009	1010	1011	1012	1013	1014	1015	1016	1017	1018	1019	1020	1021	1022	1023	1024	1025	1026	1027	1028	1029	1030	
33	33	28	1001	1002	1003	1004	1005	1006	1007	1009	1010	1011	1012	1013	1014	1015	1016	1017	1018	1019	1020	1021	1022	1024	1025	1026	1027	1028	1029	1030	
34	34	19	1004	1005	1006	1007	1010	1011	1012	1014	1015	1016	1017	1018	1019	1021	1022	1024	1025	1027	1028	
35	35	19	1001	1002	1006	1007	1009	1011	1012	1013	1014	1015	1019	1021	1022	1023	1024	1025	1028	1029	1030	
36	36	8	1004	1007	1012	1016	1026	1028	1029	1030	
37	37	28	1001	1002	1003	1004	1005	1006	1007	1008	1009	1011	1012	1014	1015	1016	1017	1018	1019	1020	1021	1022	1023	1024	1025	1026	1027	1028	1029	1030	
38	38	19	1001	1002	1003	1005	1007	1008	1009	1010	1014	1015	1018	1019	1020	1023	1026	1027	1028	1029	1030	
39	39	14	1002	1005	1009	1012	1013	1014	1019	1021	1022	1023	1024	1025	1027	1029	
40	40	28	1001	1002	1003	1005	1006	1007	1008	1009	1010	1011	1013	1014	1015	1016	1017	1018	1019	1020	1021	1022	1023	1024	1025	1026	1027	1028	1029	1030	
41	41	23	1001	1004	1005	1006	1007	1009	1010	1011	1012	1013	1014	1015	1016	1017	1018	1019	1021	1022	1023	1024	1027	1029	1030	
42	42	25	1001	1002	1003	1005	1006	1007	1009	1010	1011	1012	1013	1015	1016	1017	1018	1020	1021	1022	1023	1024	1025	1026	1027	1028	1029	
43	43	29	1001	1002	1003	1004	1005	1006	1007	1008	1010	1011	1012	1013	1014	1015	1016	1017	1018	1019	1020	1021	1022	1023	1024	1025	1026	1027	1028	1029	1030	
44	44	13	1001	1002	1003	1005	1006	1007	1012	1014	1019	1021	1023	1026	1030	
45	45	22	1002	1003	1004	1005	1007	1008	1009	1011	1013	1014	1015	1016	1017	1018	1019	1022	1023	1025	1026	1027	1028	1030	
46	46	17	1002	1003	1004	1005	1006	1007	1008	1010	1012	1015	1017	1019	1020	1021	1022	1024	1027	
47	47	30	1001	1002	1003	1004	1005	1006	1007	1008	1009	1010	1011	1012	1013	1014	1015	1016	1017	1018	1019	1020	1021	1022	1023	1024	1025	1026	1027	1028	1029	1030	
48	48	15	1001	1003	1004	1005	1007	1011	1012	1013	1014	1015	1016	1019	1026	1029	1030	
49	49	27	1001	1003	1004	1005	1006	1007	1009	1010	1011	1012	1013	1014	1015	1016	1017	1018	1019	1020	1021	1022	1023	1024	1025	1026	1027	1029	1030	
50	50	27	1001	1002	1003	1004	1005	1006	1007	1008	1010	1011	1012	1013	1014	1015	1016	1017	1018	1019	1020	1021	1023	1024	1026	1027	1028	1029	1030	
51	51	14	1006	1007	1008	1010	1013	1014	1015	1017	1018	1019	1021	1023	1028	1030	
52	52	11	1008	1009	1012	1016	1019	1020	1021	1022	1026	1027	1030	
53	53	7	1002	1011	1014	1015	1016	1021	1024	
54	54	29	1001	1002	1003	1004	1005	1006	1007	1008	1009	1010	1012	1013	1014	1015	1016	1017	1018	1019	1020	1021	1022	1023	1024	1025	1026	1027	1028	1029	1030	
55	55	13	1004	1006	1007	1011	1012	1014	1017	1018	1022	1023	1024	1027	1028	
56	56	26	1001	1002	1003	1005	1006	1007	1008	1009	1010	1011	1012	1013	1014	1015	1016	1017	1018	1019	1020	1022	1023	1024	1025	1026	1028	1030	
57	57	14	1001	1004	1005	1006	1007	1009	1010	1017	1019	1020	1021	1026	1028	1029	
58	58	27	1001	1002	1003	1004	1005	1007	1008	1009	1010	1011	1012	1013	1014	1015	1017	1018	1019	1020	1021	1022	1023	1024	1025	1026	1027	1029	1030	
59	59	30	1001	1002	1003	1004	1005	1006	1007	1008	1009	1010	1011	1012	1013	1014	1015	1016	1017	1018	1019	1020	1021	1022	1023	1024	1025	1026	1027	1028	1029	1030	
60	60	7	1003	1005	1012	1024	1028	1029	1030	
