-1	1	2	3	4	5	6	7	8	9	10	11	12	13	14	15	16	17	18	19	20	21	22	23	24	25	26	27	28	29	30	31	32	33	34	35	36	37	38	39	40	41	42	43	44	45	46	47	48	49	50	51	52	53	54	55	56	57	58	59	60	
1001	246	472	995	715	349	311	226	732	873	380	993	925	279	600	828	175	389	352	531	183	703	450	183	143	585	135	954	631	966	786	839	344	633	423	162	994	162	943	592	815	196	843	514	559	700	615	182	877	92	641	751	881	761	602	134	40	602	789	857	569	
1002	253	715	305	784	860	939	410	501	873	594	407	813	705	447	435	113	353	61	931	884	843	544	921	677	80	652	514	581	861	519	874	178	840	944	231	666	373	583	619	980	836	982	910	571	701	473	475	717	247	506	713	523	101	672	142	354	595	185	111	618	
1003	742	499	571	571	646	488	601	658	125	645	792	825	206	243	280	512	815	198	679	681	948	584	891	432	511	215	199	187	878	590	856	804	405	226	472	261	870	894	795	52	214	345	24	855	873	237	562	153	9	420	672	598	747	350	986	795	907	414	821	386	
1004	390	168	12	468	208	920	983	55	479	273	835	504	405	342	503	752	478	395	353	136	92	336	966	496	805	929	255	326	842	868	509	29	937	938	614	900	662	922	65	873	797	251	158	965	346	608	65	74	461	641	944	586	464	351	243	642	651	959	284	775	
1005	956	367	416	870	742	915	516	866	527	393	621	6	992	582	109	753	191	396	767	202	284	933	66	151	828	978	633	114	670	529	807	497	436	93	121	45	972	91	140	5	751	114	58	324	186	538	294	112	427	609	616	629	430	969	589	297	921	678	542	329	
1006	742	749	860	165	546	163	462	907	493	677	24	346	626	640	110	335	403	890	673	924	607	171	886	301	339	413	718	516	636	136	416	402	620	313	724	736	140	19	945	717	881	110	234	32	890	447	708	368	888	345	51	793	551	843	637	707	972	945	223	702	
1007	879	943	976	731	683	889	243	548	867	926	920	120	431	314	336	121	560	213	261	186	649	461	580	624	501	922	342	971	601	58	375	477	164	229	566	50	124	452	750	233	506	357	621	18	713	706	987	792	914	99	413	57	340	185	403	803	483	301	558	81	
1008	696	631	838	541	740	364	426	747	875	827	915	736	639	580	22	571	521	449	934	446	125	578	972	801	102	279	319	212	15	757	686	135	50	301	652	261	459	681	650	904	223	312	340	982	850	676	453	701	399	922	68	715	732	626	507	425	156	568	429	648	
1009	994	577	637	22	490	868	729	51	950	387	564	89	479	41	131	591	375	38	807	580	414	737	745	38	14	648	683	659	526	413	840	19	212	186	206	189	502	696	51	162	187	941	934	199	638	277	464	143	795	682	210	904	828	814	952	452	854	552	823	987	
1010	574	67	871	404	818	516	656	449	64	26	353	832	23	70	115	838	166	723	464	641	160	469	507	878	891	753	526	610	254	941	348	207	9	305	176	754	257	87	126	875	996	846	936	373	522	341	459	862	244	582	268	505	889	993	429	10	815	419	28	865	
1011	910	550	731	69	387	488	262	86	213	134	596	235	168	440	489	661	890	457	464	680	873	481	98	229	733	470	641	531	918	247	93	910	913	1	60	363	144	573	583	602	968	586	627	85	807	607	909	376	173	164	434	826	354	713	718	875	953	334	459	934	
1012	845	580	201	679	406	738	290	800	417	959	741	39	681	561	875	507	327	17	477	191	236	765	361	251	555	83	468	693	254	583	249	73	8	271	425	14	67	740	43	44	219	516	310	123	219	654	653	709	542	317	642	559	624	953	222	179	279	730	287	74	
1013	711	419	304	366	230	349	736	657	84	70	955	91	735	293	995	599	434	794	244	342	433	263	597	418	766	600	219	677	315	485	527	258	737	717	129	1	104	918	45	145	984	842	541	433	984	315	975	519	164	699	944	29	804	69	777	1	403	248	74	684	
1014	157	28	38	526	135	387	976	967	947	611	97	697	320	42	789	214	640	927	810	382	487	498	429	296	196	812	125	874	174	448	990	130	504	330	266	213	992	918	34	937	661	188	915	679	559	91	223	35	939	796	369	54	375	57	741	891	491	725	606	385	
1015	437	730	41	902	32	404	208	97	419	673	791	691	376	597	657	336	711	943	637	525	69	922	189	298	701	685	390	602	157	93	649	937	298	489	249	366	510	214	582	281	353	300	425	310	13	977	329	218	695	677	101	117	779	30	531	985	207	661	249	659	
1016	600	114	679	750	369	547	321	989	287	214	169	808	307	854	198	557	950	661	798	690	833	627	844	269	85	559	188	741	821	43	892	103	440	731	435	210	851	774	830	932	350	953	640	32	838	680	906	703	780	822	923	808	35	766	938	195	848	491	914	938	
1017	933	709	849	294	190	100	948	935	196	830	651	661	383	599	506	413	925	162	996	795	252	234	89	124	192	574	757	141	277	732	819	701	968	391	738	904	913	59	6	302	659	200	770	611	359	509	637	840	662	568	291	923	894	627	734	386	463	336	468	621	
1018	465	874	965	850	625	665	615	829	719	48	614	133	461	922	888	939	787	690	840	619	665	220	388	894	557	638	863	956	146	151	777	278	426	518	269	563	740	534	836	602	49	664	753	240	236	586	12	681	177	463	115	644	336	727	86	434	737	625	737	471	
1019	406	696	381	22	327	773	285	8	330	342	399	505	912	509	652	862	787	408	186	446	846	818	472	171	69	905	667	598	680	714	392	768	146	297	114	614	574	854	543	36	812	740	358	566	240	428	235	779	859	490	486	851	959	853	889	98	813	101	713	437	
1020	176	759	997	129	334	183	121	458	406	448	609	356	936	117	505	558	37	667	602	149	579	349	207	81	501	101	758	304	66	732	269	247	725	659	104	126	390	722	488	339	703	1	918	810	969	821	617	940	7	750	52	382	59	119	587	188	96	669	895	732	
1021	851	135	135	176	605	282	214	417	908	683	274	535	90	796	639	175	582	454	153	532	170	560	760	379	267	854	416	120	41	660	300	48	167	99	915	561	461	898	787	894	117	161	14	376	186	483	82	258	16	594	126	483	736	663	98	121	610	593	829	36	
1022	846	285	704	584	16	979	360	979	426	316	439	532	707	471	680	651	322	460	754	10	403	714	948	839	304	756	399	396	716	956	523	908	188	513	874	438	767	413	269	958	279	514	731	771	592	718	353	963	369	868	495	886	273	701	231	529	836	103	227	377	
1023	485	479	363	991	655	573	569	487	235	200	160	747	476	283	952	881	290	746	187	785	714	681	2	85	104	84	204	251	890	383	576	575	494	479	238	806	855	416	89	569	388	513	391	526	770	973	468	894	883	963	275	906	486	880	455	279	793	11	617	412	
1024	777	683	953	297	851	45	986	641	621	309	500	976	552	116	184	348	210	911	974	658	20	835	939	681	420	541	550	106	428	176	663	296	155	728	529	365	371	415	363	550	467	814	185	800	341	615	232	171	306	376	257	397	917	523	269	642	533	363	619	75	
1025	337	381	372	556	176	570	99	495	334	104	430	66	924	159	587	888	360	822	742	102	233	136	351	638	418	151	258	516	227	997	123	781	748	958	497	924	227	362	594	663	672	553	207	897	695	912	762	650	406	443	181	804	48	795	693	79	417	250	959	727	
1026	453	138	396	640	354	141	499	121	681	338	299	190	463	587	738	919	721	139	65	626	831	81	453	430	905	297	888	840	406	723	128	276	778	168	94	366	935	858	585	529	168	51	739	696	226	353	732	659	660	1000	255	853	289	649	154	187	467	658	393	823	
1027	374	45	54	789	190	137	630	16	975	854	397	879	78	839	422	874	298	855	181	289	553	322	196	298	869	146	631	432	504	907	390	302	742	568	288	93	107	703	792	11	900	810	939	197	226	368	951	78	60	380	19	727	396	820	962	745	806	428	577	617	
1028	188	452	692	973	224	268	20	287	718	28	513	818	789	804	299	231	308	757	454	593	481	213	583	363	515	270	927	299	906	811	254	133	981	274	129	58	764	248	991	491	792	169	217	760	727	679	848	758	629	126	955	857	95	5	25	678	393	127	475	268	
1029	387	206	243	711	936	888	230	382	221	152	173	516	400	531	767	857	222	533	398	745	3	245	427	830	138	476	27	117	894	502	410	919	330	289	495	16	478	719	336	261	987	207	952	929	794	969	189	545	591	601	903	290	684	323	351	287	395	384	724	871	
1030	224	499	118	168	345	952	522	756	174	232	257	242	347	905	289	236	216	228	457	683	21	490	110	352	133	829	736	225	454	544	983	270	264	858	375	932	771	214	300	977	54	86	986	489	557	506	67	41	67	324	623	130	89	534	967	545	261	302	211	884	
