90
1	1	51	1001	1003	1004	1006	1007	1008	1009	1010	1011	1012	1013	1014	1015	1016	1017	1018	1019	1020	1021	1023	1025	1026	1027	1028	1029	1030	1031	1032	1033	1035	1036	1037	1039	1041	1042	1043	1045	1046	1047	1048	1049	1050	1051	1052	1053	1055	1056	1057	1058	1059	1060	
2	2	37	1002	1003	1004	1005	1006	1008	1009	1011	1013	1015	1016	1017	1018	1020	1021	1022	1024	1025	1026	1027	1029	1030	1033	1037	1038	1041	1042	1043	1044	1045	1047	1048	1053	1054	1055	1056	1057	
3	3	34	1001	1002	1003	1004	1007	1009	1010	1012	1014	1015	1017	1018	1020	1023	1026	1030	1031	1032	1033	1034	1035	1037	1038	1039	1042	1043	1045	1046	1047	1054	1055	1057	1058	1060	
4	4	27	1001	1002	1004	1007	1008	1009	1015	1016	1021	1023	1024	1025	1029	1033	1034	1035	1036	1037	1039	1040	1042	1044	1046	1047	1048	1050	1051	
5	5	34	1002	1005	1006	1009	1012	1013	1015	1017	1018	1020	1025	1026	1027	1029	1030	1032	1033	1035	1039	1040	1044	1046	1047	1048	1049	1050	1051	1052	1053	1054	1057	1058	1059	1060	
6	6	21	1002	1003	1006	1007	1008	1009	1011	1021	1025	1026	1030	1031	1033	1034	1036	1038	1040	1042	1045	1052	1053	
7	7	15	1005	1011	1014	1017	1020	1021	1022	1023	1030	1031	1033	1040	1043	1053	1058	
8	8	32	1002	1003	1005	1006	1007	1009	1011	1014	1016	1017	1018	1022	1023	1025	1026	1028	1029	1030	1032	1033	1034	1035	1040	1043	1045	1051	1052	1053	1054	1057	1059	1060	
9	9	27	1001	1003	1004	1009	1011	1013	1014	1015	1021	1022	1023	1025	1026	1028	1029	1031	1032	1035	1038	1040	1041	1042	1045	1049	1057	1059	1060	
10	10	32	1001	1002	1003	1004	1006	1008	1012	1016	1017	1022	1023	1028	1029	1031	1032	1033	1034	1035	1039	1040	1041	1042	1043	1044	1045	1047	1048	1050	1054	1058	1059	1060	
11	11	40	1002	1004	1005	1006	1007	1008	1009	1010	1011	1012	1013	1015	1018	1023	1024	1025	1026	1027	1028	1029	1031	1033	1034	1036	1038	1039	1043	1044	1045	1046	1047	1048	1049	1050	1052	1053	1054	1056	1057	1060	
12	12	24	1001	1003	1004	1008	1012	1016	1020	1023	1024	1026	1027	1029	1031	1032	1035	1038	1040	1043	1044	1045	1048	1051	1052	1056	
13	13	57	1001	1002	1003	1004	1005	1006	1007	1008	1009	1010	1013	1014	1015	1016	1017	1018	1019	1020	1021	1022	1023	1024	1025	1026	1027	1028	1029	1030	1031	1032	1033	1034	1035	1036	1037	1038	1039	1041	1042	1043	1044	1045	1046	1047	1048	1049	1050	1051	1052	1053	1054	1055	1056	1057	1058	1059	1060	
14	14	49	1001	1002	1003	1005	1006	1007	1008	1009	1011	1012	1014	1015	1016	1018	1019	1021	1022	1023	1024	1025	1027	1028	1029	1030	1031	1032	1036	1037	1038	1039	1040	1041	1042	1043	1044	1045	1046	1047	1048	1049	1050	1052	1053	1054	1056	1057	1058	1059	1060	
15	15	15	1005	1012	1013	1019	1021	1023	1025	1027	1032	1035	1041	1045	1047	1052	1060	
16	16	30	1001	1002	1003	1009	1010	1011	1013	1015	1016	1017	1022	1023	1024	1025	1026	1027	1029	1030	1032	1035	1037	1039	1041	1044	1046	1049	1055	1056	1058	1060	
17	17	36	1002	1005	1006	1011	1012	1013	1016	1018	1022	1023	1024	1026	1028	1029	1030	1032	1033	1034	1035	1036	1037	1038	1039	1041	1043	1045	1047	1048	1049	1050	1051	1053	1054	1055	1056	1060	
18	18	40	1001	1003	1004	1005	1008	1009	1011	1013	1014	1016	1019	1020	1021	1023	1025	1027	1029	1031	1033	1034	1035	1036	1038	1039	1042	1043	1044	1045	1046	1048	1049	1050	1051	1052	1053	1054	1055	1056	1058	1060	
19	19	17	1003	1007	1011	1016	1020	1021	1030	1032	1037	1044	1045	1048	1053	1055	1056	1057	1058	
20	20	42	1001	1002	1003	1004	1005	1007	1008	1009	1011	1014	1015	1016	1017	1018	1019	1021	1023	1025	1027	1028	1029	1030	1031	1033	1035	1036	1037	1038	1039	1040	1041	1042	1044	1045	1047	1049	1050	1053	1054	1055	1057	1059	
21	21	17	1002	1011	1016	1020	1024	1025	1026	1027	1032	1034	1039	1040	1046	1049	1053	1055	1056	
22	22	54	1001	1003	1005	1006	1007	1008	1009	1010	1011	1012	1013	1014	1015	1016	1017	1018	1019	1020	1021	1022	1024	1025	1027	1028	1029	1030	1031	1032	1033	1035	1036	1037	1038	1039	1040	1041	1042	1043	1044	1045	1046	1047	1048	1049	1050	1051	1052	1053	1054	1055	1056	1057	1058	1059	
23	23	29	1001	1002	1003	1005	1008	1009	1011	1013	1014	1017	1021	1025	1026	1028	1030	1031	1033	1036	1037	1039	1040	1041	1047	1048	1049	1053	1055	1056	1057	
24	24	23	1001	1002	1003	1008	1010	1011	1013	1015	1018	1019	1021	1030	1033	1034	1035	1036	1040	1045	1046	1048	1049	1051	1056	
25	25	30	1002	1005	1006	1007	1009	1010	1011	1012	1013	1016	1018	1019	1020	1022	1025	1026	1027	1028	1035	1041	1044	1045	1047	1051	1052	1054	1056	1057	1059	1060	
26	26	58	1001	1002	1003	1004	1005	1006	1007	1008	1009	1010	1011	1012	1013	1014	1015	1016	1017	1018	1019	1020	1021	1022	1023	1024	1025	1026	1028	1029	1030	1031	1032	1033	1034	1036	1037	1038	1039	1040	1041	1042	1043	1044	1045	1046	1047	1048	1049	1050	1051	1052	1053	1054	1055	1056	1057	1058	1059	1060	
27	27	39	1001	1002	1004	1006	1007	1009	1011	1012	1013	1016	1017	1018	1019	1021	1024	1025	1027	1028	1030	1031	1032	1033	1034	1037	1038	1039	1041	1042	1043	1045	1046	1047	1050	1053	1054	1055	1056	1057	1059	
28	28	60	1001	1002	1003	1004	1005	1006	1007	1008	1009	1010	1011	1012	1013	1014	1015	1016	1017	1018	1019	1020	1021	1022	1023	1024	1025	1026	1027	1028	1029	1030	1031	1032	1033	1034	1035	1036	1037	1038	1039	1040	1041	1042	1043	1044	1045	1046	1047	1048	1049	1050	1051	1052	1053	1054	1055	1056	1057	1058	1059	1060	
29	29	35	1002	1003	1004	1005	1006	1007	1008	1009	1011	1014	1016	1017	1019	1020	1024	1025	1026	1031	1032	1034	1035	1037	1040	1041	1042	1043	1044	1045	1047	1051	1054	1055	1056	1058	1060	
30	30	51	1001	1002	1003	1004	1005	1006	1007	1008	1009	1010	1011	1012	1013	1015	1016	1018	1020	1021	1023	1024	1025	1027	1028	1029	1030	1031	1032	1033	1034	1035	1036	1037	1038	1039	1040	1041	1042	1043	1045	1046	1047	1049	1050	1052	1053	1055	1056	1057	1058	1059	1060	
31	31	16	1001	1003	1005	1006	1009	1010	1011	1015	1016	1026	1028	1031	1036	1048	1052	1056	
32	32	49	1001	1002	1003	1004	1005	1006	1007	1010	1011	1012	1013	1014	1015	1016	1017	1018	1019	1020	1021	1022	1024	1025	1026	1027	1029	1030	1032	1033	1034	1035	1036	1039	1041	1042	1043	1045	1047	1048	1049	1050	1051	1052	1054	1055	1056	1057	1058	1059	1060	
33	33	24	1001	1004	1005	1009	1017	1018	1020	1025	1026	1028	1030	1031	1033	1034	1036	1037	1038	1042	1044	1046	1051	1053	1056	1058	
34	34	33	1002	1005	1009	1010	1011	1013	1014	1016	1021	1022	1023	1024	1026	1029	1030	1031	1033	1034	1038	1039	1040	1044	1048	1049	1050	1052	1053	1054	1055	1057	1058	1059	1060	
35	35	37	1001	1002	1003	1004	1005	1007	1008	1010	1012	1013	1015	1016	1017	1018	1019	1020	1021	1023	1027	1029	1030	1033	1034	1036	1038	1040	1041	1042	1043	1046	1048	1049	1052	1053	1056	1058	1060	
36	36	33	1001	1002	1004	1010	1013	1014	1015	1018	1019	1022	1024	1025	1028	1030	1031	1032	1035	1036	1038	1039	1040	1041	1042	1043	1047	1048	1050	1051	1052	1054	1056	1059	1060	
37	37	44	1001	1002	1003	1004	1006	1008	1010	1011	1012	1013	1014	1015	1016	1017	1019	1020	1021	1022	1024	1025	1028	1029	1030	1031	1032	1035	1036	1037	1041	1042	1043	1044	1046	1047	1048	1050	1051	1053	1054	1055	1056	1058	1059	1060	
38	38	29	1001	1002	1004	1005	1006	1007	1008	1010	1013	1016	1020	1021	1024	1025	1027	1029	1030	1032	1033	1034	1036	1038	1039	1040	1041	1046	1048	1050	1052	
39	39	60	1001	1002	1003	1004	1005	1006	1007	1008	1009	1010	1011	1012	1013	1014	1015	1016	1017	1018	1019	1020	1021	1022	1023	1024	1025	1026	1027	1028	1029	1030	1031	1032	1033	1034	1035	1036	1037	1038	1039	1040	1041	1042	1043	1044	1045	1046	1047	1048	1049	1050	1051	1052	1053	1054	1055	1056	1057	1058	1059	1060	
40	40	21	1004	1005	1008	1009	1017	1020	1030	1032	1033	1034	1035	1036	1038	1042	1043	1044	1045	1046	1052	1055	1059	
41	41	32	1003	1004	1005	1006	1012	1013	1014	1017	1019	1020	1021	1023	1024	1025	1026	1028	1029	1031	1033	1035	1040	1044	1046	1049	1051	1052	1053	1054	1056	1058	1059	1060	
42	42	22	1001	1004	1005	1006	1007	1009	1013	1016	1018	1019	1021	1027	1035	1036	1040	1043	1047	1052	1056	1057	1059	1060	
43	43	28	1004	1007	1008	1009	1010	1013	1016	1020	1021	1022	1023	1024	1025	1026	1027	1029	1035	1036	1038	1042	1049	1050	1052	1054	1055	1056	1057	1058	
44	44	51	1001	1002	1003	1004	1005	1006	1007	1008	1009	1010	1011	1012	1013	1014	1015	1016	1017	1018	1019	1020	1021	1023	1024	1027	1028	1029	1030	1032	1034	1035	1036	1037	1038	1039	1040	1041	1044	1045	1046	1047	1049	1050	1052	1053	1054	1055	1056	1057	1058	1059	1060	
45	45	39	1001	1002	1006	1007	1008	1009	1010	1011	1012	1013	1014	1015	1016	1017	1018	1022	1024	1025	1031	1032	1033	1035	1036	1039	1040	1042	1043	1044	1045	1046	1048	1049	1051	1052	1053	1056	1057	1058	1059	
46	46	44	1003	1006	1007	1008	1012	1013	1014	1015	1016	1017	1018	1019	1022	1024	1025	1026	1027	1028	1029	1030	1031	1033	1035	1036	1037	1038	1039	1040	1041	1042	1043	1044	1047	1049	1050	1051	1052	1053	1054	1055	1056	1057	1059	1060	
47	47	46	1001	1002	1003	1004	1005	1006	1008	1009	1011	1012	1013	1014	1016	1018	1021	1023	1024	1025	1026	1027	1028	1029	1030	1032	1033	1034	1035	1036	1037	1039	1040	1041	1042	1043	1044	1045	1048	1050	1051	1052	1053	1055	1056	1057	1058	1060	
48	48	23	1006	1008	1012	1013	1014	1015	1023	1024	1025	1027	1028	1030	1036	1038	1039	1040	1042	1047	1048	1050	1055	1056	1060	
49	49	14	1001	1003	1011	1013	1018	1027	1029	1032	1036	1039	1045	1046	1052	1060	
50	50	16	1001	1002	1006	1007	1013	1016	1020	1022	1025	1026	1027	1030	1043	1048	1057	1058	
51	51	30	1003	1004	1005	1007	1008	1009	1010	1011	1012	1014	1021	1022	1023	1025	1026	1033	1034	1035	1036	1039	1040	1042	1044	1045	1047	1050	1051	1055	1056	1057	
52	52	23	1001	1005	1008	1009	1017	1018	1019	1021	1022	1024	1025	1030	1031	1035	1039	1047	1052	1053	1054	1055	1056	1057	1060	
53	53	56	1001	1002	1003	1004	1005	1006	1007	1008	1009	1010	1011	1012	1013	1014	1015	1016	1017	1018	1019	1020	1021	1022	1023	1024	1026	1027	1028	1032	1033	1034	1035	1036	1037	1038	1039	1040	1041	1042	1043	1044	1045	1046	1047	1048	1049	1050	1051	1052	1053	1054	1055	1056	1057	1058	1059	1060	
54	54	22	1001	1003	1005	1006	1007	1010	1012	1017	1021	1022	1030	1031	1033	1039	1040	1041	1043	1048	1050	1051	1054	1060	
55	55	25	1003	1005	1006	1007	1010	1015	1016	1017	1019	1021	1024	1025	1026	1029	1031	1032	1033	1034	1039	1046	1050	1053	1056	1057	1059	
56	56	48	1002	1003	1004	1005	1006	1007	1008	1009	1010	1011	1012	1013	1014	1015	1016	1017	1018	1020	1022	1024	1025	1026	1027	1028	1029	1031	1032	1033	1034	1035	1037	1038	1039	1040	1042	1043	1044	1046	1047	1050	1051	1052	1053	1054	1055	1057	1058	1059	
57	57	59	1001	1002	1003	1004	1005	1006	1007	1008	1009	1010	1011	1012	1013	1014	1015	1016	1017	1018	1019	1020	1021	1022	1023	1024	1025	1026	1027	1028	1029	1030	1031	1032	1033	1034	1035	1036	1037	1038	1039	1040	1041	1042	1043	1044	1045	1046	1047	1048	1049	1050	1051	1053	1054	1055	1056	1057	1058	1059	1060	
58	58	46	1001	1003	1005	1006	1007	1009	1010	1011	1012	1013	1015	1017	1018	1019	1020	1021	1022	1023	1024	1025	1026	1029	1032	1033	1034	1035	1036	1037	1038	1039	1040	1041	1042	1043	1044	1046	1047	1048	1049	1051	1052	1054	1055	1057	1058	1059	
59	59	35	1001	1002	1003	1007	1008	1009	1011	1013	1014	1015	1016	1017	1018	1020	1022	1023	1024	1025	1028	1031	1033	1038	1040	1041	1043	1046	1048	1049	1050	1051	1054	1055	1057	1059	1060	
60	60	31	1002	1003	1004	1005	1010	1011	1014	1015	1016	1017	1018	1024	1025	1026	1027	1030	1031	1032	1033	1037	1038	1039	1040	1041	1044	1047	1048	1055	1056	1057	1059	
61	61	17	1001	1005	1008	1011	1012	1013	1015	1016	1021	1024	1027	1029	1030	1036	1040	1042	1055	
62	62	57	1002	1003	1004	1005	1006	1007	1008	1009	1010	1011	1012	1013	1014	1015	1016	1017	1018	1020	1021	1022	1023	1024	1025	1026	1027	1028	1029	1030	1031	1032	1033	1034	1035	1036	1037	1038	1039	1040	1041	1042	1043	1044	1045	1046	1047	1048	1049	1050	1051	1052	1054	1055	1056	1057	1058	1059	1060	
63	63	57	1001	1002	1003	1004	1005	1006	1007	1008	1009	1010	1011	1012	1013	1014	1015	1016	1019	1020	1021	1022	1023	1024	1025	1026	1027	1028	1029	1030	1031	1032	1033	1034	1035	1036	1037	1038	1039	1040	1041	1042	1043	1044	1045	1046	1047	1048	1049	1050	1052	1053	1054	1055	1056	1057	1058	1059	1060	
64	64	19	1002	1005	1008	1017	1019	1020	1021	1023	1024	1029	1037	1038	1039	1042	1044	1045	1049	1052	1054	
65	65	52	1001	1002	1003	1004	1005	1006	1007	1008	1009	1010	1011	1012	1014	1015	1017	1018	1019	1020	1021	1022	1023	1024	1025	1026	1027	1029	1030	1031	1032	1033	1034	1035	1038	1040	1041	1042	1043	1044	1045	1048	1049	1050	1051	1052	1053	1054	1055	1056	1057	1058	1059	1060	
66	66	14	1005	1008	1016	1021	1025	1030	1031	1035	1039	1046	1047	1048	1049	1056	
67	67	17	1006	1011	1012	1013	1022	1025	1028	1032	1035	1039	1040	1044	1049	1055	1056	1058	1059	
68	68	60	1001	1002	1003	1004	1005	1006	1007	1008	1009	1010	1011	1012	1013	1014	1015	1016	1017	1018	1019	1020	1021	1022	1023	1024	1025	1026	1027	1028	1029	1030	1031	1032	1033	1034	1035	1036	1037	1038	1039	1040	1041	1042	1043	1044	1045	1046	1047	1048	1049	1050	1051	1052	1053	1054	1055	1056	1057	1058	1059	1060	
69	69	56	1001	1002	1003	1004	1005	1006	1007	1008	1009	1010	1011	1012	1013	1014	1015	1016	1018	1019	1020	1023	1024	1025	1026	1027	1028	1029	1030	1031	1032	1033	1035	1036	1037	1038	1039	1040	1041	1042	1043	1044	1045	1046	1047	1048	1049	1050	1051	1052	1053	1054	1055	1056	1057	1058	1059	1060	
70	70	26	1001	1002	1005	1007	1008	1011	1012	1018	1019	1022	1026	1031	1035	1036	1037	1039	1041	1042	1043	1046	1050	1051	1053	1054	1056	1058	
71	71	28	1001	1005	1007	1011	1017	1018	1021	1023	1027	1029	1031	1034	1035	1037	1039	1041	1043	1044	1045	1047	1048	1050	1051	1052	1053	1055	1057	1060	
72	72	39	1002	1003	1004	1006	1007	1008	1009	1010	1011	1013	1014	1015	1017	1018	1019	1023	1024	1025	1027	1028	1033	1034	1035	1036	1038	1039	1040	1041	1043	1044	1046	1047	1050	1051	1052	1054	1055	1056	1060	
73	73	56	1001	1002	1003	1004	1005	1006	1007	1008	1009	1010	1011	1012	1013	1014	1015	1016	1017	1018	1019	1020	1022	1023	1024	1025	1026	1027	1028	1029	1032	1033	1034	1035	1036	1037	1038	1039	1040	1041	1042	1043	1044	1045	1047	1048	1049	1050	1051	1052	1053	1054	1055	1056	1057	1058	1059	1060	
74	74	59	1001	1002	1003	1004	1005	1006	1007	1008	1009	1010	1011	1012	1013	1014	1015	1016	1017	1018	1019	1021	1022	1023	1024	1025	1026	1027	1028	1029	1030	1031	1032	1033	1034	1035	1036	1037	1038	1039	1040	1041	1042	1043	1044	1045	1046	1047	1048	1049	1050	1051	1052	1053	1054	1055	1056	1057	1058	1059	1060	
75	75	51	1001	1002	1004	1005	1006	1007	1008	1009	1011	1012	1013	1015	1016	1017	1018	1019	1020	1021	1022	1023	1024	1025	1026	1027	1028	1029	1030	1033	1035	1036	1037	1038	1039	1040	1042	1043	1044	1045	1046	1047	1049	1050	1051	1052	1053	1054	1055	1056	1058	1059	1060	
76	76	27	1001	1002	1003	1005	1009	1010	1012	1014	1016	1017	1025	1026	1027	1028	1029	1032	1033	1035	1036	1040	1044	1046	1047	1056	1058	1059	1060	
77	77	54	1001	1002	1003	1004	1005	1008	1009	1010	1011	1012	1013	1014	1015	1016	1017	1018	1019	1020	1021	1022	1023	1024	1025	1026	1027	1028	1030	1031	1032	1033	1034	1035	1036	1038	1039	1041	1042	1043	1044	1045	1046	1047	1048	1049	1050	1051	1052	1053	1054	1055	1056	1057	1059	1060	
78	78	16	1007	1008	1009	1010	1012	1017	1026	1027	1029	1031	1033	1034	1044	1052	1053	1060	
79	79	17	1006	1013	1018	1021	1022	1023	1026	1028	1034	1039	1043	1044	1045	1046	1051	1057	1059	
80	80	53	1001	1002	1003	1004	1005	1006	1007	1008	1009	1010	1011	1012	1013	1014	1015	1017	1018	1019	1020	1021	1022	1023	1025	1026	1028	1029	1031	1032	1033	1034	1035	1036	1038	1039	1040	1041	1042	1043	1044	1045	1046	1047	1048	1050	1051	1052	1054	1055	1056	1057	1058	1059	1060	
81	81	36	1001	1006	1008	1009	1010	1011	1013	1014	1015	1019	1020	1021	1022	1023	1027	1029	1032	1034	1036	1037	1039	1040	1041	1042	1044	1046	1048	1049	1050	1051	1052	1053	1056	1057	1059	1060	
82	82	32	1002	1003	1005	1006	1010	1013	1015	1016	1019	1021	1022	1023	1025	1026	1027	1028	1029	1030	1033	1034	1035	1038	1042	1045	1048	1049	1051	1055	1056	1057	1059	1060	
83	83	28	1001	1004	1006	1008	1010	1011	1012	1015	1017	1018	1021	1022	1023	1025	1033	1036	1037	1038	1040	1041	1043	1044	1045	1046	1047	1055	1056	1059	
84	84	27	1002	1003	1004	1005	1011	1013	1014	1016	1022	1025	1026	1032	1033	1035	1036	1040	1041	1043	1045	1048	1050	1051	1053	1054	1056	1059	1060	
85	85	54	1001	1002	1003	1004	1005	1006	1007	1008	1009	1010	1012	1013	1014	1015	1016	1017	1018	1019	1021	1022	1023	1024	1025	1026	1027	1028	1029	1030	1031	1032	1033	1034	1035	1036	1037	1038	1041	1042	1043	1045	1046	1047	1048	1049	1050	1051	1052	1053	1054	1055	1057	1058	1059	1060	
86	86	29	1002	1005	1006	1008	1011	1013	1014	1015	1016	1018	1020	1021	1022	1024	1027	1028	1029	1030	1031	1037	1039	1042	1043	1044	1052	1053	1056	1058	1060	
87	87	60	1001	1002	1003	1004	1005	1006	1007	1008	1009	1010	1011	1012	1013	1014	1015	1016	1017	1018	1019	1020	1021	1022	1023	1024	1025	1026	1027	1028	1029	1030	1031	1032	1033	1034	1035	1036	1037	1038	1039	1040	1041	1042	1043	1044	1045	1046	1047	1048	1049	1050	1051	1052	1053	1054	1055	1056	1057	1058	1059	1060	
88	88	16	1002	1010	1013	1017	1019	1024	1028	1044	1045	1046	1048	1051	1052	1054	1058	1059	
89	89	48	1001	1002	1004	1005	1006	1007	1008	1009	1010	1011	1012	1014	1015	1016	1017	1018	1019	1020	1021	1022	1023	1027	1028	1029	1031	1032	1033	1034	1035	1036	1037	1038	1039	1041	1042	1043	1044	1045	1047	1048	1049	1051	1053	1055	1056	1057	1058	1060	
90	90	17	1003	1008	1012	1013	1015	1018	1020	1027	1030	1032	1038	1044	1045	1046	1047	1053	1060	
