90
1	1	24	1001	1004	1007	1008	1009	1011	1012	1013	1014	1015	1016	1017	1018	1019	1020	1021	1022	1024	1025	1026	1027	1028	1029	1030	
2	2	14	1001	1004	1006	1007	1009	1011	1013	1014	1015	1017	1018	1020	1022	1024	
3	3	11	1001	1003	1006	1008	1009	1011	1012	1024	1026	1029	1030	
4	4	25	1001	1002	1004	1005	1006	1008	1009	1010	1012	1014	1015	1016	1017	1018	1019	1020	1021	1022	1023	1025	1026	1027	1028	1029	1030	
5	5	30	1001	1002	1003	1004	1005	1006	1007	1008	1009	1010	1011	1012	1013	1014	1015	1016	1017	1018	1019	1020	1021	1022	1023	1024	1025	1026	1027	1028	1029	1030	
6	6	9	1004	1012	1013	1016	1018	1023	1026	1027	1030	
7	7	14	1001	1002	1004	1006	1007	1012	1013	1022	1023	1024	1026	1028	1029	1030	
8	8	22	1001	1003	1005	1006	1008	1009	1010	1011	1012	1013	1016	1017	1018	1019	1020	1021	1022	1024	1027	1028	1029	1030	
9	9	15	1001	1002	1003	1004	1008	1009	1010	1013	1014	1015	1019	1021	1027	1028	1030	
10	10	22	1001	1002	1003	1004	1005	1008	1009	1011	1013	1014	1015	1016	1017	1018	1019	1020	1021	1023	1024	1026	1027	1030	
11	11	8	1003	1005	1006	1015	1023	1024	1026	1029	
12	12	19	1001	1002	1003	1005	1006	1007	1011	1012	1013	1015	1016	1018	1019	1020	1022	1023	1024	1025	1030	
13	13	30	1001	1002	1003	1004	1005	1006	1007	1008	1009	1010	1011	1012	1013	1014	1015	1016	1017	1018	1019	1020	1021	1022	1023	1024	1025	1026	1027	1028	1029	1030	
14	14	7	1002	1006	1007	1010	1013	1018	1027	
15	15	14	1001	1003	1004	1007	1008	1010	1011	1014	1015	1019	1020	1025	1026	1028	
16	16	12	1001	1004	1006	1012	1015	1017	1019	1021	1024	1026	1029	1030	
17	17	29	1001	1002	1003	1004	1005	1006	1007	1008	1009	1010	1011	1012	1013	1014	1015	1016	1017	1018	1019	1020	1021	1022	1024	1025	1026	1027	1028	1029	1030	
18	18	13	1001	1004	1010	1012	1015	1019	1020	1021	1023	1024	1025	1027	1028	
19	19	23	1003	1004	1005	1006	1007	1008	1010	1011	1012	1013	1014	1015	1017	1018	1019	1020	1021	1022	1023	1024	1025	1027	1030	
20	20	10	1003	1006	1010	1011	1012	1015	1017	1018	1020	1024	
21	21	9	1002	1006	1009	1015	1016	1019	1020	1023	1027	
22	22	13	1002	1007	1009	1014	1016	1017	1018	1020	1021	1022	1026	1028	1029	
23	23	8	1002	1005	1011	1017	1021	1025	1026	1027	
24	24	26	1001	1002	1003	1004	1006	1007	1008	1010	1011	1012	1013	1015	1016	1017	1018	1019	1020	1021	1022	1023	1024	1025	1026	1027	1029	1030	
25	25	21	1001	1002	1003	1004	1005	1006	1008	1009	1010	1012	1014	1015	1017	1018	1019	1020	1021	1024	1026	1029	1030	
26	26	11	1003	1004	1010	1014	1015	1016	1018	1019	1020	1028	1029	
27	27	17	1001	1003	1004	1005	1006	1008	1009	1010	1012	1013	1015	1017	1021	1024	1026	1027	1028	
28	28	9	1006	1008	1010	1013	1014	1021	1024	1025	1028	
29	29	19	1001	1002	1006	1007	1008	1011	1012	1014	1015	1016	1017	1019	1020	1021	1022	1024	1025	1027	1030	
30	30	9	1001	1003	1007	1014	1016	1017	1022	1026	1027	
31	31	21	1001	1002	1003	1005	1007	1008	1010	1012	1013	1014	1015	1017	1019	1020	1021	1022	1023	1024	1025	1026	1029	
32	32	20	1002	1003	1005	1006	1007	1009	1011	1014	1015	1016	1017	1018	1019	1021	1022	1023	1025	1026	1027	1028	
33	33	25	1001	1003	1004	1005	1006	1007	1008	1009	1010	1011	1012	1013	1014	1016	1017	1018	1019	1021	1022	1023	1024	1026	1028	1029	1030	
34	34	30	1001	1002	1003	1004	1005	1006	1007	1008	1009	1010	1011	1012	1013	1014	1015	1016	1017	1018	1019	1020	1021	1022	1023	1024	1025	1026	1027	1028	1029	1030	
35	35	11	1005	1010	1013	1014	1015	1016	1021	1022	1023	1024	1029	
36	36	20	1002	1004	1006	1007	1008	1009	1010	1011	1013	1016	1017	1018	1019	1021	1024	1025	1026	1027	1028	1030	
37	37	12	1001	1004	1005	1007	1011	1014	1016	1018	1021	1025	1027	1029	
38	38	14	1001	1002	1006	1007	1008	1011	1012	1013	1015	1021	1024	1026	1027	1028	
39	39	22	1001	1003	1004	1005	1006	1007	1008	1009	1011	1012	1014	1015	1018	1019	1020	1023	1024	1026	1027	1028	1029	1030	
40	40	21	1001	1002	1003	1004	1005	1006	1007	1008	1009	1010	1011	1012	1013	1015	1017	1021	1023	1026	1027	1028	1029	
41	41	14	1001	1004	1006	1008	1009	1011	1012	1013	1014	1016	1018	1020	1023	1026	
42	42	30	1001	1002	1003	1004	1005	1006	1007	1008	1009	1010	1011	1012	1013	1014	1015	1016	1017	1018	1019	1020	1021	1022	1023	1024	1025	1026	1027	1028	1029	1030	
43	43	21	1001	1002	1003	1004	1005	1006	1007	1008	1010	1012	1013	1016	1018	1020	1021	1022	1024	1025	1028	1029	1030	
44	44	21	1001	1002	1005	1006	1007	1008	1010	1011	1012	1013	1016	1017	1018	1021	1023	1024	1025	1026	1028	1029	1030	
45	45	22	1001	1002	1004	1005	1006	1008	1011	1012	1013	1014	1015	1016	1019	1021	1022	1023	1024	1025	1026	1027	1028	1030	
46	46	29	1001	1002	1003	1004	1005	1006	1007	1008	1009	1010	1011	1012	1013	1014	1015	1016	1017	1018	1019	1020	1021	1022	1023	1024	1025	1026	1027	1028	1029	
47	47	11	1006	1009	1016	1017	1020	1021	1022	1024	1025	1028	1030	
48	48	16	1005	1007	1009	1010	1011	1012	1013	1014	1015	1017	1018	1021	1022	1028	1029	1030	
49	49	30	1001	1002	1003	1004	1005	1006	1007	1008	1009	1010	1011	1012	1013	1014	1015	1016	1017	1018	1019	1020	1021	1022	1023	1024	1025	1026	1027	1028	1029	1030	
50	50	18	1004	1006	1007	1008	1009	1010	1012	1013	1014	1015	1016	1021	1023	1024	1025	1026	1028	1029	
51	51	17	1002	1006	1009	1010	1012	1013	1015	1016	1017	1018	1019	1020	1022	1026	1027	1028	1030	
52	52	9	1002	1004	1005	1010	1012	1019	1023	1027	1028	
53	53	20	1001	1002	1003	1004	1005	1006	1007	1008	1009	1012	1014	1017	1019	1020	1021	1022	1026	1027	1028	1030	
54	54	27	1002	1003	1004	1005	1006	1007	1008	1009	1010	1012	1013	1014	1015	1016	1017	1018	1019	1020	1022	1023	1024	1025	1026	1027	1028	1029	1030	
55	55	12	1001	1002	1003	1004	1006	1011	1012	1016	1019	1021	1023	1027	
56	56	9	1003	1005	1011	1012	1013	1016	1018	1026	1029	
57	57	26	1001	1002	1003	1005	1006	1007	1009	1010	1011	1013	1014	1015	1016	1017	1018	1019	1020	1021	1022	1023	1025	1026	1027	1028	1029	1030	
58	58	13	1001	1002	1005	1008	1011	1016	1018	1019	1020	1022	1023	1025	1027	
59	59	28	1001	1002	1003	1004	1005	1006	1007	1008	1009	1011	1012	1013	1014	1015	1016	1017	1018	1019	1021	1022	1023	1024	1025	1026	1027	1028	1029	1030	
60	60	8	1001	1010	1013	1015	1019	1020	1027	1030	
61	61	29	1001	1002	1003	1004	1005	1006	1007	1008	1009	1010	1011	1013	1014	1015	1016	1017	1018	1019	1020	1021	1022	1023	1024	1025	1026	1027	1028	1029	1030	
62	62	23	1001	1002	1003	1004	1005	1006	1007	1009	1010	1013	1015	1016	1018	1019	1021	1022	1023	1024	1026	1027	1028	1029	1030	
63	63	12	1002	1004	1005	1011	1012	1013	1014	1016	1020	1027	1028	1029	
64	64	24	1001	1002	1003	1004	1005	1006	1007	1008	1009	1010	1011	1012	1013	1014	1015	1016	1018	1019	1020	1022	1023	1024	1025	1030	
65	65	18	1003	1004	1008	1009	1010	1011	1012	1015	1016	1017	1018	1019	1023	1024	1025	1027	1029	1030	
66	66	11	1002	1005	1006	1009	1010	1015	1019	1020	1027	1028	1030	
67	67	12	1001	1003	1004	1006	1008	1012	1017	1019	1025	1026	1027	1029	
68	68	30	1001	1002	1003	1004	1005	1006	1007	1008	1009	1010	1011	1012	1013	1014	1015	1016	1017	1018	1019	1020	1021	1022	1023	1024	1025	1026	1027	1028	1029	1030	
69	69	19	1004	1005	1006	1011	1012	1014	1015	1016	1017	1018	1019	1020	1022	1023	1025	1026	1028	1029	1030	
70	70	17	1001	1002	1005	1008	1009	1011	1012	1013	1014	1016	1021	1023	1024	1027	1028	1029	1030	
71	71	14	1001	1003	1008	1009	1010	1011	1015	1018	1019	1022	1025	1026	1027	1028	
72	72	28	1001	1002	1003	1004	1006	1007	1008	1009	1010	1011	1012	1013	1014	1015	1016	1017	1018	1019	1020	1021	1022	1024	1025	1026	1027	1028	1029	1030	
73	73	13	1005	1006	1007	1008	1012	1016	1018	1020	1022	1024	1025	1026	1030	
74	74	14	1002	1004	1005	1007	1009	1011	1012	1016	1018	1024	1025	1026	1027	1029	
75	75	7	1005	1010	1013	1015	1022	1027	1028	
76	76	16	1002	1003	1009	1010	1011	1012	1013	1014	1016	1018	1022	1024	1026	1027	1029	1030	
77	77	11	1003	1005	1008	1009	1013	1016	1019	1023	1024	1025	1029	
78	78	23	1001	1002	1003	1005	1006	1008	1010	1011	1012	1013	1015	1017	1019	1020	1022	1023	1024	1025	1026	1027	1028	1029	1030	
79	79	23	1003	1005	1006	1007	1008	1009	1011	1012	1013	1014	1015	1017	1019	1020	1021	1022	1023	1024	1025	1026	1027	1028	1030	
80	80	18	1001	1002	1006	1008	1009	1010	1011	1013	1017	1019	1021	1022	1023	1024	1025	1026	1027	1030	
81	81	28	1001	1002	1003	1004	1005	1006	1007	1008	1009	1010	1011	1012	1013	1014	1015	1016	1017	1019	1020	1021	1022	1023	1024	1025	1026	1027	1028	1030	
82	82	23	1001	1002	1003	1006	1007	1008	1009	1010	1011	1012	1015	1016	1017	1018	1019	1020	1021	1022	1023	1024	1026	1029	1030	
83	83	29	1001	1002	1003	1004	1005	1006	1007	1008	1009	1010	1011	1012	1013	1014	1015	1016	1017	1018	1019	1020	1021	1022	1023	1024	1026	1027	1028	1029	1030	
84	84	28	1001	1002	1003	1004	1005	1006	1007	1008	1009	1010	1011	1012	1013	1014	1015	1016	1017	1019	1020	1021	1023	1024	1025	1026	1027	1028	1029	1030	
85	85	22	1001	1002	1003	1006	1007	1008	1010	1011	1012	1014	1015	1016	1017	1018	1020	1021	1022	1023	1024	1025	1028	1029	
86	86	26	1001	1002	1003	1004	1005	1006	1007	1008	1009	1010	1011	1012	1013	1014	1015	1016	1017	1018	1020	1022	1024	1025	1026	1027	1029	1030	
87	87	18	1001	1002	1003	1006	1007	1009	1011	1016	1019	1021	1022	1023	1025	1026	1027	1028	1029	1030	
88	88	25	1002	1003	1004	1005	1006	1007	1009	1010	1011	1012	1014	1015	1016	1017	1018	1019	1020	1022	1023	1024	1025	1026	1028	1029	1030	
89	89	24	1001	1003	1004	1005	1007	1008	1010	1011	1013	1014	1015	1016	1017	1018	1020	1021	1022	1023	1024	1026	1027	1028	1029	1030	
90	90	15	1002	1003	1005	1006	1007	1009	1010	1011	1012	1013	1015	1017	1018	1020	1022	
