-1	1	2	3	4	5	6	7	8	9	10	11	12	13	14	15	16	17	18	19	20	21	22	23	24	25	26	27	28	29	30	31	32	33	34	35	36	37	38	39	40	41	42	43	44	45	46	47	48	49	50	51	52	53	54	55	56	57	58	59	60	61	62	63	64	65	66	67	68	69	70	71	72	73	74	75	76	77	78	79	80	81	82	83	84	85	86	87	88	89	90	
1001	706	737	289	983	52	946	154	276	791	931	329	908	263	686	575	596	605	554	960	135	199	232	420	886	704	290	206	674	371	649	627	198	140	670	957	178	152	899	529	398	622	506	350	500	870	326	24	154	385	202	707	814	152	247	275	722	778	753	715	202	753	924	309	275	716	339	794	47	82	889	442	342	69	516	461	359	389	734	603	415	767	678	130	505	325	230	46	800	383	230	
1002	961	779	778	237	571	897	311	749	387	330	180	755	244	3	231	183	420	884	821	306	133	758	5	973	633	475	631	583	303	624	297	135	518	329	619	771	895	844	140	897	945	393	636	996	335	528	68	386	188	891	330	91	241	598	729	100	958	140	729	700	672	836	747	558	386	132	759	9	151	340	825	661	566	382	490	271	567	908	659	830	110	27	71	959	310	455	305	30	951	168	
1003	486	674	443	586	331	412	227	39	318	962	633	814	120	277	417	268	650	222	568	620	397	43	987	219	110	322	122	709	636	957	253	136	229	798	405	39	741	925	430	665	265	281	131	540	939	740	163	99	407	529	163	784	549	946	244	478	15	125	390	62	374	191	565	700	721	324	539	11	734	589	638	679	691	779	475	881	134	795	131	176	852	819	973	429	872	724	581	224	116	288	
1004	234	356	46	655	474	25	323	588	620	300	243	290	951	172	689	928	934	913	619	609	593	33	138	743	517	372	384	94	593	123	403	162	314	46	89	84	434	174	124	296	508	392	368	602	187	19	498	683	243	996	868	966	440	736	326	608	526	873	879	191	89	717	853	586	70	796	225	722	618	936	78	264	689	241	83	407	921	282	487	394	337	830	765	345	708	480	16	704	850	321	
1005	289	48	314	814	684	255	773	69	523	435	351	794	555	701	505	917	776	291	511	656	879	422	376	479	202	220	520	328	256	864	778	309	187	639	834	184	886	67	570	574	447	357	659	207	393	759	422	806	397	264	763	100	650	459	787	585	538	330	617	941	255	159	198	348	158	396	701	417	786	692	363	636	69	689	139	206	467	830	122	92	967	872	62	403	377	89	796	764	968	61	
1006	792	317	777	883	429	88	616	74	761	136	224	448	790	205	333	505	775	855	28	83	458	492	283	936	406	430	399	30	871	812	197	238	304	755	973	258	705	875	36	850	417	150	49	8	445	519	26	275	849	336	984	441	62	63	961	649	509	569	996	464	939	542	890	265	766	40	219	330	271	263	614	661	448	438	926	581	952	220	569	402	925	379	10	382	401	541	202	968	368	552	
1007	657	336	871	892	286	882	108	435	301	328	770	752	875	872	840	134	821	536	827	360	646	58	850	634	512	914	872	902	398	893	997	48	130	141	590	19	43	219	823	757	417	252	998	608	132	262	818	403	737	60	636	937	198	489	308	136	25	146	775	557	411	559	751	958	915	771	36	687	17	297	442	537	815	58	555	712	807	220	302	908	457	29	23	827	523	321	778	172	767	816	
1008	727	287	324	55	532	236	585	624	609	887	965	684	343	519	402	895	423	245	834	379	273	533	659	677	462	54	379	906	687	402	821	42	804	202	708	380	386	900	352	778	167	607	327	429	423	137	118	788	701	294	751	834	642	28	965	62	105	261	510	806	303	20	625	406	549	675	488	54	352	69	175	538	738	864	974	22	778	165	907	241	570	306	644	377	303	735	212	720	550	817	
1009	518	93	524	171	575	16	892	928	637	478	325	871	953	835	81	595	430	854	986	116	647	885	601	673	651	528	726	999	741	260	897	346	9	114	473	275	827	863	307	619	850	28	69	128	382	32	187	829	86	549	801	31	173	104	538	325	453	341	729	335	756	227	415	402	639	636	244	858	988	112	881	410	876	714	589	41	497	43	614	877	116	973	698	44	995	283	143	808	281	911	
1010	635	478	43	785	468	768	381	405	320	890	317	309	405	524	464	756	578	283	338	225	963	42	456	653	956	905	772	246	124	326	388	51	956	161	364	160	511	381	515	572	628	979	164	257	266	832	655	636	885	267	295	230	566	80	772	994	975	240	60	416	62	940	909	889	761	607	983	428	828	156	424	784	463	481	407	659	380	466	181	571	743	521	817	963	959	372	451	168	948	879	
1011	420	673	404	827	315	923	928	754	749	898	704	475	131	609	931	629	420	689	322	316	330	347	197	176	337	669	528	164	976	131	479	233	68	258	693	636	657	186	779	830	482	530	326	483	891	25	642	14	484	930	454	82	33	758	992	11	232	785	11	102	339	190	310	255	134	452	943	890	59	701	664	268	260	556	488	714	161	543	541	810	459	558	848	489	920	219	914	956	496	346	
1012	139	830	659	654	507	132	605	219	516	88	29	327	650	683	831	349	415	925	940	564	633	993	590	416	455	582	608	745	82	248	489	208	130	844	714	871	639	844	861	280	193	898	369	361	930	623	468	230	514	518	96	959	395	5	65	228	654	500	445	351	989	346	837	561	843	428	244	95	129	254	389	582	819	527	330	901	658	920	834	146	691	934	298	519	144	848	280	358	205	507	
1013	139	877	380	39	593	334	213	704	776	291	620	381	206	505	600	159	395	148	918	626	273	306	747	11	115	456	146	554	965	908	552	818	597	11	679	535	945	35	720	495	209	268	700	52	462	275	397	977	836	151	928	27	251	167	886	34	164	811	491	768	442	83	478	665	990	21	843	20	952	667	589	657	699	803	456	643	825	673	318	616	526	946	71	478	113	602	167	648	392	449	
1014	754	108	962	708	281	125	372	671	983	879	860	44	637	861	474	118	417	692	155	810	243	548	879	131	747	354	852	293	469	305	747	585	207	211	761	785	458	659	593	237	631	148	463	500	756	391	920	655	663	161	697	282	971	595	429	164	321	863	603	322	288	487	911	735	7	927	144	142	627	22	578	579	37	185	309	887	277	994	381	770	157	719	419	958	783	605	908	730	248	990	
1015	892	305	601	215	571	132	825	759	99	324	960	520	778	456	734	676	91	569	220	697	673	538	550	961	414	72	361	156	892	833	249	588	300	826	551	529	670	276	472	934	24	30	761	980	346	473	73	293	817	640	400	540	306	862	71	875	650	869	424	685	147	636	848	45	194	96	89	95	343	463	61	982	709	865	23	581	834	927	340	105	425	209	707	646	118	514	785	698	714	615	
1016	767	800	776	385	221	110	238	511	911	408	670	246	661	297	52	660	314	996	684	135	39	323	332	559	351	525	670	965	180	845	389	572	42	120	398	694	651	168	546	194	883	647	200	77	716	53	296	359	469	854	397	984	470	110	242	219	592	679	993	737	291	332	680	569	751	118	366	766	550	375	420	522	210	349	382	834	804	826	636	425	701	169	444	809	224	971	579	263	599	771	
1017	695	677	119	384	465	196	537	871	986	352	860	205	189	460	74	32	419	331	653	521	401	730	205	529	530	340	210	86	44	509	195	223	127	972	502	500	379	282	624	129	737	240	103	884	509	265	814	525	434	923	857	806	911	876	194	379	689	74	251	452	993	219	613	345	479	254	664	973	439	978	132	77	259	542	704	315	265	89	369	726	711	651	181	756	892	291	871	443	296	898	
1018	773	318	991	890	66	361	357	143	386	854	618	549	211	793	570	150	759	858	996	738	290	936	266	488	507	822	191	710	265	982	500	730	480	540	459	162	171	844	24	825	196	143	836	563	586	433	156	515	891	694	882	658	434	263	42	459	138	496	696	917	340	380	248	617	949	258	781	68	4	929	215	487	802	370	399	437	211	278	740	525	788	32	475	905	558	771	394	430	298	15	
1019	741	724	744	494	897	965	616	255	218	396	775	873	793	709	144	370	333	653	813	50	725	173	901	103	687	925	237	26	625	882	493	873	862	266	564	806	595	184	535	704	954	204	702	392	455	597	151	415	985	505	456	262	83	636	415	158	484	287	60	554	83	355	425	873	463	534	952	968	87	669	782	624	893	307	31	379	144	785	626	261	562	383	318	1	151	945	925	633	47	885	
1020	42	734	124	779	367	770	191	251	677	100	125	901	503	387	378	704	658	45	234	342	772	504	926	439	569	600	277	935	350	561	287	1	306	392	238	140	329	669	854	429	147	252	663	748	733	988	345	595	734	70	311	157	108	986	262	252	559	223	680	190	967	483	316	400	842	458	617	635	873	625	699	686	43	277	804	492	2	55	159	40	861	643	25	934	29	458	848	420	708	933	
1021	977	738	538	821	716	362	988	356	400	637	766	157	383	710	264	707	76	366	149	564	766	976	148	559	386	359	30	396	535	734	759	929	200	985	889	905	294	563	85	959	188	167	260	220	39	474	653	405	61	945	567	561	965	999	785	202	536	58	391	873	814	575	320	143	772	626	967	465	404	587	583	35	526	534	778	369	870	881	307	874	478	691	874	174	989	299	105	185	416	846	
1022	272	704	382	423	396	916	183	707	653	480	27	56	136	486	177	193	108	557	922	140	193	743	156	609	450	351	458	317	845	138	116	1000	377	813	986	155	7	400	239	782	412	650	924	41	686	221	138	881	732	634	572	486	387	512	725	579	462	562	278	981	694	127	786	535	995	446	205	29	401	840	978	600	478	736	836	890	283	657	984	722	562	640	721	498	351	290	380	791	73	222	
1023	777	651	350	377	132	190	66	838	677	714	861	880	537	309	956	237	843	634	573	419	100	405	732	8	752	622	124	402	526	636	932	801	504	509	855	10	389	51	65	597	547	649	167	561	8	150	990	46	259	617	750	979	367	398	536	57	408	911	606	440	32	295	683	417	548	235	699	99	947	458	531	946	743	623	4	469	167	580	908	702	851	288	822	264	610	396	603	636	977	35	
1024	740	597	985	163	212	483	902	785	198	109	546	713	261	488	923	934	116	596	356	248	559	220	41	660	474	190	816	414	497	629	522	676	80	709	899	988	300	166	525	25	921	757	244	322	206	359	14	60	846	456	569	705	184	548	209	521	641	203	98	608	912	114	3	239	139	591	484	703	704	109	993	948	718	969	967	463	821	820	463	798	371	571	329	672	897	675	770	899	397	945	
1025	289	761	73	751	403	892	508	981	12	200	480	370	89	868	795	460	934	666	919	15	109	699	573	772	468	162	795	340	908	439	751	518	953	981	497	213	783	149	156	653	849	548	494	591	296	251	321	419	466	982	592	53	32	207	61	524	805	195	682	175	132	293	463	120	793	418	500	477	307	85	503	789	776	420	24	233	497	579	835	403	712	759	894	370	152	333	604	766	395	196	
1026	706	305	857	351	48	928	137	848	41	679	940	789	700	816	704	62	815	629	628	667	388	26	134	235	166	595	119	810	940	807	509	912	5	869	89	960	789	174	651	359	271	988	18	918	955	385	272	184	194	243	310	112	984	919	996	909	744	35	435	719	510	840	999	943	17	416	783	106	696	276	222	503	711	25	527	137	682	132	213	390	937	132	833	665	748	831	215	333	353	991	
1027	411	500	454	976	422	862	776	97	805	841	369	564	872	778	967	667	591	728	96	293	728	485	703	237	399	35	899	577	738	112	992	846	934	885	538	433	956	299	863	953	344	623	53	299	180	832	765	310	232	38	14	33	437	381	372	162	818	450	418	617	782	318	645	843	375	201	907	115	347	497	365	710	212	394	857	805	489	800	147	625	212	739	548	98	38	650	867	848	929	932	
1028	782	471	370	102	484	719	313	306	444	441	263	816	487	706	68	236	209	985	859	457	610	722	824	524	438	11	652	997	600	478	135	705	42	167	613	596	800	294	501	941	598	742	46	298	774	783	346	806	247	202	984	280	866	388	236	462	919	884	690	113	320	247	507	242	276	116	263	134	423	860	908	646	895	876	933	898	354	982	191	879	479	101	400	47	58	872	248	576	388	840	
1029	343	978	685	521	998	348	918	711	268	585	680	399	716	177	50	957	89	915	502	585	464	73	457	130	734	984	807	84	244	140	649	916	664	140	48	673	214	106	63	454	398	350	524	629	376	731	359	254	814	441	582	768	960	485	400	679	862	206	328	831	769	689	733	912	827	976	792	714	985	542	853	163	701	614	894	47	777	524	788	135	633	980	199	773	232	851	248	655	30	187	
1030	298	384	994	101	792	896	716	645	957	639	936	18	919	664	337	31	588	231	278	137	785	882	948	297	656	535	755	602	73	614	454	357	316	16	999	881	61	248	194	70	969	432	712	404	673	552	615	679	981	515	160	630	563	210	362	92	496	357	533	486	589	302	601	351	742	753	864	857	167	570	305	500	807	781	46	908	786	243	73	549	746	564	786	74	702	576	532	536	397	578	
