60
1	1	9	1002	1003	1004	1005	1010	1016	1018	1029	1030	
2	2	13	1004	1006	1008	1009	1010	1012	1013	1014	1021	1026	1027	1029	1030	
3	3	12	1001	1002	1004	1006	1008	1010	1012	1014	1015	1016	1023	1030	
4	4	23	1001	1002	1003	1004	1005	1006	1007	1009	1010	1013	1015	1016	1018	1019	1020	1022	1023	1024	1025	1026	1027	1029	1030	
5	5	26	1002	1003	1005	1006	1007	1008	1009	1011	1012	1013	1014	1015	1016	1017	1018	1019	1020	1021	1022	1023	1024	1026	1027	1028	1029	1030	
6	6	28	1001	1002	1003	1004	1005	1006	1007	1009	1010	1011	1012	1013	1015	1016	1017	1018	1019	1020	1021	1022	1023	1024	1025	1026	1027	1028	1029	1030	
7	7	12	1007	1008	1009	1013	1014	1015	1016	1023	1025	1026	1027	1028	
8	8	17	1001	1002	1004	1005	1006	1007	1008	1009	1011	1012	1013	1016	1018	1022	1026	1027	1029	
9	9	9	1002	1005	1011	1014	1017	1019	1022	1024	1026	
10	10	24	1001	1002	1003	1004	1005	1007	1008	1010	1011	1012	1013	1014	1017	1018	1019	1021	1022	1023	1024	1026	1027	1028	1029	1030	
11	11	7	1008	1012	1015	1016	1019	1028	1029	
12	12	7	1001	1004	1009	1015	1016	1020	1027	
13	13	15	1001	1002	1004	1005	1006	1007	1008	1009	1011	1012	1015	1018	1020	1023	1026	
14	14	7	1006	1008	1014	1019	1020	1024	1028	
15	15	29	1001	1002	1003	1004	1005	1006	1007	1008	1009	1010	1011	1012	1013	1014	1015	1016	1017	1018	1019	1020	1021	1022	1023	1025	1026	1027	1028	1029	1030	
16	16	29	1001	1002	1003	1004	1005	1006	1007	1009	1010	1011	1012	1013	1014	1015	1016	1017	1018	1019	1020	1021	1022	1023	1024	1025	1026	1027	1028	1029	1030	
17	17	24	1001	1002	1003	1004	1006	1007	1008	1009	1010	1011	1013	1015	1018	1019	1020	1021	1022	1024	1025	1026	1027	1028	1029	1030	
18	18	16	1004	1005	1006	1007	1008	1010	1011	1013	1017	1018	1019	1021	1024	1026	1027	1030	
19	19	23	1001	1003	1004	1005	1006	1007	1008	1009	1010	1012	1013	1015	1016	1017	1018	1019	1020	1021	1023	1025	1027	1029	1030	
20	20	11	1001	1005	1006	1015	1017	1018	1019	1022	1023	1024	1030	
21	21	24	1002	1004	1005	1006	1008	1009	1010	1011	1012	1013	1014	1015	1018	1019	1020	1021	1022	1023	1024	1026	1027	1028	1029	1030	
22	22	28	1001	1002	1003	1004	1005	1006	1008	1009	1010	1011	1012	1013	1014	1015	1017	1018	1019	1020	1021	1022	1023	1024	1025	1026	1027	1028	1029	1030	
23	23	28	1001	1003	1004	1005	1006	1007	1008	1009	1010	1011	1012	1013	1014	1015	1016	1017	1018	1019	1020	1021	1023	1024	1025	1026	1027	1028	1029	1030	
24	24	24	1001	1003	1004	1005	1006	1008	1010	1011	1012	1014	1015	1016	1018	1019	1020	1021	1022	1023	1024	1025	1026	1027	1029	1030	
25	25	9	1002	1013	1017	1018	1019	1021	1025	1026	1029	
26	26	16	1004	1008	1010	1011	1013	1015	1016	1018	1019	1020	1022	1024	1025	1027	1028	1029	
27	27	14	1002	1007	1010	1012	1018	1019	1020	1021	1022	1025	1026	1027	1028	1030	
28	28	28	1001	1002	1003	1004	1005	1006	1007	1008	1009	1010	1011	1013	1014	1015	1016	1017	1018	1019	1020	1021	1022	1023	1025	1026	1027	1028	1029	1030	
29	29	9	1004	1005	1007	1009	1010	1011	1019	1023	1025	
30	30	21	1001	1003	1004	1005	1006	1008	1009	1010	1011	1012	1015	1016	1017	1018	1022	1023	1024	1025	1027	1028	1029	
31	31	21	1001	1002	1003	1007	1008	1009	1010	1011	1012	1013	1015	1017	1020	1022	1023	1024	1025	1026	1027	1028	1029	
32	32	15	1003	1004	1005	1006	1008	1009	1011	1013	1020	1022	1023	1026	1027	1028	1030	
33	33	13	1001	1003	1009	1010	1012	1014	1017	1018	1021	1022	1025	1027	1030	
34	34	26	1001	1002	1003	1005	1007	1008	1009	1011	1012	1013	1014	1015	1016	1017	1018	1019	1020	1021	1023	1024	1025	1026	1027	1028	1029	1030	
35	35	20	1001	1002	1005	1007	1008	1009	1010	1015	1016	1017	1019	1020	1021	1022	1023	1024	1025	1027	1029	1030	
36	36	17	1001	1003	1004	1008	1014	1015	1016	1017	1018	1019	1020	1021	1022	1025	1028	1029	1030	
37	37	30	1001	1002	1003	1004	1005	1006	1007	1008	1009	1010	1011	1012	1013	1014	1015	1016	1017	1018	1019	1020	1021	1022	1023	1024	1025	1026	1027	1028	1029	1030	
38	38	23	1001	1002	1004	1005	1006	1007	1008	1011	1013	1015	1016	1017	1019	1020	1022	1023	1024	1025	1026	1027	1028	1029	1030	
39	39	8	1007	1011	1013	1017	1018	1020	1021	1023	
40	40	26	1001	1002	1004	1005	1007	1008	1009	1010	1011	1012	1013	1015	1016	1017	1018	1019	1020	1021	1022	1023	1024	1025	1026	1028	1029	1030	
41	41	26	1001	1002	1003	1004	1006	1007	1008	1009	1010	1011	1012	1013	1014	1015	1016	1017	1018	1019	1020	1021	1022	1023	1025	1026	1027	1030	
42	42	20	1001	1002	1003	1004	1006	1007	1010	1011	1012	1013	1015	1017	1019	1021	1023	1024	1025	1026	1029	1030	
43	43	24	1001	1002	1004	1005	1006	1007	1009	1010	1011	1014	1015	1016	1017	1018	1019	1020	1021	1023	1024	1025	1026	1027	1029	1030	
44	44	15	1001	1003	1006	1008	1012	1013	1016	1018	1020	1021	1025	1026	1027	1029	1030	
45	45	12	1002	1004	1008	1009	1018	1019	1023	1024	1025	1026	1027	1029	
46	46	30	1001	1002	1003	1004	1005	1006	1007	1008	1009	1010	1011	1012	1013	1014	1015	1016	1017	1018	1019	1020	1021	1022	1023	1024	1025	1026	1027	1028	1029	1030	
47	47	29	1001	1002	1003	1004	1005	1006	1007	1008	1010	1011	1012	1013	1014	1015	1016	1017	1018	1019	1020	1021	1022	1023	1024	1025	1026	1027	1028	1029	1030	
48	48	18	1002	1005	1006	1008	1010	1011	1012	1014	1015	1017	1018	1019	1021	1022	1024	1025	1026	1029	
49	49	8	1001	1009	1020	1023	1024	1026	1028	1029	
50	50	7	1002	1004	1006	1009	1012	1022	1027	
51	51	16	1001	1003	1005	1006	1008	1009	1011	1013	1015	1018	1020	1022	1023	1024	1026	1027	
52	52	21	1001	1002	1003	1004	1008	1010	1011	1013	1014	1015	1016	1017	1018	1019	1021	1022	1024	1025	1026	1027	1028	
53	53	20	1001	1002	1003	1004	1005	1007	1008	1010	1013	1014	1015	1016	1018	1019	1021	1022	1024	1026	1029	1030	
54	54	24	1001	1002	1003	1006	1007	1008	1009	1010	1012	1014	1015	1016	1017	1018	1019	1020	1021	1022	1023	1024	1025	1026	1027	1029	
55	55	10	1001	1003	1010	1014	1016	1022	1025	1026	1027	1029	
56	56	20	1001	1004	1006	1007	1008	1010	1011	1013	1014	1015	1016	1017	1020	1021	1023	1024	1026	1027	1028	1030	
57	57	16	1002	1003	1004	1005	1007	1008	1009	1010	1011	1018	1020	1022	1025	1027	1028	1029	
58	58	18	1001	1003	1005	1006	1007	1008	1010	1011	1012	1013	1015	1016	1017	1018	1019	1020	1024	1027	
59	59	8	1002	1003	1009	1010	1017	1019	1026	1027	
60	60	11	1003	1005	1006	1007	1010	1012	1013	1014	1018	1021	1027	
