30
1	1	29	1001	1002	1003	1004	1005	1006	1007	1008	1009	1010	1011	1012	1013	1014	1015	1016	1017	1018	1020	1021	1022	1023	1024	1025	1026	1027	1028	1029	1030	
2	2	9	1001	1003	1005	1010	1013	1017	1019	1028	1030	
3	3	18	1001	1004	1006	1007	1009	1010	1011	1012	1013	1015	1016	1018	1022	1023	1024	1025	1026	1028	
4	4	18	1001	1005	1006	1007	1008	1009	1010	1014	1016	1018	1019	1020	1021	1022	1026	1027	1028	1030	
5	5	9	1002	1003	1008	1009	1015	1016	1019	1025	1028	
6	6	22	1001	1002	1003	1004	1006	1009	1010	1011	1014	1015	1016	1017	1018	1020	1021	1022	1024	1025	1026	1028	1029	1030	
7	7	10	1004	1007	1009	1012	1016	1021	1022	1025	1026	1029	
8	8	9	1001	1003	1008	1011	1015	1020	1025	1028	1030	
9	9	15	1001	1003	1004	1005	1006	1008	1009	1010	1011	1012	1015	1020	1024	1025	1029	
10	10	7	1013	1014	1016	1017	1019	1024	1030	
11	11	8	1002	1006	1008	1011	1013	1021	1025	1028	
12	12	12	1003	1004	1006	1009	1010	1011	1012	1013	1017	1019	1022	1028	
13	13	18	1001	1004	1006	1008	1012	1013	1016	1017	1018	1019	1021	1022	1024	1025	1027	1028	1029	1030	
14	14	12	1001	1009	1010	1011	1015	1016	1023	1025	1026	1027	1029	1030	
15	15	24	1001	1002	1003	1004	1006	1007	1009	1011	1012	1013	1014	1015	1016	1017	1018	1020	1021	1022	1024	1026	1027	1028	1029	1030	
16	16	25	1002	1003	1004	1005	1007	1008	1009	1010	1011	1012	1014	1015	1016	1017	1018	1019	1021	1022	1023	1024	1025	1026	1027	1029	1030	
17	17	11	1004	1008	1014	1015	1016	1017	1019	1020	1023	1029	1030	
18	18	10	1012	1013	1015	1016	1018	1019	1020	1022	1028	1030	
19	19	30	1001	1002	1003	1004	1005	1006	1007	1008	1009	1010	1011	1012	1013	1014	1015	1016	1017	1018	1019	1020	1021	1022	1023	1024	1025	1026	1027	1028	1029	1030	
20	20	8	1003	1009	1013	1014	1016	1022	1025	1029	
21	21	22	1001	1002	1003	1005	1006	1009	1010	1011	1012	1013	1016	1017	1018	1019	1020	1021	1022	1024	1026	1027	1028	1030	
22	22	24	1001	1002	1003	1004	1005	1006	1007	1008	1010	1011	1012	1013	1017	1018	1019	1020	1021	1022	1023	1025	1026	1027	1028	1029	
23	23	20	1003	1006	1007	1008	1009	1010	1012	1013	1014	1015	1016	1017	1018	1020	1021	1023	1024	1025	1027	1030	
24	24	13	1002	1003	1006	1008	1009	1011	1013	1016	1020	1021	1022	1027	1030	
25	25	26	1001	1002	1003	1004	1005	1006	1007	1009	1010	1011	1012	1013	1014	1015	1016	1017	1018	1019	1021	1022	1023	1024	1025	1027	1029	1030	
26	26	28	1001	1002	1004	1005	1006	1007	1008	1009	1010	1011	1012	1014	1015	1016	1017	1018	1019	1020	1021	1022	1023	1024	1025	1026	1027	1028	1029	1030	
27	27	8	1002	1004	1010	1011	1016	1022	1024	1030	
28	28	21	1001	1005	1006	1007	1008	1010	1011	1012	1013	1015	1016	1017	1018	1019	1020	1022	1025	1026	1027	1029	1030	
29	29	21	1001	1004	1005	1008	1010	1012	1013	1014	1015	1016	1017	1018	1020	1021	1022	1024	1025	1026	1027	1029	1030	
30	30	27	1002	1003	1004	1005	1006	1007	1008	1009	1011	1012	1013	1014	1015	1016	1017	1018	1019	1020	1021	1022	1023	1024	1025	1027	1028	1029	1030	
