30
1	1	36	1003	1004	1005	1007	1010	1012	1016	1018	1019	1020	1022	1026	1028	1029	1030	1031	1032	1033	1034	1035	1038	1040	1041	1042	1043	1044	1046	1047	1048	1049	1050	1051	1053	1054	1056	1057	
2	2	19	1001	1002	1005	1006	1012	1016	1018	1019	1027	1034	1036	1038	1039	1049	1054	1055	1057	1058	1060	
3	3	20	1001	1005	1007	1015	1017	1020	1021	1023	1024	1028	1034	1037	1039	1040	1042	1047	1048	1049	1050	1059	
4	4	46	1001	1002	1003	1004	1005	1006	1008	1010	1011	1012	1015	1016	1017	1018	1020	1021	1023	1026	1028	1029	1031	1032	1033	1034	1035	1037	1038	1039	1040	1042	1043	1044	1045	1047	1048	1049	1051	1052	1053	1054	1055	1056	1057	1058	1059	1060	
5	5	50	1001	1002	1003	1004	1005	1006	1007	1009	1010	1011	1012	1013	1014	1016	1017	1018	1019	1021	1022	1023	1024	1025	1026	1027	1028	1029	1030	1032	1034	1035	1036	1037	1039	1041	1042	1043	1044	1045	1046	1047	1048	1049	1050	1051	1052	1053	1054	1055	1058	1059	
6	6	54	1001	1002	1003	1004	1005	1006	1007	1008	1009	1010	1011	1012	1013	1014	1015	1016	1017	1018	1020	1021	1022	1023	1024	1025	1026	1027	1028	1029	1030	1032	1033	1035	1036	1037	1038	1039	1040	1041	1042	1043	1045	1047	1048	1049	1050	1051	1052	1053	1054	1055	1056	1057	1059	1060	
7	7	32	1001	1002	1004	1005	1006	1007	1011	1014	1015	1020	1022	1024	1025	1028	1029	1030	1031	1033	1036	1040	1041	1042	1043	1044	1045	1046	1050	1051	1053	1055	1057	1060	
8	8	27	1002	1003	1005	1007	1010	1012	1014	1017	1018	1019	1021	1022	1029	1030	1031	1033	1036	1038	1040	1046	1048	1050	1051	1053	1054	1056	1060	
9	9	23	1001	1007	1008	1009	1011	1012	1015	1019	1021	1024	1027	1028	1031	1035	1036	1039	1041	1047	1050	1052	1053	1055	1056	
10	10	39	1001	1002	1005	1008	1009	1010	1011	1013	1014	1016	1017	1018	1020	1022	1024	1025	1026	1028	1029	1030	1032	1033	1034	1035	1038	1040	1042	1043	1044	1047	1048	1049	1050	1051	1055	1056	1057	1058	1059	
11	11	30	1005	1009	1013	1014	1019	1020	1021	1022	1023	1024	1025	1026	1027	1028	1029	1030	1031	1032	1034	1035	1037	1040	1043	1046	1047	1051	1053	1056	1057	1059	
12	12	24	1001	1002	1004	1006	1008	1011	1013	1021	1022	1023	1027	1028	1029	1033	1036	1040	1042	1043	1046	1047	1048	1052	1053	1056	
13	13	18	1001	1002	1004	1010	1019	1020	1026	1027	1030	1032	1034	1038	1042	1043	1045	1048	1054	1057	
14	14	39	1001	1004	1005	1007	1008	1009	1010	1012	1015	1016	1019	1020	1022	1025	1027	1029	1031	1032	1033	1034	1036	1037	1039	1040	1042	1043	1044	1048	1049	1051	1052	1053	1054	1055	1056	1057	1058	1059	1060	
15	15	32	1001	1002	1003	1005	1007	1008	1012	1013	1014	1015	1017	1020	1023	1027	1028	1029	1031	1032	1033	1037	1039	1040	1041	1042	1044	1046	1047	1049	1051	1053	1054	1059	
16	16	16	1013	1014	1017	1018	1022	1026	1028	1030	1032	1033	1034	1035	1043	1046	1051	1057	
17	17	51	1001	1002	1003	1004	1005	1006	1007	1008	1009	1010	1011	1012	1013	1014	1016	1017	1018	1019	1020	1021	1022	1023	1025	1026	1027	1028	1029	1030	1031	1032	1034	1035	1037	1038	1039	1040	1041	1042	1045	1046	1047	1048	1049	1050	1052	1054	1055	1056	1057	1058	1059	
18	18	45	1002	1003	1004	1005	1006	1007	1009	1010	1011	1013	1014	1015	1017	1018	1019	1020	1022	1023	1024	1025	1026	1029	1030	1031	1032	1033	1034	1035	1036	1037	1038	1039	1043	1044	1048	1050	1051	1052	1053	1054	1055	1056	1057	1059	1060	
19	19	17	1003	1005	1008	1009	1020	1023	1025	1029	1030	1035	1039	1041	1042	1048	1049	1050	1051	
20	20	28	1001	1002	1003	1005	1007	1011	1014	1015	1016	1022	1026	1028	1029	1034	1036	1037	1038	1041	1044	1046	1049	1051	1052	1054	1056	1057	1058	1060	
21	21	24	1003	1004	1015	1017	1018	1019	1021	1024	1025	1026	1028	1030	1035	1036	1040	1042	1043	1045	1048	1051	1052	1053	1055	1058	
22	22	19	1002	1007	1010	1011	1012	1017	1018	1019	1031	1032	1036	1039	1040	1047	1049	1052	1054	1056	1060	
23	23	14	1001	1015	1019	1021	1029	1030	1031	1040	1043	1045	1053	1054	1055	1060	
24	24	14	1005	1011	1014	1020	1029	1030	1032	1042	1047	1051	1052	1057	1059	1060	
25	25	59	1001	1002	1003	1004	1005	1006	1007	1008	1009	1010	1011	1012	1013	1014	1015	1016	1017	1018	1019	1020	1021	1022	1023	1024	1025	1026	1027	1028	1029	1030	1031	1032	1033	1035	1036	1037	1038	1039	1040	1041	1042	1043	1044	1045	1046	1047	1048	1049	1050	1051	1052	1053	1054	1055	1056	1057	1058	1059	1060	
26	26	28	1002	1003	1004	1005	1007	1011	1014	1015	1018	1022	1023	1025	1030	1031	1033	1034	1035	1037	1042	1043	1045	1046	1047	1049	1050	1054	1058	1059	
27	27	41	1001	1002	1003	1004	1006	1009	1010	1011	1012	1013	1014	1016	1018	1020	1021	1022	1023	1024	1029	1030	1032	1033	1034	1035	1037	1038	1039	1041	1042	1043	1045	1046	1047	1048	1049	1050	1052	1053	1054	1055	1059	
28	28	48	1001	1002	1003	1004	1007	1008	1010	1011	1012	1013	1014	1015	1016	1017	1018	1019	1020	1023	1024	1025	1026	1027	1029	1030	1031	1032	1033	1034	1035	1036	1037	1038	1040	1041	1044	1045	1046	1047	1048	1049	1051	1053	1054	1055	1057	1058	1059	1060	
29	29	14	1001	1002	1004	1008	1021	1028	1030	1031	1032	1036	1043	1049	1052	1057	
30	30	37	1002	1003	1004	1007	1009	1010	1011	1012	1016	1019	1020	1021	1022	1025	1026	1027	1029	1031	1032	1034	1035	1038	1039	1040	1041	1045	1046	1047	1048	1049	1050	1053	1055	1056	1058	1059	1060	
