-1	1	2	3	4	5	6	7	8	9	10	11	12	13	14	15	16	17	18	19	20	21	22	23	24	25	26	27	28	29	30	
1001	822	470	47	452	47	567	486	811	222	638	615	917	568	271	687	626	407	478	956	203	9	705	845	846	437	19	339	999	632	239	
1002	957	79	810	364	803	846	564	789	48	240	599	418	529	432	985	327	629	431	519	542	850	926	555	127	630	767	192	540	232	951	
1003	162	104	87	795	197	932	947	268	50	189	306	137	651	762	160	80	911	467	568	443	880	272	102	340	465	419	252	785	584	947	
1004	704	392	674	84	596	466	41	639	8	317	891	804	827	83	736	281	238	126	731	468	658	475	237	960	517	453	163	301	694	509	
1005	787	895	273	402	431	787	403	697	714	368	724	328	238	886	793	474	59	160	356	460	969	907	749	578	894	797	843	728	978	224	
1006	938	297	647	190	400	144	352	249	532	932	955	409	358	464	866	637	762	958	273	914	144	728	879	832	725	798	917	81	192	698	
1007	192	88	779	433	151	532	287	149	323	778	325	402	900	52	225	334	319	751	481	559	38	22	288	902	468	712	73	173	81	621	
1008	186	820	230	722	749	626	645	116	207	26	963	660	364	419	929	83	890	784	425	333	794	899	14	547	942	175	865	87	348	610	
1009	71	426	307	534	581	114	481	502	702	200	533	519	906	522	120	727	20	615	359	369	27	11	590	488	287	842	555	882	479	251	
1010	99	619	367	949	998	86	73	275	844	774	440	332	406	839	579	314	165	373	693	613	997	737	730	905	332	645	152	216	57	91	
1011	721	819	75	48	120	920	699	425	32	400	877	879	687	952	435	264	778	643	598	715	960	22	911	566	795	579	877	529	612	216	
1012	127	318	312	454	381	742	731	854	531	169	42	976	644	711	318	942	561	447	545	966	682	827	60	39	855	140	11	359	36	513	
1013	226	604	477	417	590	687	582	927	485	471	261	698	858	503	59	958	39	13	185	703	943	2	251	24	271	191	517	93	587	378	
1014	923	414	49	676	958	737	926	881	836	800	652	117	905	730	865	931	465	984	421	784	165	575	954	282	888	801	27	429	42	176	
1015	12	351	221	925	557	976	272	465	726	386	977	738	703	253	847	546	72	264	463	72	733	195	263	994	279	766	787	470	540	984	
1016	653	402	594	238	417	688	957	155	313	53	337	926	883	149	479	890	465	73	842	669	351	911	737	63	915	914	64	662	22	979	
1017	896	266	808	172	259	269	796	70	466	653	270	513	297	564	279	72	891	791	534	286	297	361	199	488	846	757	172	560	593	603	
1018	587	859	538	254	205	882	480	73	3	940	542	402	106	240	520	611	431	466	723	368	982	781	463	563	590	910	127	580	92	950	
1019	614	584	544	445	309	413	604	307	103	125	131	676	248	140	180	972	291	475	422	942	334	984	55	112	741	636	365	578	978	102	
1020	407	939	86	862	66	620	348	32	333	703	18	245	926	689	703	972	707	463	38	848	231	432	342	256	485	325	203	212	765	750	
1021	537	429	311	767	150	426	379	395	904	863	80	716	75	36	611	716	282	531	661	703	257	319	279	7	328	782	137	546	339	289	
1022	169	24	849	962	50	96	652	787	768	530	992	602	465	69	927	753	233	436	508	351	734	743	38	498	995	415	994	931	904	217	
1023	978	266	216	242	357	343	972	49	427	517	423	609	870	499	258	391	624	840	339	495	692	610	826	395	25	618	629	370	83	735	
1024	410	762	688	232	977	119	198	474	328	891	288	831	90	643	729	564	395	586	487	327	604	5	797	308	502	644	92	889	949	199	
1025	790	408	272	267	162	446	264	455	346	74	548	795	42	370	73	282	257	12	5	192	240	970	305	206	947	953	380	697	316	28	
1026	340	28	310	916	971	364	528	272	98	755	279	149	884	544	873	544	40	730	258	332	337	190	290	536	662	785	137	104	241	766	
1027	864	571	642	149	182	64	167	431	552	863	222	574	686	165	560	817	369	26	263	788	556	372	256	212	802	43	52	697	233	973	
1028	61	501	650	936	204	567	178	635	316	207	934	619	767	232	149	588	439	483	784	719	130	215	576	255	710	904	374	29	839	493	
1029	215	494	47	577	638	788	182	778	871	207	734	711	706	772	170	644	858	774	55	770	852	757	693	829	739	787	337	895	187	947	
1030	92	909	619	446	568	755	460	379	622	413	311	555	811	826	210	892	825	338	340	180	192	532	477	612	842	300	929	989	830	816	
1031	276	297	786	388	410	55	256	117	359	375	67	397	328	760	749	44	175	166	966	681	346	706	984	41	982	393	962	953	981	84	
1032	176	277	552	687	472	44	382	157	598	865	230	146	792	101	143	57	408	265	738	717	902	273	416	320	610	282	393	788	626	288	
1033	234	32	67	195	417	104	611	182	362	81	186	745	930	313	848	153	455	846	29	981	766	595	306	875	236	447	841	283	43	812	
1034	617	968	167	166	232	291	539	71	229	663	451	920	546	202	264	475	268	303	775	104	632	330	143	252	153	83	993	297	869	31	
1035	144	784	60	932	100	665	892	754	81	52	435	470	981	856	484	44	582	882	544	787	444	25	289	187	848	235	567	96	604	560	
1036	855	125	350	861	624	479	629	235	589	688	396	943	538	824	498	798	542	695	370	244	345	544	329	867	926	756	322	974	475	954	
1037	494	254	53	762	381	410	222	859	145	299	173	915	571	230	218	594	137	133	504	91	585	322	980	312	183	49	802	828	17	26	
1038	209	721	951	617	988	514	867	258	389	878	772	438	19	55	227	242	631	765	58	392	551	640	765	337	575	935	35	274	387	992	
1039	92	608	952	393	128	907	741	979	898	618	730	82	621	562	19	385	984	929	682	972	440	541	65	595	582	780	713	853	850	78	
1040	127	360	527	940	54	130	385	662	601	926	10	964	626	481	386	670	735	916	872	623	396	351	997	172	603	387	193	222	798	676	
1041	289	436	703	536	637	195	95	269	228	766	975	629	582	63	243	242	874	645	751	212	294	569	829	375	320	294	577	676	294	656	
1042	327	35	670	872	497	803	802	888	551	817	145	755	603	86	70	826	633	77	428	280	533	437	524	970	43	831	507	447	927	568	
1043	756	590	865	461	931	948	861	187	68	511	619	283	220	196	485	354	542	281	384	804	840	715	997	549	31	353	71	28	909	705	
1044	664	634	465	371	312	488	952	45	918	892	574	947	435	170	201	755	873	632	817	947	828	78	7	422	259	731	105	65	278	884	
1045	430	504	81	344	104	671	232	405	553	50	775	682	1	426	948	776	376	147	335	393	877	37	722	23	431	455	719	852	652	787	
1046	113	977	168	113	835	666	323	395	570	322	735	829	692	101	791	210	146	331	186	211	73	336	535	740	140	714	800	801	288	866	
1047	986	728	647	558	443	994	543	764	751	545	24	846	94	444	150	171	156	672	573	555	356	673	602	904	717	639	925	911	252	630	
1048	413	745	70	528	605	710	93	344	361	158	721	370	279	771	995	709	150	299	472	558	544	955	922	380	299	780	326	761	731	965	
1049	915	394	353	363	675	27	715	388	797	355	479	626	738	489	755	847	922	183	694	572	478	537	191	66	422	582	65	147	118	693	
1050	601	806	130	521	127	185	801	721	583	982	161	195	84	78	653	870	722	821	367	477	58	29	870	640	34	903	722	93	876	163	
1051	86	902	971	956	274	482	354	694	384	295	634	372	24	287	7	506	101	554	326	437	793	316	411	438	575	202	817	862	855	587	
1052	426	229	988	433	544	179	916	982	194	592	194	307	916	304	492	949	809	663	729	405	842	401	633	255	161	195	163	810	787	191	
1053	137	948	179	853	178	280	116	214	373	887	90	330	207	432	147	553	528	345	396	846	217	598	301	824	770	984	93	259	883	688	
1054	775	617	884	473	704	772	881	277	990	567	74	621	269	127	128	208	159	871	387	605	489	507	664	109	75	364	339	859	980	156	
1055	506	629	818	18	647	965	600	14	399	997	339	390	89	493	515	461	455	831	843	535	752	153	371	408	682	169	413	753	479	332	
1056	620	654	216	124	461	627	508	6	980	761	516	970	417	23	464	634	455	168	919	581	108	464	856	793	535	259	418	564	707	96	
1057	613	771	783	304	886	46	271	420	382	726	491	193	708	299	718	632	942	77	940	377	187	754	362	525	877	997	321	38	203	472	
1058	134	101	835	991	29	730	397	362	775	239	834	726	510	305	741	94	356	173	400	138	987	733	75	696	72	846	777	427	773	984	
1059	147	375	701	507	685	55	710	465	917	325	514	64	681	777	785	399	535	516	256	208	210	599	333	532	641	625	509	108	681	503	
1060	485	812	527	597	124	353	183	459	618	806	36	960	281	348	140	371	256	50	135	703	388	917	660	65	544	70	992	330	325	499	
