120
1	1	68	1005	1006	1007	1009	1011	1013	1015	1017	1018	1019	1021	1022	1023	1024	1026	1028	1030	1031	1032	1033	1034	1036	1037	1042	1044	1045	1046	1047	1049	1051	1056	1057	1060	1061	1062	1063	1064	1067	1068	1069	1074	1076	1078	1080	1086	1087	1089	1090	1091	1092	1093	1094	1096	1099	1100	1102	1103	1104	1105	1106	1107	1109	1110	1112	1116	1117	1118	1120	
2	2	75	1007	1008	1011	1012	1013	1014	1015	1017	1018	1019	1022	1023	1024	1025	1028	1029	1031	1032	1033	1036	1037	1038	1039	1040	1041	1044	1049	1050	1052	1053	1054	1058	1062	1063	1064	1065	1066	1069	1070	1072	1073	1074	1075	1077	1078	1080	1081	1082	1083	1084	1085	1087	1088	1089	1090	1092	1096	1099	1100	1103	1104	1105	1106	1108	1109	1110	1111	1113	1114	1115	1116	1117	1118	1119	1120	
3	3	49	1005	1006	1009	1010	1013	1021	1027	1030	1031	1033	1035	1036	1040	1041	1042	1044	1045	1048	1049	1051	1054	1055	1057	1059	1060	1063	1064	1065	1067	1069	1072	1074	1077	1080	1082	1088	1089	1093	1096	1097	1098	1101	1102	1106	1112	1114	1117	1119	1120	
4	4	68	1001	1002	1003	1005	1006	1008	1009	1010	1011	1012	1014	1017	1018	1020	1022	1023	1027	1030	1031	1032	1034	1035	1036	1038	1041	1045	1046	1048	1049	1050	1051	1052	1055	1057	1058	1061	1062	1063	1064	1066	1067	1070	1071	1073	1074	1076	1079	1080	1085	1086	1087	1088	1089	1090	1092	1093	1094	1095	1096	1097	1100	1104	1107	1112	1116	1118	1119	1120	
5	5	44	1005	1010	1011	1012	1013	1017	1019	1023	1024	1027	1028	1031	1034	1035	1038	1040	1046	1048	1054	1056	1057	1058	1069	1070	1073	1074	1077	1078	1079	1080	1081	1082	1084	1088	1089	1090	1092	1094	1095	1100	1103	1108	1114	1117	
6	6	48	1002	1005	1007	1010	1013	1014	1015	1021	1026	1035	1038	1043	1048	1049	1051	1056	1058	1060	1061	1062	1066	1069	1078	1080	1081	1085	1086	1087	1089	1090	1092	1095	1097	1099	1100	1101	1102	1103	1105	1106	1107	1109	1113	1114	1115	1117	1119	1120	
7	7	57	1001	1004	1005	1006	1007	1011	1012	1013	1014	1015	1016	1017	1018	1023	1026	1027	1029	1031	1038	1040	1041	1043	1047	1052	1055	1057	1058	1060	1062	1064	1066	1068	1071	1075	1077	1078	1079	1081	1082	1083	1085	1086	1088	1091	1093	1094	1095	1098	1100	1102	1110	1114	1116	1117	1118	1119	1120	
8	8	108	1001	1002	1003	1004	1005	1006	1007	1008	1009	1010	1011	1013	1014	1015	1016	1017	1018	1019	1020	1022	1023	1025	1027	1028	1030	1031	1032	1033	1034	1035	1036	1038	1039	1040	1041	1042	1043	1044	1045	1046	1047	1048	1049	1050	1052	1053	1054	1055	1056	1057	1058	1059	1060	1061	1062	1063	1065	1066	1067	1068	1069	1070	1071	1072	1073	1074	1075	1076	1077	1078	1079	1080	1081	1082	1083	1084	1085	1087	1088	1089	1090	1091	1092	1093	1094	1095	1096	1097	1098	1099	1100	1101	1103	1105	1106	1107	1108	1109	1110	1111	1112	1113	1115	1116	1117	1118	1119	1120	
9	9	48	1001	1003	1010	1012	1013	1015	1017	1019	1022	1024	1030	1032	1034	1040	1043	1047	1050	1053	1056	1057	1058	1062	1067	1070	1073	1076	1078	1079	1083	1084	1085	1091	1092	1093	1098	1099	1105	1106	1107	1109	1110	1111	1112	1114	1115	1116	1118	1120	
10	10	116	1001	1002	1003	1004	1005	1006	1007	1008	1009	1010	1011	1012	1013	1014	1015	1016	1017	1018	1019	1020	1021	1022	1023	1024	1025	1027	1028	1029	1030	1031	1032	1033	1034	1035	1036	1037	1038	1039	1040	1041	1042	1043	1044	1045	1046	1047	1048	1049	1050	1051	1052	1053	1054	1055	1056	1057	1059	1060	1061	1062	1063	1064	1065	1066	1067	1068	1069	1070	1071	1072	1073	1074	1075	1076	1077	1078	1079	1080	1081	1082	1083	1084	1086	1087	1088	1089	1090	1091	1092	1093	1094	1095	1096	1097	1098	1099	1101	1102	1103	1104	1105	1106	1107	1108	1109	1110	1111	1112	1113	1114	1115	1116	1117	1118	1119	1120	
11	11	26	1005	1010	1011	1018	1030	1035	1042	1049	1052	1053	1055	1069	1071	1073	1082	1085	1096	1097	1099	1106	1108	1111	1116	1117	1118	1119	
12	12	98	1002	1003	1005	1006	1007	1008	1009	1010	1011	1012	1013	1014	1015	1016	1017	1018	1019	1020	1021	1022	1023	1024	1026	1027	1028	1029	1030	1031	1032	1033	1034	1035	1037	1038	1039	1040	1041	1042	1043	1045	1046	1047	1048	1049	1051	1052	1053	1054	1055	1056	1057	1058	1060	1061	1062	1063	1064	1065	1067	1068	1069	1070	1071	1072	1073	1075	1077	1080	1081	1082	1083	1085	1086	1087	1089	1091	1092	1094	1095	1097	1098	1099	1100	1101	1103	1104	1105	1107	1108	1110	1111	1114	1115	1116	1117	1118	1119	1120	
13	13	64	1004	1005	1008	1010	1011	1012	1017	1018	1020	1023	1024	1025	1027	1030	1031	1032	1034	1035	1037	1039	1040	1042	1044	1045	1047	1051	1052	1053	1054	1055	1056	1057	1058	1064	1065	1066	1067	1069	1070	1071	1074	1076	1078	1079	1080	1081	1082	1086	1087	1091	1093	1094	1095	1096	1098	1099	1100	1101	1104	1105	1110	1114	1116	1119	
14	14	88	1001	1002	1003	1005	1006	1007	1008	1009	1011	1012	1013	1015	1016	1017	1018	1019	1020	1021	1023	1024	1025	1026	1027	1028	1029	1030	1031	1032	1034	1036	1039	1040	1041	1042	1043	1044	1045	1048	1049	1051	1052	1053	1054	1055	1056	1057	1058	1060	1061	1064	1065	1066	1068	1070	1071	1072	1073	1074	1075	1076	1077	1078	1080	1083	1084	1085	1086	1087	1089	1091	1092	1093	1094	1096	1097	1098	1099	1101	1102	1103	1107	1108	1109	1114	1115	1116	1117	1120	
15	15	29	1001	1006	1011	1023	1024	1027	1028	1029	1030	1032	1043	1047	1048	1051	1061	1065	1073	1077	1082	1087	1088	1089	1091	1096	1102	1106	1107	1115	1117	
16	16	115	1001	1002	1003	1004	1005	1006	1007	1008	1009	1010	1011	1012	1013	1016	1017	1018	1019	1020	1021	1022	1023	1024	1025	1026	1027	1028	1029	1030	1031	1032	1033	1034	1035	1036	1037	1038	1039	1040	1041	1042	1043	1044	1045	1046	1047	1048	1049	1050	1051	1052	1053	1054	1055	1056	1057	1058	1059	1060	1061	1062	1063	1064	1065	1066	1067	1068	1069	1070	1072	1074	1075	1076	1077	1078	1079	1080	1081	1082	1083	1084	1085	1086	1087	1088	1089	1090	1092	1093	1094	1095	1096	1097	1098	1099	1100	1101	1102	1103	1104	1105	1106	1107	1108	1109	1110	1111	1112	1113	1114	1115	1116	1117	1118	1119	1120	
17	17	64	1001	1002	1003	1006	1007	1008	1009	1010	1012	1014	1016	1020	1023	1024	1027	1029	1030	1032	1033	1034	1035	1037	1038	1039	1041	1042	1043	1044	1046	1048	1050	1052	1053	1054	1056	1058	1061	1062	1066	1069	1071	1073	1074	1076	1079	1081	1082	1086	1088	1092	1095	1097	1098	1100	1101	1102	1104	1105	1107	1109	1110	1111	1114	1115	
18	18	83	1001	1002	1004	1005	1006	1007	1008	1011	1012	1013	1014	1016	1019	1020	1023	1024	1025	1026	1028	1030	1032	1033	1034	1036	1037	1040	1041	1043	1044	1048	1049	1050	1051	1052	1053	1054	1055	1056	1057	1060	1061	1063	1064	1065	1066	1069	1070	1073	1076	1078	1079	1080	1082	1084	1085	1087	1089	1091	1092	1093	1094	1095	1096	1097	1098	1100	1101	1102	1103	1104	1105	1106	1107	1108	1110	1112	1113	1114	1115	1116	1117	1118	1120	
19	19	66	1001	1004	1005	1006	1007	1008	1010	1011	1015	1016	1017	1018	1020	1021	1027	1028	1029	1032	1035	1036	1037	1038	1040	1042	1044	1045	1046	1047	1050	1051	1053	1056	1057	1058	1059	1060	1061	1063	1069	1070	1071	1074	1075	1077	1080	1082	1084	1086	1089	1091	1092	1093	1094	1095	1097	1098	1103	1104	1105	1107	1109	1113	1114	1116	1118	1119	
20	20	105	1001	1004	1005	1006	1007	1008	1009	1010	1011	1012	1013	1015	1016	1018	1019	1021	1022	1023	1024	1025	1026	1027	1028	1029	1030	1031	1032	1033	1034	1035	1036	1037	1040	1042	1043	1044	1045	1047	1048	1049	1050	1051	1052	1053	1054	1055	1056	1057	1058	1059	1061	1062	1063	1064	1065	1066	1067	1068	1069	1070	1071	1072	1073	1074	1075	1076	1077	1078	1079	1080	1081	1082	1083	1084	1085	1086	1087	1088	1089	1090	1091	1093	1094	1096	1097	1098	1100	1101	1102	1103	1104	1105	1106	1108	1109	1110	1112	1113	1114	1115	1116	1117	1118	1119	1120	
21	21	36	1001	1006	1009	1011	1014	1016	1018	1019	1022	1023	1026	1029	1037	1039	1040	1041	1053	1054	1057	1058	1071	1072	1075	1080	1085	1087	1091	1094	1095	1102	1104	1109	1111	1112	1114	1115	
22	22	55	1001	1003	1007	1008	1009	1011	1013	1014	1015	1022	1028	1030	1031	1033	1034	1038	1039	1040	1041	1042	1045	1046	1048	1051	1053	1058	1060	1062	1066	1069	1074	1076	1077	1078	1079	1080	1081	1083	1084	1087	1090	1091	1093	1095	1096	1097	1098	1100	1102	1103	1105	1112	1114	1115	1118	
23	23	106	1001	1002	1003	1004	1005	1006	1007	1008	1009	1010	1011	1012	1013	1014	1016	1017	1018	1019	1020	1021	1022	1023	1024	1025	1026	1027	1028	1029	1030	1031	1032	1033	1034	1037	1038	1039	1040	1041	1043	1044	1047	1048	1049	1051	1052	1053	1054	1056	1057	1059	1060	1061	1062	1063	1064	1065	1066	1067	1068	1069	1070	1071	1072	1073	1076	1077	1078	1079	1080	1081	1082	1083	1084	1085	1086	1087	1088	1089	1090	1091	1092	1093	1094	1095	1096	1097	1098	1099	1100	1101	1102	1104	1105	1106	1107	1108	1109	1111	1112	1113	1114	1115	1116	1117	1118	1119	
24	24	58	1002	1005	1007	1012	1015	1016	1017	1018	1020	1022	1024	1025	1027	1028	1029	1031	1032	1034	1035	1038	1039	1040	1045	1046	1047	1048	1050	1052	1053	1054	1058	1059	1060	1063	1064	1066	1070	1071	1072	1073	1077	1083	1088	1093	1095	1097	1099	1101	1102	1103	1105	1107	1112	1114	1115	1118	1119	1120	
25	25	42	1005	1006	1018	1019	1023	1032	1033	1036	1037	1039	1040	1043	1044	1046	1048	1053	1054	1058	1059	1062	1063	1064	1069	1070	1071	1080	1082	1086	1087	1088	1089	1096	1097	1099	1101	1102	1108	1110	1114	1116	1117	1118	
26	26	99	1001	1002	1003	1004	1006	1007	1009	1011	1012	1013	1014	1015	1016	1017	1018	1019	1020	1021	1022	1023	1024	1025	1026	1027	1028	1029	1030	1032	1033	1035	1036	1037	1038	1040	1041	1044	1045	1046	1047	1048	1049	1050	1052	1053	1054	1055	1056	1057	1058	1059	1060	1063	1064	1065	1067	1068	1069	1070	1071	1073	1074	1075	1076	1077	1078	1079	1080	1081	1083	1084	1085	1087	1090	1092	1093	1094	1095	1096	1098	1099	1100	1101	1102	1103	1104	1106	1107	1108	1109	1110	1111	1112	1113	1114	1115	1116	1117	1118	1119	
27	27	65	1006	1009	1012	1014	1016	1018	1020	1021	1022	1023	1029	1030	1031	1032	1035	1038	1039	1041	1042	1044	1047	1048	1049	1051	1053	1054	1055	1056	1057	1058	1060	1062	1063	1064	1066	1067	1069	1070	1072	1073	1074	1076	1077	1078	1079	1081	1082	1085	1086	1088	1091	1092	1094	1097	1099	1100	1104	1105	1106	1109	1112	1114	1116	1118	1120	
28	28	59	1004	1005	1006	1009	1012	1013	1014	1018	1024	1025	1027	1028	1033	1034	1037	1038	1042	1043	1045	1046	1048	1049	1050	1052	1055	1056	1058	1059	1060	1063	1064	1067	1073	1075	1076	1077	1079	1081	1082	1083	1084	1089	1090	1092	1094	1096	1097	1098	1102	1103	1105	1107	1109	1110	1112	1113	1118	1119	1120	
29	29	73	1001	1004	1005	1007	1008	1010	1013	1014	1015	1016	1018	1019	1020	1022	1023	1026	1028	1030	1031	1032	1033	1034	1035	1036	1037	1039	1040	1041	1042	1045	1046	1047	1048	1049	1050	1051	1054	1059	1060	1061	1063	1066	1068	1073	1076	1077	1078	1080	1083	1084	1085	1086	1089	1090	1091	1092	1093	1094	1095	1096	1097	1099	1100	1101	1104	1105	1106	1108	1110	1111	1112	1114	1117	
30	30	108	1002	1003	1004	1005	1006	1007	1008	1009	1010	1011	1012	1013	1014	1015	1017	1018	1019	1020	1021	1022	1023	1024	1026	1027	1028	1029	1030	1031	1032	1033	1034	1035	1036	1037	1038	1039	1040	1042	1043	1044	1045	1046	1047	1048	1049	1051	1052	1053	1054	1055	1057	1058	1059	1060	1061	1063	1064	1065	1066	1067	1068	1069	1070	1071	1072	1073	1074	1075	1076	1077	1078	1079	1080	1081	1082	1083	1084	1085	1087	1088	1089	1090	1091	1092	1093	1095	1096	1097	1098	1099	1100	1101	1103	1105	1106	1107	1108	1109	1111	1112	1113	1114	1115	1116	1117	1118	1119	1120	
31	31	87	1001	1002	1003	1005	1006	1007	1008	1009	1010	1013	1014	1015	1016	1017	1018	1020	1024	1025	1026	1029	1031	1032	1033	1035	1037	1041	1042	1043	1044	1045	1046	1048	1049	1050	1051	1052	1053	1054	1055	1056	1057	1059	1061	1062	1063	1064	1065	1066	1069	1070	1071	1072	1073	1074	1075	1076	1077	1078	1081	1082	1083	1085	1086	1089	1090	1091	1094	1095	1096	1097	1098	1100	1101	1102	1105	1106	1107	1108	1109	1110	1111	1113	1116	1117	1118	1119	1120	
32	32	74	1001	1002	1003	1007	1009	1010	1011	1012	1015	1016	1022	1023	1024	1025	1026	1027	1028	1029	1030	1032	1034	1035	1036	1037	1040	1041	1043	1044	1045	1046	1048	1049	1050	1051	1053	1054	1055	1058	1061	1064	1065	1066	1067	1068	1070	1072	1074	1075	1078	1081	1083	1084	1086	1088	1089	1091	1094	1096	1097	1098	1099	1100	1102	1103	1105	1106	1108	1109	1112	1115	1117	1118	1119	1120	
33	33	105	1001	1003	1004	1005	1006	1007	1008	1010	1012	1013	1014	1015	1016	1017	1018	1019	1020	1021	1022	1023	1024	1025	1026	1027	1028	1029	1031	1032	1033	1035	1036	1037	1038	1039	1040	1041	1042	1043	1045	1046	1047	1048	1049	1050	1051	1052	1054	1055	1056	1057	1059	1061	1062	1063	1064	1065	1066	1067	1068	1069	1070	1071	1072	1073	1075	1076	1077	1078	1080	1081	1082	1083	1084	1085	1086	1087	1088	1089	1090	1091	1092	1093	1094	1095	1096	1097	1098	1099	1100	1101	1102	1105	1106	1107	1108	1109	1110	1111	1112	1113	1115	1116	1117	1119	1120	
34	34	99	1001	1002	1003	1004	1005	1006	1007	1009	1010	1011	1012	1013	1014	1015	1016	1017	1019	1020	1022	1023	1024	1025	1026	1027	1028	1030	1031	1033	1034	1036	1037	1038	1039	1040	1041	1042	1043	1044	1045	1046	1047	1049	1050	1051	1053	1056	1057	1058	1060	1061	1064	1065	1066	1067	1068	1070	1071	1072	1073	1076	1077	1078	1079	1080	1081	1082	1083	1084	1085	1086	1087	1089	1090	1092	1093	1094	1095	1096	1097	1098	1100	1101	1102	1103	1104	1105	1106	1108	1109	1110	1111	1112	1113	1114	1115	1116	1118	1119	1120	
35	35	74	1001	1002	1003	1006	1007	1010	1014	1015	1016	1017	1018	1019	1020	1021	1024	1025	1027	1030	1031	1032	1034	1035	1036	1037	1038	1039	1040	1041	1043	1044	1046	1049	1050	1051	1052	1053	1054	1055	1064	1065	1066	1067	1068	1069	1071	1073	1075	1076	1077	1078	1079	1081	1082	1083	1084	1088	1089	1090	1094	1095	1096	1097	1101	1102	1103	1104	1105	1108	1112	1113	1117	1118	1119	1120	
36	36	95	1001	1004	1005	1006	1007	1009	1010	1012	1013	1015	1016	1017	1019	1020	1021	1022	1023	1025	1026	1027	1028	1030	1031	1032	1034	1035	1036	1037	1038	1040	1041	1042	1044	1046	1048	1049	1050	1051	1053	1054	1055	1056	1057	1059	1060	1061	1062	1063	1064	1066	1067	1068	1070	1071	1072	1073	1074	1075	1076	1077	1078	1079	1080	1081	1084	1086	1087	1088	1089	1090	1091	1092	1093	1094	1095	1096	1097	1098	1099	1100	1101	1102	1103	1105	1106	1108	1109	1111	1112	1114	1115	1116	1117	1118	1119	
37	37	95	1001	1002	1004	1005	1007	1008	1009	1010	1011	1012	1013	1014	1015	1018	1020	1021	1022	1023	1024	1025	1029	1030	1031	1032	1033	1036	1037	1039	1041	1042	1044	1045	1046	1047	1048	1049	1050	1051	1052	1053	1054	1055	1057	1058	1059	1060	1061	1062	1063	1064	1065	1066	1067	1070	1071	1072	1073	1074	1075	1076	1077	1078	1079	1080	1082	1085	1086	1087	1088	1090	1091	1092	1093	1094	1095	1097	1098	1100	1101	1102	1103	1105	1106	1107	1108	1109	1110	1111	1112	1113	1114	1116	1117	1119	1120	
38	38	28	1001	1002	1006	1007	1023	1028	1030	1033	1035	1036	1042	1049	1065	1069	1070	1071	1077	1086	1087	1088	1097	1099	1102	1103	1109	1111	1116	1117	
39	39	31	1001	1002	1010	1015	1019	1022	1032	1042	1046	1048	1051	1052	1060	1063	1066	1070	1072	1073	1075	1076	1078	1080	1081	1085	1089	1093	1095	1099	1107	1109	1113	
40	40	63	1001	1003	1006	1007	1010	1013	1015	1016	1017	1018	1019	1022	1023	1027	1030	1033	1034	1036	1037	1039	1043	1044	1046	1047	1048	1049	1051	1052	1053	1054	1059	1060	1061	1062	1065	1068	1069	1070	1074	1075	1076	1077	1078	1082	1084	1085	1086	1088	1090	1091	1092	1095	1097	1100	1101	1106	1107	1110	1111	1112	1114	1115	1119	
41	41	109	1001	1002	1003	1004	1005	1006	1007	1008	1011	1012	1013	1014	1016	1017	1018	1019	1020	1021	1022	1023	1024	1025	1026	1027	1028	1029	1031	1032	1033	1034	1035	1036	1037	1038	1039	1040	1042	1043	1044	1045	1046	1047	1048	1049	1050	1051	1052	1053	1054	1055	1056	1057	1058	1059	1060	1061	1062	1063	1064	1065	1066	1067	1068	1069	1070	1071	1072	1073	1074	1075	1076	1077	1079	1080	1081	1082	1083	1084	1085	1086	1087	1088	1089	1090	1094	1095	1096	1097	1098	1099	1100	1101	1102	1103	1104	1105	1106	1107	1108	1109	1110	1111	1113	1114	1115	1116	1117	1118	1119	
42	42	91	1001	1002	1003	1004	1007	1008	1009	1010	1011	1012	1013	1014	1015	1017	1020	1021	1022	1023	1025	1026	1027	1029	1030	1032	1033	1034	1035	1036	1038	1039	1042	1043	1046	1047	1048	1049	1050	1051	1054	1056	1057	1058	1059	1060	1061	1062	1063	1064	1065	1066	1067	1068	1069	1070	1071	1072	1073	1075	1076	1077	1078	1079	1080	1081	1082	1083	1085	1087	1088	1089	1090	1091	1092	1093	1094	1096	1098	1102	1104	1105	1106	1107	1108	1109	1111	1112	1113	1114	1115	1118	1120	
43	43	33	1004	1006	1008	1015	1028	1029	1035	1037	1041	1046	1049	1056	1061	1062	1064	1066	1068	1070	1072	1074	1076	1077	1081	1083	1088	1092	1097	1099	1106	1111	1112	1118	1120	
44	44	95	1002	1003	1004	1007	1008	1009	1010	1011	1012	1013	1014	1015	1016	1017	1019	1020	1022	1023	1024	1025	1027	1028	1029	1030	1031	1032	1033	1034	1035	1036	1037	1038	1039	1040	1042	1043	1046	1047	1048	1049	1051	1052	1053	1054	1055	1056	1057	1058	1059	1061	1062	1063	1064	1065	1068	1069	1070	1071	1072	1073	1075	1078	1079	1080	1081	1083	1084	1085	1086	1087	1088	1089	1090	1092	1094	1096	1097	1098	1099	1102	1103	1104	1106	1107	1108	1110	1111	1112	1113	1115	1116	1117	1118	1119	1120	
45	45	92	1002	1003	1004	1005	1007	1008	1010	1011	1012	1013	1015	1016	1017	1018	1019	1020	1021	1022	1023	1024	1025	1026	1027	1028	1029	1032	1033	1034	1036	1037	1038	1039	1040	1041	1042	1043	1044	1045	1047	1050	1052	1053	1054	1055	1056	1057	1058	1059	1061	1062	1063	1064	1065	1066	1068	1069	1071	1072	1073	1074	1075	1076	1077	1078	1079	1080	1082	1083	1084	1085	1088	1090	1092	1093	1094	1097	1099	1100	1101	1102	1103	1105	1106	1107	1109	1111	1112	1113	1114	1118	1119	1120	
46	46	102	1002	1003	1004	1005	1006	1007	1008	1009	1010	1011	1012	1013	1014	1015	1016	1018	1019	1020	1021	1022	1023	1024	1025	1026	1027	1028	1029	1030	1032	1033	1034	1035	1036	1037	1038	1039	1040	1041	1042	1043	1044	1045	1046	1049	1050	1052	1053	1054	1055	1056	1058	1059	1060	1061	1062	1063	1064	1066	1067	1068	1069	1071	1072	1073	1074	1075	1076	1077	1078	1079	1080	1081	1082	1083	1084	1085	1089	1090	1091	1092	1093	1094	1095	1096	1097	1098	1100	1102	1103	1104	1105	1106	1107	1109	1110	1112	1113	1114	1115	1117	1118	1119	
47	47	50	1001	1004	1006	1010	1014	1016	1018	1020	1021	1023	1024	1026	1030	1033	1036	1037	1040	1042	1045	1046	1049	1051	1053	1055	1057	1059	1062	1063	1064	1065	1067	1068	1069	1070	1076	1077	1080	1087	1089	1091	1092	1099	1101	1103	1104	1107	1114	1115	1116	1117	
48	48	93	1001	1002	1003	1004	1006	1007	1008	1009	1010	1011	1014	1015	1016	1017	1020	1021	1022	1024	1025	1027	1028	1029	1031	1032	1033	1035	1036	1038	1040	1042	1043	1044	1046	1047	1048	1050	1051	1052	1053	1055	1056	1057	1058	1059	1060	1061	1062	1063	1064	1065	1066	1067	1068	1069	1070	1071	1072	1073	1074	1076	1077	1078	1079	1080	1081	1082	1083	1086	1087	1088	1089	1090	1091	1092	1093	1094	1095	1096	1097	1098	1099	1100	1101	1103	1104	1106	1107	1108	1109	1110	1117	1118	1120	
49	49	103	1001	1002	1003	1004	1005	1006	1007	1008	1009	1010	1012	1013	1014	1015	1016	1017	1018	1019	1020	1022	1023	1024	1025	1026	1027	1028	1029	1030	1031	1032	1033	1035	1036	1037	1038	1039	1040	1041	1042	1043	1044	1045	1046	1047	1048	1049	1051	1052	1054	1055	1056	1058	1059	1061	1062	1063	1065	1066	1067	1069	1070	1071	1072	1073	1074	1075	1076	1079	1080	1081	1082	1083	1084	1085	1086	1087	1088	1090	1091	1092	1093	1095	1096	1098	1100	1101	1102	1103	1105	1107	1108	1109	1110	1111	1112	1113	1114	1115	1116	1117	1118	1119	1120	
50	50	58	1002	1003	1006	1010	1012	1016	1018	1020	1022	1025	1026	1027	1029	1031	1033	1034	1036	1042	1044	1046	1047	1050	1052	1053	1054	1055	1057	1061	1063	1065	1066	1067	1068	1070	1071	1074	1075	1076	1078	1079	1080	1082	1083	1090	1091	1094	1095	1099	1101	1102	1106	1108	1109	1110	1111	1112	1113	1118	
51	51	38	1006	1007	1009	1013	1014	1016	1018	1021	1025	1030	1031	1038	1044	1052	1057	1059	1061	1064	1069	1070	1073	1077	1078	1079	1082	1083	1093	1094	1097	1098	1101	1103	1106	1108	1111	1115	1118	1119	
52	52	85	1001	1002	1004	1006	1007	1008	1009	1010	1011	1012	1013	1015	1016	1017	1019	1021	1022	1025	1026	1027	1028	1029	1031	1032	1033	1034	1035	1036	1038	1039	1040	1041	1044	1045	1047	1048	1049	1052	1055	1056	1057	1058	1059	1060	1062	1063	1065	1066	1067	1068	1069	1070	1071	1072	1073	1077	1079	1080	1081	1083	1084	1085	1086	1087	1088	1089	1090	1091	1094	1095	1096	1097	1098	1100	1103	1105	1106	1107	1110	1111	1112	1114	1117	1118	1119	
53	53	106	1001	1002	1003	1004	1005	1006	1008	1009	1010	1011	1012	1013	1014	1015	1016	1017	1019	1020	1021	1022	1023	1024	1025	1026	1027	1028	1029	1030	1031	1032	1033	1034	1036	1038	1039	1041	1042	1043	1044	1045	1046	1047	1048	1049	1050	1051	1052	1053	1054	1055	1056	1057	1058	1059	1061	1062	1064	1065	1066	1067	1068	1070	1072	1073	1074	1075	1077	1078	1079	1081	1082	1083	1084	1085	1086	1087	1089	1090	1091	1092	1093	1094	1095	1096	1097	1098	1099	1100	1101	1102	1103	1105	1106	1108	1109	1110	1111	1112	1113	1114	1115	1116	1117	1118	1119	1120	
54	54	84	1001	1003	1004	1005	1007	1008	1009	1011	1012	1014	1016	1018	1019	1020	1021	1022	1023	1024	1025	1026	1027	1028	1029	1030	1031	1033	1034	1035	1038	1039	1040	1044	1045	1047	1049	1050	1052	1053	1054	1055	1056	1059	1061	1062	1063	1064	1065	1066	1067	1068	1069	1070	1071	1072	1074	1075	1077	1079	1080	1081	1082	1083	1084	1087	1088	1091	1092	1093	1096	1101	1102	1105	1106	1107	1108	1109	1110	1112	1113	1114	1115	1118	1119	1120	
55	55	56	1001	1002	1004	1005	1006	1007	1008	1009	1010	1011	1014	1017	1025	1030	1034	1035	1036	1040	1042	1043	1044	1045	1049	1051	1054	1055	1056	1057	1059	1061	1063	1067	1069	1070	1072	1073	1076	1082	1085	1086	1087	1090	1093	1096	1097	1099	1100	1101	1102	1103	1107	1108	1112	1113	1117	1119	
56	56	118	1002	1003	1004	1005	1006	1007	1008	1009	1010	1011	1012	1013	1014	1015	1016	1017	1018	1019	1020	1021	1022	1023	1024	1025	1026	1027	1028	1029	1030	1031	1032	1033	1034	1035	1036	1037	1038	1039	1040	1041	1042	1043	1044	1045	1046	1047	1048	1049	1050	1051	1052	1053	1054	1055	1056	1057	1058	1059	1060	1061	1062	1063	1064	1065	1066	1068	1069	1070	1071	1072	1073	1074	1075	1076	1077	1078	1079	1080	1081	1082	1083	1084	1085	1086	1087	1088	1089	1090	1091	1092	1093	1094	1095	1096	1097	1098	1099	1100	1101	1102	1103	1104	1105	1106	1107	1108	1109	1110	1111	1112	1113	1114	1115	1116	1117	1118	1119	1120	
57	57	117	1001	1002	1003	1004	1005	1006	1007	1008	1009	1010	1011	1012	1013	1014	1015	1017	1018	1019	1020	1021	1022	1023	1025	1026	1027	1028	1029	1030	1031	1032	1033	1034	1035	1036	1037	1038	1039	1040	1041	1042	1043	1044	1045	1046	1047	1048	1049	1050	1051	1052	1053	1054	1055	1056	1057	1058	1059	1060	1061	1062	1063	1064	1065	1066	1067	1068	1069	1070	1071	1072	1073	1074	1075	1076	1077	1078	1079	1080	1081	1082	1083	1084	1085	1086	1087	1088	1089	1090	1091	1092	1093	1094	1095	1096	1098	1099	1100	1101	1102	1103	1104	1105	1106	1107	1108	1109	1110	1111	1112	1113	1114	1115	1116	1117	1118	1119	1120	
58	58	95	1001	1003	1004	1005	1006	1007	1008	1010	1011	1012	1013	1014	1016	1017	1018	1020	1021	1022	1023	1024	1026	1027	1028	1029	1030	1031	1033	1034	1036	1037	1038	1039	1040	1041	1042	1043	1044	1045	1047	1048	1049	1050	1051	1052	1053	1054	1055	1056	1058	1059	1060	1061	1062	1063	1065	1066	1068	1069	1070	1071	1072	1074	1075	1076	1077	1079	1080	1082	1083	1084	1086	1087	1088	1089	1090	1091	1093	1094	1095	1096	1097	1098	1099	1101	1102	1105	1106	1109	1111	1112	1114	1115	1117	1118	1119	
59	59	62	1004	1005	1006	1007	1008	1009	1011	1014	1015	1016	1017	1018	1020	1023	1024	1026	1028	1029	1030	1031	1032	1034	1035	1038	1040	1042	1050	1052	1053	1054	1056	1057	1058	1063	1067	1068	1069	1070	1071	1072	1073	1074	1080	1081	1082	1083	1084	1085	1088	1092	1097	1099	1100	1101	1103	1105	1107	1109	1112	1114	1117	1118	
60	60	115	1001	1002	1003	1004	1006	1007	1008	1009	1010	1011	1012	1013	1014	1015	1016	1017	1018	1019	1020	1021	1022	1023	1024	1025	1027	1028	1029	1030	1031	1032	1033	1034	1035	1036	1037	1038	1039	1040	1041	1042	1043	1045	1046	1047	1048	1049	1050	1051	1052	1053	1054	1055	1056	1057	1058	1059	1060	1061	1062	1063	1064	1065	1066	1067	1068	1069	1070	1071	1072	1073	1074	1075	1076	1077	1078	1079	1080	1081	1082	1083	1084	1085	1086	1087	1088	1089	1090	1091	1092	1093	1094	1095	1096	1097	1098	1099	1100	1101	1102	1103	1104	1105	1106	1107	1108	1109	1110	1112	1113	1114	1115	1116	1118	1119	1120	
61	61	71	1002	1003	1004	1008	1010	1012	1014	1015	1016	1019	1020	1021	1022	1023	1024	1025	1026	1027	1029	1030	1031	1033	1036	1037	1040	1042	1043	1044	1047	1048	1049	1050	1054	1056	1059	1060	1061	1062	1063	1064	1066	1067	1068	1070	1071	1072	1075	1076	1077	1080	1081	1083	1085	1087	1088	1089	1092	1096	1099	1100	1101	1104	1105	1107	1108	1111	1113	1114	1116	1117	1119	
62	62	116	1002	1003	1004	1005	1006	1007	1008	1010	1011	1012	1013	1014	1015	1016	1017	1018	1019	1020	1021	1022	1023	1024	1025	1026	1027	1028	1029	1030	1031	1033	1034	1035	1036	1037	1038	1039	1040	1041	1042	1043	1044	1045	1046	1047	1048	1049	1050	1051	1052	1053	1054	1055	1056	1057	1058	1059	1060	1061	1062	1063	1064	1065	1066	1067	1068	1069	1070	1071	1072	1073	1074	1075	1076	1077	1078	1079	1080	1081	1082	1083	1084	1085	1086	1087	1088	1089	1090	1091	1092	1093	1094	1095	1096	1097	1099	1100	1101	1102	1103	1104	1105	1106	1107	1108	1109	1110	1111	1112	1113	1114	1115	1116	1117	1118	1119	1120	
63	63	99	1001	1002	1003	1004	1005	1007	1009	1010	1011	1012	1013	1014	1015	1017	1019	1020	1021	1022	1023	1025	1027	1028	1029	1030	1031	1033	1035	1036	1037	1038	1039	1040	1041	1042	1043	1044	1045	1046	1049	1050	1051	1052	1053	1054	1055	1056	1057	1058	1059	1060	1061	1062	1063	1064	1065	1066	1067	1068	1069	1072	1074	1075	1076	1077	1078	1079	1080	1082	1083	1084	1086	1087	1088	1089	1090	1091	1092	1093	1094	1095	1096	1097	1098	1099	1100	1101	1103	1104	1105	1106	1107	1109	1110	1111	1112	1114	1116	1118	1120	
64	64	89	1001	1002	1005	1006	1007	1008	1009	1011	1012	1013	1014	1015	1016	1017	1018	1020	1022	1023	1024	1026	1027	1028	1029	1030	1031	1034	1035	1036	1037	1038	1039	1041	1042	1043	1045	1047	1048	1049	1052	1053	1054	1055	1056	1057	1058	1059	1061	1063	1065	1068	1069	1070	1072	1074	1075	1076	1077	1078	1079	1082	1083	1084	1085	1086	1087	1089	1091	1092	1093	1094	1095	1098	1099	1100	1101	1103	1104	1105	1106	1107	1108	1110	1112	1113	1114	1115	1117	1118	1119	
65	65	45	1015	1016	1017	1018	1020	1021	1022	1027	1031	1033	1035	1047	1048	1049	1052	1053	1055	1057	1058	1059	1062	1063	1065	1074	1075	1076	1077	1078	1079	1082	1085	1086	1088	1090	1096	1098	1100	1102	1103	1105	1107	1110	1112	1113	1116	
66	66	36	1008	1011	1013	1018	1034	1035	1039	1040	1047	1052	1057	1058	1062	1068	1072	1073	1077	1083	1086	1087	1088	1094	1095	1096	1097	1099	1100	1102	1104	1107	1109	1113	1115	1116	1119	1120	
67	67	114	1001	1002	1003	1004	1005	1006	1007	1008	1009	1010	1011	1013	1014	1015	1016	1017	1019	1020	1021	1022	1023	1024	1025	1026	1027	1028	1029	1030	1031	1032	1033	1034	1035	1036	1037	1038	1039	1040	1041	1042	1043	1044	1045	1046	1047	1048	1049	1050	1051	1052	1053	1054	1055	1056	1057	1058	1059	1060	1061	1062	1063	1064	1065	1066	1067	1069	1070	1071	1072	1073	1074	1075	1076	1077	1078	1079	1080	1081	1082	1084	1085	1086	1087	1088	1089	1090	1091	1092	1093	1094	1095	1096	1097	1098	1100	1101	1102	1103	1104	1105	1106	1107	1109	1110	1111	1112	1113	1114	1115	1116	1117	1118	1119	1120	
68	68	36	1004	1007	1013	1018	1019	1022	1024	1031	1035	1042	1043	1047	1048	1050	1054	1056	1057	1061	1064	1065	1068	1069	1072	1074	1080	1089	1090	1093	1094	1095	1100	1107	1108	1110	1114	1117	
69	69	97	1001	1002	1003	1004	1005	1006	1007	1008	1009	1011	1012	1013	1014	1015	1016	1017	1018	1019	1020	1021	1022	1023	1024	1026	1027	1028	1029	1030	1032	1033	1036	1037	1038	1039	1040	1041	1043	1044	1045	1046	1047	1049	1052	1054	1055	1056	1057	1058	1059	1060	1061	1062	1063	1065	1066	1068	1069	1070	1071	1072	1073	1075	1077	1078	1079	1080	1081	1083	1084	1085	1086	1087	1088	1089	1090	1091	1092	1093	1094	1095	1099	1100	1101	1102	1105	1106	1107	1108	1109	1112	1113	1114	1115	1116	1117	1118	1120	
70	70	72	1001	1003	1004	1006	1007	1010	1012	1014	1015	1017	1018	1020	1021	1022	1023	1024	1025	1027	1028	1029	1031	1033	1034	1035	1037	1038	1039	1040	1041	1044	1046	1048	1049	1052	1055	1061	1064	1066	1067	1068	1071	1073	1074	1075	1078	1079	1080	1083	1085	1086	1087	1088	1089	1091	1092	1094	1095	1097	1098	1100	1103	1104	1106	1107	1108	1111	1112	1113	1114	1116	1118	1119	
71	71	63	1001	1003	1004	1005	1010	1014	1016	1018	1019	1021	1022	1029	1030	1032	1035	1036	1040	1041	1042	1043	1044	1045	1046	1048	1051	1052	1054	1055	1056	1058	1061	1064	1065	1066	1069	1070	1072	1074	1075	1078	1080	1082	1083	1084	1085	1088	1090	1091	1093	1094	1097	1099	1101	1102	1103	1105	1108	1111	1112	1113	1116	1117	1118	
72	72	84	1001	1002	1003	1006	1008	1010	1012	1013	1015	1016	1017	1019	1020	1021	1023	1025	1026	1027	1031	1032	1033	1035	1036	1037	1038	1040	1042	1044	1045	1046	1049	1051	1052	1053	1054	1055	1056	1057	1058	1059	1060	1061	1062	1063	1064	1068	1069	1070	1071	1072	1073	1074	1076	1077	1078	1079	1080	1081	1082	1083	1084	1085	1086	1087	1088	1090	1091	1093	1094	1095	1096	1098	1099	1104	1105	1107	1108	1110	1111	1112	1115	1116	1117	1118	
73	73	92	1001	1002	1003	1004	1005	1006	1008	1009	1010	1012	1013	1014	1015	1016	1017	1018	1020	1023	1024	1025	1028	1029	1030	1031	1032	1033	1034	1036	1037	1039	1041	1042	1043	1045	1046	1048	1049	1050	1052	1054	1055	1056	1057	1060	1062	1063	1065	1066	1068	1069	1070	1071	1072	1073	1074	1076	1077	1078	1079	1080	1081	1082	1085	1086	1087	1088	1089	1090	1091	1092	1094	1095	1097	1098	1099	1100	1101	1102	1103	1104	1105	1106	1107	1108	1109	1110	1113	1114	1115	1117	1118	1120	
74	74	62	1002	1004	1006	1008	1014	1015	1016	1018	1019	1020	1022	1023	1024	1025	1028	1029	1033	1034	1035	1040	1043	1050	1051	1052	1053	1055	1057	1059	1060	1061	1064	1068	1070	1074	1075	1077	1078	1081	1082	1083	1085	1086	1087	1088	1089	1090	1091	1092	1093	1096	1097	1098	1101	1103	1104	1106	1107	1108	1111	1114	1117	1118	
75	75	98	1001	1002	1004	1005	1006	1007	1008	1009	1013	1014	1017	1018	1020	1021	1022	1023	1024	1025	1026	1027	1028	1029	1030	1031	1032	1033	1034	1035	1037	1039	1040	1042	1043	1044	1045	1046	1047	1048	1049	1050	1052	1053	1055	1057	1059	1060	1061	1062	1063	1064	1065	1066	1068	1069	1070	1071	1072	1074	1075	1076	1077	1079	1081	1082	1083	1084	1085	1086	1087	1088	1089	1090	1091	1092	1093	1094	1095	1096	1097	1098	1101	1102	1103	1104	1105	1106	1107	1108	1109	1110	1111	1112	1113	1114	1115	1116	1118	1120	
76	76	28	1004	1007	1008	1016	1024	1034	1035	1040	1049	1053	1060	1061	1066	1073	1074	1077	1080	1084	1091	1093	1095	1097	1102	1103	1110	1112	1117	1118	
77	77	100	1001	1002	1003	1004	1005	1006	1008	1009	1011	1014	1015	1016	1017	1019	1020	1021	1022	1023	1024	1025	1026	1027	1028	1029	1030	1031	1033	1034	1035	1036	1037	1038	1039	1040	1042	1044	1045	1046	1047	1048	1049	1050	1051	1052	1054	1055	1056	1057	1058	1059	1060	1061	1062	1064	1065	1066	1067	1068	1071	1073	1074	1075	1076	1077	1078	1079	1080	1081	1082	1084	1085	1086	1087	1089	1091	1092	1093	1094	1095	1096	1097	1099	1100	1101	1102	1103	1104	1106	1107	1108	1109	1110	1113	1114	1115	1116	1117	1118	1119	1120	
78	78	94	1001	1002	1003	1004	1006	1008	1009	1011	1012	1013	1014	1015	1016	1017	1018	1019	1020	1022	1024	1025	1026	1027	1031	1032	1033	1035	1036	1037	1038	1039	1041	1042	1043	1044	1047	1048	1049	1051	1052	1054	1055	1056	1057	1058	1059	1060	1061	1062	1064	1065	1066	1068	1069	1070	1072	1073	1074	1076	1077	1078	1079	1080	1081	1083	1084	1085	1087	1088	1089	1090	1091	1092	1093	1094	1095	1097	1098	1099	1100	1101	1102	1103	1104	1106	1107	1108	1109	1111	1112	1115	1116	1118	1119	1120	
79	79	33	1005	1014	1015	1017	1019	1021	1022	1025	1028	1030	1032	1033	1040	1043	1045	1046	1048	1055	1067	1068	1071	1072	1074	1076	1080	1085	1092	1093	1096	1103	1104	1113	1120	
80	80	80	1001	1003	1004	1006	1009	1010	1011	1012	1013	1016	1017	1018	1020	1021	1022	1023	1024	1025	1026	1028	1030	1034	1036	1037	1039	1040	1041	1042	1043	1045	1046	1047	1049	1050	1053	1054	1055	1056	1057	1062	1063	1064	1065	1066	1067	1070	1071	1072	1073	1074	1076	1077	1079	1080	1082	1083	1084	1085	1086	1087	1088	1089	1090	1091	1095	1096	1097	1099	1105	1106	1107	1108	1111	1113	1114	1116	1117	1118	1119	1120	
81	81	27	1004	1014	1015	1017	1024	1025	1035	1036	1047	1048	1051	1052	1055	1056	1059	1064	1071	1077	1082	1084	1085	1095	1096	1099	1108	1109	1114	
82	82	110	1001	1002	1003	1004	1005	1006	1007	1008	1010	1011	1012	1013	1014	1015	1016	1017	1018	1019	1020	1021	1022	1023	1024	1025	1026	1027	1028	1029	1030	1031	1032	1033	1034	1035	1036	1037	1038	1039	1040	1041	1042	1044	1047	1049	1051	1052	1053	1054	1055	1056	1057	1058	1060	1061	1062	1063	1064	1065	1066	1067	1068	1069	1070	1071	1072	1073	1074	1075	1076	1077	1078	1079	1080	1081	1082	1083	1084	1085	1086	1087	1088	1089	1090	1091	1092	1093	1094	1095	1096	1097	1098	1100	1101	1102	1103	1104	1105	1106	1107	1108	1109	1110	1111	1112	1113	1114	1115	1116	1117	1120	
83	83	69	1003	1004	1007	1008	1009	1010	1012	1013	1015	1018	1021	1022	1023	1024	1025	1027	1028	1032	1035	1038	1039	1042	1046	1047	1048	1049	1052	1053	1054	1055	1058	1059	1062	1063	1065	1066	1067	1068	1069	1071	1072	1073	1075	1076	1078	1080	1081	1082	1084	1085	1088	1090	1093	1094	1098	1099	1101	1102	1103	1104	1106	1107	1108	1110	1112	1113	1116	1117	1118	
84	84	84	1001	1004	1008	1009	1010	1011	1012	1013	1016	1017	1019	1022	1024	1027	1028	1029	1030	1031	1033	1035	1036	1037	1038	1039	1040	1042	1043	1044	1045	1047	1048	1050	1052	1053	1054	1055	1056	1057	1058	1059	1060	1061	1062	1064	1065	1066	1067	1068	1069	1071	1072	1074	1075	1078	1079	1080	1082	1084	1085	1086	1087	1088	1089	1090	1091	1092	1094	1095	1096	1097	1099	1100	1101	1102	1104	1105	1109	1111	1112	1116	1117	1118	1119	1120	
85	85	52	1002	1004	1005	1006	1008	1011	1013	1014	1023	1028	1029	1031	1033	1035	1038	1039	1040	1041	1042	1047	1051	1054	1055	1058	1059	1060	1061	1062	1065	1066	1067	1069	1076	1079	1081	1083	1084	1085	1089	1092	1093	1096	1097	1098	1101	1103	1107	1110	1111	1112	1113	1114	
86	86	43	1004	1006	1007	1008	1009	1014	1021	1023	1026	1027	1028	1032	1040	1043	1046	1048	1052	1057	1058	1060	1062	1063	1071	1072	1074	1077	1080	1082	1083	1088	1090	1092	1093	1098	1103	1105	1106	1108	1109	1113	1114	1115	1116	
87	87	74	1001	1002	1003	1004	1005	1006	1007	1008	1009	1010	1013	1014	1015	1016	1020	1022	1025	1027	1028	1031	1035	1038	1039	1043	1044	1045	1047	1048	1050	1051	1053	1054	1056	1058	1059	1063	1064	1065	1066	1068	1071	1072	1074	1075	1076	1077	1079	1080	1081	1083	1084	1086	1087	1088	1089	1093	1095	1096	1097	1098	1099	1100	1101	1102	1103	1104	1105	1106	1109	1111	1112	1116	1117	1120	
88	88	101	1001	1002	1004	1006	1008	1009	1012	1013	1014	1015	1016	1019	1020	1021	1022	1023	1024	1025	1026	1027	1028	1029	1030	1031	1032	1033	1034	1036	1037	1038	1039	1040	1041	1042	1043	1044	1045	1046	1047	1048	1049	1050	1051	1052	1053	1054	1057	1058	1061	1062	1063	1064	1065	1066	1067	1069	1070	1071	1072	1074	1075	1076	1077	1078	1079	1080	1081	1082	1083	1085	1087	1088	1089	1090	1091	1092	1093	1095	1097	1098	1099	1101	1102	1103	1104	1105	1106	1107	1108	1109	1110	1111	1112	1113	1114	1115	1116	1117	1118	1119	1120	
89	89	93	1001	1003	1004	1005	1006	1008	1009	1010	1013	1014	1015	1016	1017	1020	1021	1024	1026	1027	1028	1029	1030	1031	1033	1035	1037	1038	1039	1040	1043	1044	1045	1046	1047	1048	1052	1053	1054	1055	1056	1057	1058	1059	1061	1062	1063	1064	1065	1066	1067	1068	1072	1073	1074	1075	1076	1077	1078	1079	1081	1082	1083	1084	1085	1086	1087	1088	1089	1091	1092	1093	1094	1096	1097	1098	1099	1100	1101	1103	1104	1105	1106	1107	1108	1109	1110	1111	1112	1114	1116	1117	1118	1119	1120	
90	90	33	1003	1006	1010	1011	1015	1018	1022	1023	1024	1028	1029	1033	1034	1037	1038	1042	1050	1052	1059	1063	1064	1066	1077	1078	1080	1088	1089	1101	1104	1110	1112	1115	1120	
91	91	34	1003	1007	1013	1015	1019	1022	1029	1032	1034	1041	1045	1053	1054	1057	1064	1066	1075	1076	1078	1079	1081	1083	1085	1086	1087	1088	1091	1093	1094	1095	1097	1103	1106	1112	
92	92	57	1002	1003	1005	1007	1008	1009	1010	1018	1019	1020	1021	1026	1029	1030	1031	1033	1034	1035	1036	1039	1043	1045	1047	1048	1049	1050	1051	1056	1057	1058	1061	1066	1071	1075	1079	1080	1081	1082	1083	1087	1089	1090	1094	1097	1098	1099	1100	1101	1102	1111	1112	1113	1114	1115	1117	1118	1119	
93	93	79	1001	1003	1005	1009	1010	1011	1012	1013	1014	1016	1019	1021	1022	1023	1026	1027	1028	1029	1031	1032	1034	1036	1037	1038	1039	1040	1044	1045	1047	1048	1049	1051	1052	1053	1055	1056	1057	1058	1059	1060	1063	1066	1067	1068	1069	1070	1071	1072	1073	1074	1075	1077	1078	1079	1081	1082	1083	1087	1089	1095	1096	1097	1100	1103	1104	1105	1106	1107	1108	1109	1110	1111	1112	1113	1114	1115	1117	1118	1119	
94	94	34	1005	1008	1012	1015	1019	1022	1041	1043	1046	1049	1051	1054	1055	1059	1067	1070	1073	1074	1076	1079	1080	1081	1083	1090	1095	1098	1099	1104	1107	1110	1111	1113	1119	1120	
95	95	84	1002	1003	1004	1005	1006	1007	1008	1011	1012	1013	1016	1017	1018	1020	1021	1022	1023	1024	1025	1026	1028	1029	1030	1033	1034	1037	1038	1039	1041	1042	1043	1045	1047	1049	1050	1051	1053	1055	1056	1057	1058	1059	1060	1063	1064	1065	1066	1067	1068	1069	1070	1071	1072	1073	1074	1075	1076	1077	1079	1080	1084	1087	1089	1090	1092	1093	1096	1098	1100	1102	1103	1104	1105	1108	1109	1110	1111	1112	1115	1116	1117	1118	1119	1120	
96	96	89	1001	1002	1003	1004	1005	1006	1007	1008	1009	1010	1012	1014	1016	1018	1020	1021	1022	1024	1025	1027	1028	1030	1031	1033	1035	1036	1037	1038	1039	1040	1042	1043	1044	1045	1047	1050	1051	1052	1053	1054	1055	1059	1060	1063	1064	1065	1066	1067	1068	1069	1073	1074	1075	1076	1077	1078	1079	1080	1081	1082	1084	1085	1086	1087	1088	1090	1092	1093	1094	1095	1096	1097	1098	1099	1100	1101	1103	1106	1107	1108	1109	1110	1111	1112	1114	1115	1116	1117	1118	
97	97	87	1001	1002	1004	1005	1007	1008	1009	1010	1011	1012	1013	1014	1015	1017	1019	1020	1021	1022	1023	1026	1028	1030	1031	1033	1034	1035	1037	1040	1041	1042	1043	1044	1045	1046	1047	1049	1050	1051	1052	1053	1054	1055	1056	1057	1058	1059	1060	1061	1062	1063	1064	1065	1067	1068	1069	1073	1075	1077	1079	1082	1083	1084	1085	1086	1087	1088	1091	1092	1093	1096	1097	1099	1100	1101	1103	1105	1106	1107	1108	1109	1110	1111	1112	1114	1115	1117	1119	
98	98	104	1001	1002	1003	1004	1006	1007	1008	1009	1010	1012	1013	1014	1015	1016	1017	1018	1019	1020	1021	1022	1023	1024	1028	1029	1030	1031	1032	1033	1034	1035	1036	1038	1039	1041	1042	1043	1044	1045	1046	1047	1048	1050	1051	1052	1053	1054	1055	1056	1057	1058	1059	1060	1061	1062	1063	1064	1065	1066	1067	1068	1069	1070	1071	1073	1074	1075	1076	1077	1078	1080	1081	1082	1083	1084	1085	1086	1088	1089	1090	1091	1092	1093	1094	1095	1096	1097	1099	1100	1101	1103	1104	1105	1106	1107	1108	1109	1111	1114	1115	1116	1117	1118	1119	1120	
99	99	96	1001	1002	1003	1004	1005	1006	1007	1010	1012	1013	1014	1015	1017	1018	1019	1020	1021	1022	1023	1024	1025	1026	1027	1030	1032	1033	1034	1035	1036	1037	1038	1039	1040	1041	1043	1044	1045	1046	1047	1048	1049	1050	1051	1052	1053	1054	1055	1056	1058	1059	1063	1064	1065	1066	1067	1070	1071	1074	1075	1076	1077	1078	1079	1080	1081	1082	1083	1084	1085	1086	1087	1088	1090	1091	1092	1093	1095	1096	1098	1099	1100	1101	1102	1103	1104	1106	1107	1108	1109	1111	1113	1114	1115	1118	1119	1120	
100	100	99	1001	1002	1003	1004	1005	1006	1008	1009	1010	1011	1012	1013	1014	1015	1016	1017	1018	1019	1020	1021	1022	1025	1027	1028	1029	1030	1031	1032	1034	1035	1036	1037	1038	1039	1040	1041	1042	1043	1044	1045	1046	1047	1048	1049	1050	1051	1052	1053	1055	1056	1057	1058	1059	1060	1061	1062	1063	1066	1067	1069	1070	1072	1074	1075	1076	1077	1078	1079	1080	1081	1082	1083	1084	1085	1087	1088	1089	1091	1093	1094	1095	1096	1097	1098	1100	1101	1102	1104	1105	1106	1108	1109	1110	1112	1113	1114	1116	1118	1120	
101	101	75	1001	1002	1003	1006	1007	1008	1009	1012	1015	1020	1021	1022	1023	1024	1025	1029	1030	1031	1032	1034	1036	1037	1039	1041	1044	1047	1048	1049	1050	1051	1053	1054	1056	1057	1058	1060	1061	1063	1064	1066	1067	1069	1070	1073	1074	1077	1078	1080	1081	1086	1087	1088	1089	1091	1092	1093	1095	1096	1097	1098	1100	1102	1105	1106	1107	1108	1109	1111	1112	1113	1114	1115	1116	1117	1119	
102	102	83	1001	1002	1003	1006	1007	1008	1012	1013	1014	1016	1017	1018	1021	1022	1024	1026	1027	1028	1029	1030	1032	1033	1035	1036	1037	1038	1039	1041	1042	1043	1044	1047	1048	1049	1050	1051	1052	1053	1054	1057	1058	1059	1060	1062	1063	1064	1065	1067	1068	1069	1071	1072	1073	1074	1076	1077	1078	1081	1083	1084	1085	1087	1090	1091	1092	1095	1097	1099	1101	1102	1105	1106	1107	1109	1110	1111	1112	1113	1116	1117	1118	1119	1120	
103	103	80	1001	1002	1003	1005	1006	1007	1008	1010	1011	1014	1015	1019	1020	1022	1023	1025	1026	1027	1028	1030	1032	1033	1035	1037	1038	1039	1040	1041	1042	1043	1044	1046	1047	1050	1051	1052	1053	1056	1057	1061	1062	1063	1065	1066	1068	1069	1070	1073	1074	1075	1076	1080	1082	1083	1084	1085	1088	1089	1090	1091	1092	1093	1095	1096	1100	1101	1102	1103	1104	1105	1106	1107	1108	1109	1112	1115	1116	1117	1118	1120	
104	104	30	1002	1006	1007	1010	1012	1015	1021	1034	1038	1044	1055	1057	1062	1063	1071	1072	1075	1077	1084	1085	1086	1088	1092	1101	1106	1108	1111	1116	1117	1119	
105	105	42	1001	1009	1010	1011	1012	1019	1022	1023	1024	1026	1027	1033	1037	1039	1044	1046	1047	1053	1054	1057	1058	1060	1061	1062	1064	1066	1067	1071	1075	1078	1080	1082	1083	1090	1091	1104	1105	1108	1109	1112	1115	1118	
106	106	119	1001	1002	1003	1004	1005	1006	1007	1008	1009	1010	1011	1012	1013	1014	1015	1016	1017	1018	1019	1020	1021	1022	1023	1024	1025	1026	1027	1028	1029	1030	1031	1032	1033	1034	1035	1036	1037	1038	1039	1040	1041	1042	1043	1044	1045	1046	1047	1048	1049	1050	1051	1052	1053	1054	1055	1056	1057	1058	1059	1060	1061	1062	1063	1064	1065	1066	1067	1068	1069	1070	1071	1072	1073	1074	1075	1076	1077	1078	1079	1080	1081	1083	1084	1085	1086	1087	1088	1089	1090	1091	1092	1093	1094	1095	1096	1097	1098	1099	1100	1101	1102	1103	1104	1105	1106	1107	1108	1109	1110	1111	1112	1113	1114	1115	1116	1117	1118	1119	1120	
107	107	56	1001	1002	1003	1005	1008	1009	1010	1011	1015	1016	1021	1022	1023	1025	1027	1031	1033	1037	1039	1043	1044	1045	1048	1050	1052	1053	1054	1055	1056	1057	1059	1064	1065	1066	1069	1070	1071	1074	1075	1084	1087	1088	1092	1093	1094	1096	1100	1103	1106	1107	1109	1115	1116	1118	1119	1120	
108	108	119	1001	1002	1003	1004	1005	1006	1007	1008	1009	1010	1011	1012	1013	1014	1015	1016	1017	1018	1019	1020	1021	1022	1023	1024	1025	1026	1027	1028	1029	1030	1031	1032	1033	1034	1035	1036	1037	1038	1039	1040	1041	1042	1043	1044	1045	1046	1047	1048	1049	1050	1051	1052	1053	1054	1055	1056	1057	1058	1059	1060	1061	1062	1063	1064	1065	1066	1067	1068	1069	1070	1071	1072	1073	1074	1075	1076	1077	1078	1079	1080	1081	1082	1083	1084	1085	1086	1087	1089	1090	1091	1092	1093	1094	1095	1096	1097	1098	1099	1100	1101	1102	1103	1104	1105	1106	1107	1108	1109	1110	1111	1112	1113	1114	1115	1116	1117	1118	1119	1120	
109	109	94	1001	1003	1004	1005	1006	1007	1008	1009	1011	1012	1013	1015	1017	1019	1020	1022	1023	1024	1025	1027	1028	1029	1030	1032	1033	1034	1035	1038	1040	1041	1042	1043	1044	1046	1047	1049	1050	1051	1052	1053	1054	1056	1057	1058	1060	1061	1062	1063	1064	1065	1066	1068	1069	1070	1071	1072	1073	1074	1075	1076	1077	1078	1079	1080	1083	1084	1085	1087	1088	1090	1091	1092	1093	1095	1097	1098	1099	1100	1101	1102	1103	1105	1108	1110	1111	1112	1113	1114	1115	1116	1117	1118	1119	1120	
110	110	105	1001	1002	1003	1005	1006	1007	1008	1009	1010	1011	1012	1013	1014	1015	1016	1017	1019	1020	1021	1023	1025	1026	1027	1028	1030	1031	1032	1033	1035	1036	1037	1038	1039	1040	1042	1043	1044	1045	1046	1047	1048	1049	1050	1051	1052	1053	1054	1055	1056	1057	1058	1059	1060	1061	1062	1063	1064	1066	1067	1068	1069	1071	1073	1074	1075	1076	1077	1078	1080	1081	1083	1084	1085	1086	1087	1088	1089	1090	1091	1092	1093	1094	1095	1096	1097	1098	1099	1100	1101	1102	1103	1105	1106	1107	1108	1109	1110	1111	1112	1113	1114	1116	1117	1118	1119	
111	111	57	1001	1002	1004	1005	1007	1013	1014	1017	1018	1021	1024	1025	1028	1030	1033	1035	1037	1038	1040	1042	1043	1044	1045	1046	1048	1050	1051	1052	1060	1066	1067	1071	1072	1075	1077	1078	1080	1082	1083	1085	1086	1087	1088	1094	1095	1096	1097	1099	1103	1106	1107	1108	1110	1111	1112	1115	1117	
112	112	106	1001	1002	1003	1004	1005	1006	1007	1008	1009	1010	1011	1012	1013	1014	1016	1017	1018	1019	1020	1022	1023	1024	1025	1026	1027	1028	1029	1030	1031	1032	1033	1034	1036	1037	1038	1039	1040	1041	1042	1043	1044	1045	1046	1047	1048	1049	1050	1051	1052	1053	1054	1055	1056	1057	1058	1059	1061	1062	1063	1064	1065	1067	1068	1069	1070	1072	1073	1074	1075	1076	1077	1078	1079	1080	1082	1084	1085	1086	1087	1089	1090	1091	1092	1093	1094	1095	1096	1097	1098	1099	1103	1104	1105	1106	1107	1108	1109	1110	1112	1113	1114	1115	1117	1118	1119	1120	
113	113	106	1001	1002	1003	1004	1005	1006	1007	1008	1009	1010	1012	1013	1014	1015	1016	1017	1018	1019	1020	1021	1022	1024	1025	1026	1027	1028	1029	1030	1031	1032	1033	1034	1035	1036	1037	1039	1040	1041	1042	1043	1044	1045	1047	1048	1049	1051	1052	1053	1054	1055	1056	1057	1059	1060	1061	1062	1063	1065	1066	1067	1068	1069	1070	1073	1074	1075	1076	1077	1078	1079	1081	1082	1083	1084	1086	1087	1088	1089	1090	1092	1093	1094	1095	1096	1097	1098	1099	1100	1101	1102	1103	1104	1106	1107	1108	1109	1110	1111	1112	1113	1114	1115	1116	1117	1118	1119	
114	114	100	1001	1002	1004	1005	1006	1007	1008	1009	1010	1013	1014	1017	1019	1020	1021	1022	1023	1024	1025	1026	1030	1031	1033	1034	1035	1037	1038	1040	1041	1042	1043	1044	1045	1046	1047	1048	1049	1050	1051	1052	1053	1054	1055	1059	1060	1061	1062	1063	1064	1065	1066	1067	1068	1069	1070	1071	1072	1073	1074	1076	1077	1078	1079	1080	1081	1082	1083	1085	1086	1087	1088	1089	1090	1091	1092	1093	1094	1095	1096	1097	1098	1099	1100	1101	1102	1103	1104	1106	1107	1109	1110	1111	1112	1113	1114	1115	1116	1117	1119	1120	
115	115	78	1004	1006	1007	1008	1009	1011	1012	1013	1014	1015	1016	1017	1018	1020	1022	1023	1025	1027	1028	1030	1031	1033	1035	1036	1037	1039	1040	1041	1042	1044	1045	1046	1051	1052	1054	1055	1058	1059	1061	1062	1063	1064	1066	1067	1068	1069	1071	1072	1074	1075	1076	1081	1082	1085	1087	1088	1089	1090	1092	1093	1094	1095	1097	1099	1100	1103	1105	1106	1107	1108	1111	1113	1114	1115	1116	1118	1119	1120	
116	116	91	1002	1003	1004	1005	1006	1008	1009	1011	1013	1014	1015	1017	1019	1020	1021	1022	1023	1024	1025	1027	1029	1030	1032	1034	1035	1036	1037	1038	1039	1040	1041	1042	1043	1046	1047	1048	1050	1051	1052	1053	1054	1055	1056	1057	1058	1059	1060	1062	1063	1065	1066	1067	1068	1070	1071	1072	1073	1074	1075	1076	1078	1079	1080	1081	1083	1084	1085	1086	1087	1088	1089	1090	1091	1092	1094	1099	1101	1102	1103	1105	1107	1109	1110	1111	1112	1113	1114	1115	1116	1117	1118	
117	117	36	1001	1002	1003	1005	1007	1010	1012	1015	1016	1018	1020	1025	1027	1036	1039	1048	1049	1053	1061	1066	1068	1072	1080	1081	1082	1087	1089	1090	1091	1095	1097	1098	1105	1108	1113	1116	
118	118	43	1001	1005	1007	1008	1009	1012	1014	1017	1018	1019	1026	1030	1035	1036	1038	1040	1041	1042	1043	1045	1047	1054	1057	1060	1066	1067	1068	1070	1071	1072	1081	1083	1086	1088	1091	1095	1099	1102	1105	1106	1108	1110	1119	
119	119	90	1001	1002	1003	1004	1006	1007	1008	1009	1010	1011	1012	1013	1014	1015	1016	1017	1018	1019	1020	1021	1022	1023	1024	1025	1026	1028	1030	1032	1034	1035	1036	1037	1038	1039	1040	1041	1042	1043	1044	1046	1047	1048	1049	1050	1052	1054	1056	1057	1058	1060	1061	1062	1063	1064	1065	1066	1067	1068	1069	1070	1071	1072	1073	1075	1078	1082	1083	1084	1085	1087	1089	1090	1091	1092	1094	1096	1097	1098	1099	1100	1103	1104	1106	1107	1109	1110	1112	1116	1119	1120	
120	120	108	1001	1002	1003	1004	1005	1006	1007	1008	1009	1011	1012	1013	1014	1015	1016	1017	1018	1019	1020	1021	1023	1024	1025	1026	1027	1028	1029	1030	1031	1033	1034	1035	1036	1037	1038	1040	1041	1042	1043	1044	1045	1046	1048	1049	1050	1051	1052	1053	1054	1055	1056	1057	1058	1059	1060	1061	1062	1063	1064	1065	1066	1067	1068	1071	1072	1073	1074	1075	1076	1077	1078	1081	1082	1083	1084	1085	1087	1088	1089	1090	1091	1092	1093	1094	1095	1096	1097	1099	1100	1101	1102	1103	1105	1106	1107	1108	1109	1110	1111	1112	1113	1114	1115	1116	1117	1118	1119	1120	
