-1	1	2	3	4	5	6	7	8	9	10	11	12	13	14	15	16	17	18	19	20	21	22	23	24	25	26	27	28	29	30	31	32	33	34	35	36	37	38	39	40	41	42	43	44	45	46	47	48	49	50	51	52	53	54	55	56	57	58	59	60	61	62	63	64	65	66	67	68	69	70	71	72	73	74	75	76	77	78	79	80	81	82	83	84	85	86	87	88	89	90	91	92	93	94	95	96	97	98	99	100	101	102	103	104	105	106	107	108	109	110	111	112	113	114	115	116	117	118	119	120	
1001	810	310	947	596	838	240	33	572	613	727	911	227	544	40	428	689	701	212	903	257	471	403	467	740	241	612	146	573	307	538	791	597	8	99	521	167	975	110	477	926	345	563	394	613	522	600	931	632	732	488	137	722	776	150	55	870	471	771	746	273	192	52	96	912	682	96	184	30	860	705	235	33	482	944	425	198	155	438	399	585	874	856	287	394	330	754	577	453	573	400	905	464	190	953	217	546	861	93	56	786	812	24	339	613	912	399	451	597	410	931	55	838	62	4	19	330	11	999	337	696	
1002	235	536	441	519	88	802	515	852	137	650	17	40	404	437	291	795	176	312	945	446	398	435	206	433	339	229	643	820	845	488	873	228	339	173	875	209	714	43	204	926	533	709	525	104	589	418	985	722	314	81	524	240	800	155	873	931	597	971	819	877	818	492	551	37	265	123	960	717	726	909	363	394	144	833	324	916	266	17	984	95	181	685	901	424	969	72	87	932	236	231	100	654	697	592	970	999	588	775	799	83	429	447	505	1	91	391	344	275	460	746	641	512	330	820	20	214	144	890	464	851	
1003	921	941	278	592	569	362	234	677	291	16	467	766	249	47	763	518	374	800	335	138	966	906	78	409	38	345	946	742	623	684	306	275	879	477	694	23	57	631	829	155	918	379	380	322	988	467	200	592	702	51	902	141	276	29	168	785	356	20	379	50	65	27	415	11	875	598	503	688	695	673	377	439	673	176	760	625	879	311	800	506	759	211	601	484	892	160	592	387	717	941	786	997	87	69	339	800	372	871	655	384	740	824	206	433	195	375	357	770	146	490	554	475	554	71	944	288	807	981	196	166	
1004	684	167	686	337	522	902	520	995	848	990	89	918	412	916	368	52	160	44	334	398	747	959	972	863	407	563	617	556	539	798	563	217	505	802	862	312	162	968	771	831	993	934	419	343	670	74	429	276	932	580	228	482	892	479	796	780	443	209	174	755	714	484	578	885	181	395	140	515	366	368	715	592	58	29	166	135	124	986	895	60	537	79	308	326	332	82	932	939	387	755	536	564	682	774	698	883	934	1	81	763	804	975	533	454	939	708	225	724	904	226	535	523	40	771	536	170	307	472	227	59	
1005	425	454	688	291	766	739	333	669	262	117	718	286	861	899	290	516	291	668	856	736	803	140	713	490	10	582	799	889	625	250	860	535	331	553	910	613	987	7	978	275	240	551	822	914	834	45	363	654	146	208	819	414	533	527	375	613	266	454	308	518	948	361	455	932	169	632	559	928	700	59	26	854	816	400	290	162	206	227	633	895	297	197	979	560	200	536	412	355	363	569	338	162	658	175	651	84	523	132	738	740	210	250	78	960	757	783	187	565	561	420	989	1000	423	930	482	400	323	30	424	642	
1006	287	72	693	171	101	417	280	864	132	631	689	21	721	733	592	721	229	352	258	914	696	782	946	254	272	552	989	927	897	172	84	820	71	310	744	407	570	415	417	481	353	502	783	908	107	215	501	714	905	473	211	322	616	221	923	172	798	187	982	237	819	111	272	660	562	556	849	21	39	239	213	86	691	624	327	617	598	908	121	330	388	479	455	345	764	512	341	681	725	701	101	50	193	625	246	373	503	467	609	943	451	409	534	975	681	580	687	162	642	197	99	815	662	913	158	207	979	257	518	639	
1007	485	665	833	518	258	262	384	583	706	689	299	847	371	459	563	500	802	369	760	944	89	531	537	350	327	248	475	430	983	832	253	76	476	826	321	8	787	792	700	129	713	351	722	451	503	283	388	963	499	707	899	1000	57	265	218	717	353	325	383	236	683	266	154	901	617	568	985	671	843	756	523	110	313	461	115	582	876	520	104	295	654	567	803	97	196	829	696	666	168	285	433	846	740	323	23	926	236	939	570	772	59	290	331	134	801	178	352	49	723	665	488	895	331	715	432	12	370	199	397	278	
1008	320	634	963	234	725	964	104	669	891	20	135	690	746	797	984	857	565	272	451	203	126	668	500	675	217	249	544	531	335	703	40	195	526	962	548	174	871	897	26	565	137	783	839	456	692	409	316	633	216	522	877	172	63	660	558	605	504	223	54	632	413	743	777	14	64	896	121	263	145	165	925	347	291	811	452	5	144	311	427	130	322	415	742	646	316	63	620	353	304	754	390	16	290	372	25	678	388	654	457	829	611	930	976	55	730	559	872	378	566	463	557	428	675	303	183	106	477	902	182	927	
1009	818	959	724	340	496	191	83	859	722	589	968	85	6	692	738	967	684	248	846	175	16	282	613	131	41	663	423	282	17	78	184	890	823	889	954	316	905	91	275	366	21	340	865	63	794	297	755	344	114	991	73	865	171	656	87	146	919	599	398	755	368	81	291	597	680	638	604	27	512	414	312	163	279	791	703	258	582	582	546	807	513	299	188	518	16	306	97	8	799	503	62	64	571	610	657	194	806	379	266	887	349	24	562	572	424	349	58	132	9	819	328	826	49	628	710	924	759	30	900	605	
1010	374	71	898	826	719	305	335	353	619	154	370	568	192	935	280	655	607	435	526	373	385	628	779	857	227	855	397	264	804	294	121	488	237	777	855	452	640	35	277	977	347	486	858	904	63	425	38	606	20	801	337	16	64	286	105	347	368	536	928	442	478	697	644	633	371	229	289	658	710	727	412	70	350	101	185	519	421	800	432	483	997	285	603	243	279	687	772	125	810	56	724	863	305	533	23	221	385	634	230	236	441	38	124	224	666	304	934	619	993	674	877	927	506	405	350	870	631	526	188	840	
1011	183	211	445	416	537	240	259	606	128	928	634	984	167	470	606	359	558	137	605	611	905	389	82	538	683	816	905	592	811	520	107	207	614	492	764	112	757	344	796	155	544	845	115	132	930	800	49	55	255	506	925	284	196	584	363	110	262	691	707	273	326	538	280	570	203	959	214	108	785	984	312	176	641	663	369	620	384	300	425	95	252	505	218	892	564	374	156	725	751	878	757	730	704	609	213	891	737	612	74	218	526	638	327	604	107	509	666	289	664	520	574	617	27	278	406	722	567	39	811	448	
1012	497	352	356	584	934	731	817	461	739	511	970	426	620	864	863	790	495	399	850	986	542	839	317	295	953	831	7	544	691	953	367	456	883	746	255	455	543	466	20	249	76	510	997	784	305	381	171	235	180	80	264	807	349	302	611	925	874	958	546	676	506	478	825	761	54	475	866	579	69	714	965	972	271	479	571	133	973	372	765	913	574	109	523	198	453	545	473	951	297	603	84	925	29	945	958	382	545	733	574	303	440	43	372	126	261	410	139	859	895	302	912	993	900	701	330	775	501	121	370	100	
1013	165	541	562	866	492	159	338	36	830	171	976	721	524	984	136	124	414	558	657	17	907	898	802	598	497	565	930	439	854	92	28	202	238	172	939	458	685	76	266	959	199	784	800	38	966	338	657	693	725	19	464	810	659	35	596	93	721	678	368	578	535	152	856	43	228	409	417	614	597	452	40	427	392	253	518	585	913	457	738	249	461	195	367	346	461	892	559	487	717	58	640	526	462	853	559	179	896	94	435	668	804	216	691	70	777	291	418	688	413	158	585	518	327	862	158	65	563	829	340	333	
1014	276	539	259	433	291	113	712	426	472	513	630	154	623	179	665	914	250	869	205	482	49	640	214	147	435	13	703	107	461	210	935	537	2	704	585	449	820	887	428	50	666	412	731	158	186	625	741	178	657	245	126	407	993	735	727	401	506	885	597	46	733	905	46	880	316	319	377	550	46	944	861	192	433	507	410	138	441	380	504	67	145	541	509	214	879	628	203	384	540	269	681	531	772	90	864	571	707	880	641	744	369	508	229	91	480	950	333	148	715	420	915	499	289	754	241	125	850	777	465	49	
1015	974	188	756	571	124	807	554	303	660	914	542	750	500	731	876	613	205	835	445	592	186	615	674	538	966	42	173	611	333	553	700	696	350	487	343	305	991	737	357	639	778	101	426	101	767	247	259	48	281	548	325	914	45	459	986	515	32	1000	589	121	841	490	993	250	599	240	725	15	908	272	931	892	362	168	378	661	317	409	376	179	265	936	283	78	525	518	642	949	889	731	879	365	540	982	240	167	929	712	998	693	18	939	278	877	389	221	655	158	390	529	178	267	22	295	625	743	851	314	737	512	
1016	755	977	582	598	948	568	413	626	768	66	890	857	249	820	587	610	122	480	114	851	903	507	986	495	57	549	818	406	350	256	979	741	888	629	805	111	292	531	367	988	103	569	182	426	700	334	885	321	641	47	70	27	739	321	648	404	414	832	778	38	578	999	71	96	778	313	858	872	831	263	43	695	476	346	634	884	699	948	44	435	609	586	365	639	533	469	973	781	462	450	349	756	166	190	611	266	673	941	284	832	667	485	866	433	481	511	638	855	406	678	512	103	153	762	53	870	925	847	551	739	
1017	650	515	726	962	868	136	442	886	3	956	640	49	877	131	436	845	678	306	819	661	123	304	557	307	815	750	600	307	311	689	933	264	882	54	583	334	731	981	128	631	649	1	102	209	398	543	247	592	663	308	25	288	308	684	574	630	881	865	565	752	996	257	563	369	864	531	116	562	593	731	141	117	841	804	724	596	666	981	259	346	324	575	344	327	305	254	240	818	672	526	270	82	463	840	606	262	53	236	815	910	319	73	840	689	737	772	938	872	647	966	335	27	252	825	345	730	378	19	726	863	
1018	188	842	267	625	125	421	965	409	785	327	90	501	337	665	289	233	874	334	383	430	121	491	459	470	35	522	738	71	166	205	357	812	796	337	561	744	745	608	32	860	282	228	30	242	256	65	927	35	566	202	455	759	15	215	762	579	204	302	733	888	213	935	724	729	85	44	134	740	435	848	918	837	390	791	875	840	208	335	674	742	327	526	634	425	856	76	120	611	356	34	852	380	928	483	988	971	280	106	368	351	340	596	374	510	493	215	215	405	513	83	737	761	429	448	910	646	259	489	621	870	
1019	768	144	988	112	961	238	697	700	899	633	967	547	156	218	317	304	396	628	706	58	158	622	237	169	42	493	988	945	110	114	395	597	711	943	272	813	258	160	37	850	727	976	333	481	841	633	899	255	87	136	863	212	23	432	50	99	307	574	604	345	676	349	964	852	999	731	680	414	645	43	853	98	55	197	545	742	578	635	399	105	575	213	348	679	686	871	48	562	172	257	302	228	2	839	87	195	233	739	243	244	98	240	514	995	275	8	355	569	535	72	235	871	4	313	288	106	931	939	350	391	
1020	630	10	305	681	769	549	1	635	110	115	966	746	933	124	189	473	105	99	378	728	624	21	56	447	342	628	245	623	772	45	746	659	765	7	929	615	850	102	207	664	510	334	957	188	140	523	818	667	168	1000	691	718	571	415	725	207	651	969	793	937	802	262	506	778	414	159	92	254	393	233	5	165	514	293	232	872	12	823	39	32	557	635	969	840	257	503	197	980	576	493	318	826	829	791	879	559	313	520	657	357	544	936	842	684	450	504	144	559	228	335	39	440	80	700	551	279	626	645	353	391	
1021	808	27	89	950	1000	27	804	878	963	432	765	278	705	727	460	326	367	525	784	838	644	792	692	297	779	411	761	455	475	793	758	394	340	73	766	395	459	203	313	509	711	867	325	938	5	155	126	134	97	542	163	953	70	530	515	216	272	701	24	118	824	676	332	503	399	176	513	693	702	153	277	591	414	47	733	934	804	415	777	546	567	307	89	285	669	510	334	526	2	214	956	56	27	651	518	660	882	302	763	205	539	877	280	650	302	935	462	969	574	819	669	218	537	806	800	378	233	780	195	433	
1022	614	379	310	925	693	422	209	109	990	259	425	48	703	674	735	961	433	294	419	754	702	986	22	583	196	547	376	825	875	916	290	697	740	39	750	326	267	843	550	216	950	289	147	742	678	668	343	861	85	328	420	289	656	609	278	169	976	887	487	710	892	169	202	605	73	384	82	310	92	205	691	763	71	454	993	172	642	165	649	594	540	969	476	627	67	345	523	647	120	998	751	424	414	88	720	871	500	476	609	924	217	701	161	357	576	665	421	324	460	765	348	874	390	635	692	416	340	930	739	184	
1023	759	344	7	586	971	379	614	550	693	930	721	409	610	702	264	402	378	22	756	788	765	50	996	634	357	466	112	910	493	896	141	925	202	202	699	807	810	397	611	390	651	783	990	461	444	740	866	356	361	684	461	769	315	578	911	608	943	799	371	462	161	408	158	203	832	398	243	734	523	973	991	597	348	735	521	261	876	913	667	119	695	358	703	108	106	971	924	130	514	828	584	711	918	909	835	77	768	834	657	351	960	987	464	155	26	882	842	880	273	79	525	82	236	366	946	996	143	23	459	582	
1024	447	648	927	981	245	51	188	906	248	691	593	128	302	398	919	4	992	451	951	931	77	647	974	918	395	693	418	204	901	59	60	272	922	963	870	493	178	880	655	455	438	298	956	500	1000	515	690	683	593	882	897	75	426	896	931	223	893	418	381	688	61	854	533	492	883	897	325	990	523	440	167	166	342	470	730	707	608	653	603	469	581	640	631	320	632	721	800	942	444	95	918	460	639	394	608	688	492	90	100	473	704	276	123	871	654	398	688	309	871	6	971	621	452	198	625	282	110	226	230	411	
1025	437	85	543	219	816	303	4	275	149	562	101	432	516	28	179	744	316	401	562	747	188	49	168	766	297	606	201	564	99	348	47	434	124	193	889	138	608	39	129	362	187	800	498	333	408	562	777	275	422	459	883	413	96	430	688	916	188	790	246	610	147	155	41	432	643	347	146	642	682	882	294	176	52	229	144	782	87	44	361	207	653	710	615	957	817	113	604	660	317	490	584	312	300	754	898	908	148	442	123	732	230	536	347	509	96	218	288	835	810	434	12	404	449	795	798	756	257	275	116	823	
1026	738	704	486	604	730	432	68	829	95	91	320	403	880	840	217	639	999	801	765	649	102	281	26	217	146	401	96	974	732	737	294	677	589	629	628	228	2	5	793	615	249	714	607	402	131	478	524	504	987	252	826	332	821	336	833	639	914	319	482	113	939	754	327	323	660	239	218	228	668	289	724	170	569	585	167	851	753	436	950	21	926	135	187	243	242	121	417	129	812	376	867	474	225	71	12	503	54	646	417	707	693	266	636	893	47	759	330	422	241	275	383	252	585	876	536	278	955	125	202	72	
1027	557	721	673	629	601	268	419	668	587	135	731	991	698	368	690	930	452	407	211	107	562	543	230	220	827	242	60	120	915	444	892	196	309	662	749	528	799	78	5	422	261	965	410	346	192	130	199	186	41	621	665	897	641	446	795	878	34	351	30	378	603	767	213	458	472	289	560	10	969	564	934	491	564	484	745	413	901	889	565	417	133	950	586	168	240	13	682	168	707	201	212	241	614	92	394	402	119	418	848	730	191	141	78	843	785	178	856	793	984	53	132	868	960	49	428	282	328	922	204	650	
1028	270	822	92	915	705	836	860	713	848	246	824	858	825	117	704	907	57	983	726	449	22	52	422	986	790	464	543	952	527	642	979	689	24	891	260	19	191	908	919	878	525	970	765	673	696	699	87	842	576	717	555	849	332	676	909	532	797	853	895	472	170	474	763	590	910	573	176	284	503	175	460	470	680	891	201	117	434	439	35	199	102	307	336	814	119	94	489	685	838	645	457	25	101	988	939	373	287	906	449	312	424	784	850	738	457	931	187	285	855	226	74	745	293	50	998	755	47	664	275	390	
1029	238	685	826	398	674	467	884	501	283	326	318	569	542	786	393	216	200	420	745	767	684	60	944	716	200	573	853	916	715	475	590	854	385	748	635	439	754	26	669	879	448	696	295	156	296	683	772	302	395	467	681	114	173	338	652	387	525	340	910	590	79	16	317	213	726	686	525	199	494	625	199	429	569	623	546	928	863	518	442	505	332	841	822	209	789	276	190	74	755	380	269	533	323	154	371	446	253	410	110	790	588	759	643	143	629	42	919	301	563	290	131	66	946	158	671	890	131	265	573	993	
1030	716	514	274	521	867	945	401	845	545	321	315	773	485	327	693	733	297	575	218	220	720	495	441	527	977	812	366	537	257	210	40	989	13	382	939	711	688	390	143	968	50	395	320	752	346	510	735	873	374	217	225	858	624	887	71	249	962	910	910	845	158	436	631	442	111	80	26	206	644	290	718	740	62	118	340	735	680	373	909	161	662	629	697	540	305	50	842	641	954	100	160	632	965	51	327	231	953	664	789	286	317	86	88	634	357	817	815	896	844	798	1000	525	964	371	610	300	324	424	324	119	
1031	670	54	441	169	247	974	612	892	503	622	734	547	985	963	474	886	669	482	452	224	592	310	85	718	84	773	904	800	682	603	683	55	917	663	90	512	449	29	960	455	972	284	72	199	51	273	204	473	88	675	51	460	723	824	776	468	183	824	625	110	583	681	989	810	912	586	897	66	704	773	77	811	295	526	90	393	813	625	655	583	341	99	381	215	624	279	655	239	933	468	6	885	887	541	276	637	575	561	615	856	756	860	809	999	241	542	13	576	726	610	12	856	1	218	97	714	350	321	434	159	
1032	777	257	86	515	847	673	878	139	619	572	2	814	700	660	468	120	283	873	917	406	502	579	803	654	401	361	668	189	816	641	995	318	656	392	625	545	782	660	213	843	928	760	343	709	147	488	841	327	301	134	607	934	92	548	113	499	78	67	582	590	611	227	924	203	839	164	741	524	212	605	571	775	184	211	280	969	275	268	615	259	284	532	399	548	316	927	577	512	747	616	216	696	537	194	529	465	128	293	931	385	912	228	680	567	451	692	700	355	371	95	694	934	448	74	301	651	94	379	700	446	
1033	608	353	275	804	964	803	858	689	235	946	762	714	368	979	628	625	708	284	250	402	954	621	607	609	201	344	104	98	690	90	900	113	682	338	864	675	546	73	982	524	485	331	750	594	450	781	445	434	731	503	966	90	645	349	383	951	393	48	933	912	226	994	250	498	984	234	853	558	604	916	675	928	741	653	70	745	858	37	587	206	505	318	511	602	624	469	676	186	330	30	857	336	780	837	952	323	320	666	101	613	618	476	627	332	201	273	904	341	720	644	860	334	278	481	590	554	466	750	680	163	
1034	626	756	155	960	450	239	779	75	513	621	448	955	304	301	2	802	270	830	7	892	834	458	808	497	767	66	546	333	295	131	792	286	195	207	599	493	538	191	890	833	448	895	351	640	664	10	497	984	285	424	583	277	782	45	222	883	209	732	90	807	921	611	587	417	658	945	349	765	444	126	512	682	398	794	130	745	622	73	745	922	982	884	126	437	537	899	694	661	166	75	218	753	315	250	122	285	654	403	70	974	689	982	869	445	316	118	505	766	487	890	506	530	48	572	138	746	322	78	18	252	
1035	743	411	763	806	184	575	322	152	939	872	977	432	470	481	451	178	900	180	551	142	405	372	222	428	848	573	773	233	950	744	123	667	312	827	940	898	163	720	160	608	843	317	750	474	614	4	229	751	27	76	532	409	107	999	919	89	462	133	133	544	193	794	169	747	55	611	814	734	717	631	238	269	331	483	84	23	215	622	113	60	388	791	796	984	331	948	973	328	328	204	332	629	33	686	861	806	171	356	31	563	918	747	661	408	313	828	965	926	688	888	407	152	261	910	784	508	190	769	312	625	
1036	385	528	808	5	6	568	326	788	636	824	344	148	107	341	16	327	559	423	440	458	184	617	100	88	234	56	957	338	687	63	786	710	259	698	274	190	169	234	504	963	477	81	142	641	281	622	718	676	636	915	460	491	495	285	767	541	778	60	250	745	455	324	414	994	324	706	859	747	959	3	566	911	349	42	965	868	740	656	785	753	394	713	523	605	102	692	506	682	237	59	948	923	423	461	59	297	827	304	106	844	456	755	528	80	942	530	156	382	484	27	122	717	691	745	108	392	419	854	693	273	
1037	743	482	998	545	115	370	476	464	292	127	498	340	641	661	775	695	795	3	46	649	358	352	816	598	290	32	754	160	755	799	233	841	614	461	804	371	590	482	778	379	429	212	499	891	782	262	299	192	899	203	268	899	474	356	66	99	982	287	909	635	419	713	947	456	601	900	325	983	997	324	147	468	524	822	489	221	802	187	580	536	331	556	768	803	703	574	340	931	107	272	849	990	69	186	422	468	680	920	783	595	185	311	687	307	41	528	116	507	293	779	778	977	626	37	579	223	413	469	509	276	
1038	795	412	736	202	690	434	884	19	585	484	489	203	420	967	921	28	840	107	291	887	406	446	50	746	263	276	88	404	994	534	535	266	770	448	913	51	723	80	928	833	830	43	544	369	883	714	548	189	142	966	414	415	461	63	971	233	257	979	462	979	660	909	324	941	282	420	696	45	107	990	576	995	767	85	240	507	723	816	949	43	459	45	621	214	128	574	868	288	684	889	242	947	4	988	940	257	830	33	559	427	618	887	181	497	614	617	585	411	452	394	493	304	223	705	646	124	78	314	158	159	
1039	749	850	620	281	819	661	336	548	70	109	404	361	488	381	451	760	887	491	608	143	423	602	962	273	153	131	953	312	315	935	286	764	79	848	278	844	376	753	880	212	627	482	383	160	907	497	785	8	455	398	433	356	648	614	202	858	141	546	549	317	305	744	693	481	248	394	705	765	101	390	249	239	112	951	349	934	183	65	619	28	730	882	351	978	899	311	256	329	198	661	424	838	637	346	523	294	167	178	652	675	58	502	389	989	478	850	182	556	820	838	120	436	359	583	938	850	778	999	547	983	
1040	379	665	179	430	715	506	603	292	791	681	694	541	695	595	925	452	580	338	457	947	246	649	417	607	206	665	140	740	125	316	987	492	899	793	899	660	44	792	450	392	585	14	503	472	563	586	151	611	677	472	94	691	243	846	403	512	821	814	271	706	888	692	918	345	791	600	583	232	742	886	585	778	816	684	38	770	145	899	485	73	206	978	178	804	923	543	393	660	565	863	691	523	938	385	760	35	150	846	606	49	896	875	560	306	803	386	722	212	465	726	308	504	365	750	982	735	904	155	332	483	
1041	565	873	735	370	531	368	345	744	330	64	639	345	505	408	448	932	394	844	805	459	74	719	112	420	957	730	91	713	220	267	883	521	640	545	279	800	84	775	908	869	286	151	459	611	870	33	149	187	178	108	717	815	377	684	951	465	199	509	480	629	624	959	918	701	80	994	785	220	650	884	435	421	984	777	660	429	419	210	736	150	947	81	45	437	881	811	855	198	347	359	598	614	912	271	884	714	77	765	583	374	423	544	878	360	665	646	322	519	488	427	10	238	181	283	811	141	259	117	431	146	
1042	882	142	611	212	476	155	623	94	889	393	990	713	938	37	783	305	487	453	513	533	742	385	931	560	564	505	31	999	26	904	900	141	931	432	244	772	486	653	630	332	495	934	477	489	195	257	312	384	52	758	330	593	921	824	309	804	25	471	355	709	833	505	422	978	157	18	121	727	620	609	694	495	663	14	457	302	82	961	476	885	116	564	269	134	836	828	53	64	28	820	578	421	779	778	503	642	462	846	834	566	606	568	679	23	800	441	3	826	240	813	564	761	711	200	143	434	304	215	905	69	
1043	520	914	214	207	348	231	988	774	555	887	129	814	849	745	556	34	416	940	83	253	94	998	236	431	153	449	662	12	576	443	211	524	771	261	825	870	382	62	842	814	713	536	912	249	852	652	541	590	602	2	522	808	859	268	734	353	535	667	106	289	351	609	154	624	166	497	342	928	824	820	994	558	817	950	995	562	289	224	627	876	287	679	639	538	244	228	951	352	226	725	405	871	525	413	834	249	992	184	741	948	698	89	277	237	290	815	346	343	649	653	735	163	760	137	586	178	394	32	86	322	
1044	1000	321	901	856	693	850	880	465	96	582	370	341	357	259	412	485	732	284	288	499	963	750	676	932	530	634	873	68	431	309	415	713	618	268	164	955	123	148	789	498	763	312	811	864	177	708	362	448	54	250	734	952	242	299	199	411	457	641	942	34	8	754	576	836	853	479	851	435	742	566	271	393	856	501	527	227	163	664	160	389	811	804	729	662	179	277	539	502	733	885	578	605	717	134	5	389	263	306	259	762	886	753	111	921	566	67	877	399	532	670	669	212	253	626	656	367	524	779	992	668	
1045	695	381	476	37	57	693	123	322	525	396	175	259	324	420	775	535	819	702	195	101	7	10	211	611	515	308	579	935	710	183	301	377	823	358	47	584	170	657	182	716	959	141	227	629	401	31	813	82	916	178	439	516	155	558	916	28	625	652	888	58	406	456	257	688	604	390	334	806	627	168	407	351	90	14	781	596	302	335	818	511	640	656	804	491	402	251	14	938	994	529	432	447	707	482	17	701	264	764	898	447	546	291	332	346	748	176	245	128	156	749	271	110	389	128	737	336	236	278	354	380	
1046	954	891	716	956	654	292	312	609	945	842	619	552	345	424	37	886	963	339	257	291	945	347	311	684	995	766	965	648	89	479	218	432	816	23	547	235	155	187	561	640	500	351	267	5	675	536	208	575	118	96	79	771	850	614	835	397	529	428	353	367	924	861	924	413	411	366	755	894	730	268	776	869	942	615	933	768	185	758	859	777	722	323	827	932	721	568	312	520	177	874	76	625	815	668	258	173	674	767	452	718	843	497	198	1000	655	676	458	907	730	569	438	34	798	908	795	77	533	170	359	701	
1047	32	542	390	280	229	660	585	717	923	350	531	749	530	513	88	894	350	51	292	263	378	145	11	547	52	576	15	55	307	41	635	809	607	990	366	634	799	18	641	758	769	225	124	496	718	930	310	627	299	750	996	223	823	324	492	505	498	667	59	614	259	868	211	657	149	726	760	443	563	204	453	954	321	989	563	390	573	570	426	695	429	429	827	307	403	607	917	151	766	858	718	491	539	105	365	347	524	958	518	835	400	538	949	340	908	82	110	988	303	767	852	42	260	790	865	306	843	770	542	838	
1048	775	547	62	514	929	457	832	836	420	550	428	118	557	481	586	168	80	302	181	277	611	356	323	318	371	925	429	33	342	742	325	786	641	64	654	552	267	663	936	804	681	577	395	685	243	520	308	519	855	411	806	789	565	826	299	213	307	25	516	788	529	551	780	137	279	295	691	182	494	582	122	692	677	982	867	766	565	587	459	457	647	445	802	834	148	501	674	864	565	987	590	852	61	351	245	815	811	230	319	91	436	399	263	540	408	959	833	952	708	930	935	789	761	683	55	97	794	278	255	736	
1049	836	3	666	40	111	702	131	492	134	471	663	900	650	406	237	243	898	240	763	767	541	271	331	331	71	549	892	150	869	258	68	84	100	364	597	92	222	471	709	106	239	110	210	374	759	704	678	76	697	358	648	357	371	643	747	94	895	221	762	312	410	308	948	208	42	305	173	288	126	585	717	805	280	218	741	330	270	484	607	941	986	179	982	8	958	869	246	387	108	335	180	128	85	205	241	383	664	249	619	915	685	948	404	109	498	803	887	456	847	715	545	700	901	24	69	231	956	939	347	609	
1050	410	241	358	501	84	657	969	236	341	317	711	884	567	561	66	102	130	281	120	505	773	323	283	84	701	677	521	374	949	346	991	636	223	41	746	387	26	150	998	999	53	118	859	755	698	525	92	802	23	178	442	381	673	317	449	373	273	199	56	108	708	619	599	607	109	68	20	287	982	288	495	697	112	27	63	290	631	943	668	46	793	66	454	499	72	984	93	650	901	722	459	406	360	855	632	584	125	971	820	401	81	646	386	273	270	214	403	528	667	7	408	556	312	57	708	699	33	323	873	761	
1051	799	106	403	992	286	49	501	423	397	771	281	91	880	896	249	304	310	247	167	145	989	689	250	174	728	669	12	260	646	580	523	795	141	285	820	796	918	716	30	338	851	247	366	419	422	850	807	246	108	875	253	647	938	24	554	528	350	783	520	635	273	606	559	662	852	573	801	677	609	24	117	70	299	1	450	113	321	670	404	919	94	551	187	861	749	523	162	321	51	715	725	908	909	871	159	248	268	152	770	875	758	501	672	541	639	74	675	399	632	614	1000	172	150	987	257	348	558	828	970	215	
1052	810	948	239	729	431	185	529	886	263	111	38	310	739	345	692	927	416	74	602	187	232	523	876	388	880	102	612	350	481	380	202	668	394	397	661	294	406	398	274	897	290	24	525	751	395	54	262	449	965	566	765	203	446	404	928	311	836	20	796	420	556	63	995	319	13	167	918	635	284	902	739	117	602	60	496	419	259	688	9	351	872	121	29	135	543	349	480	119	752	889	917	840	492	890	634	594	426	940	89	168	314	697	739	363	549	428	824	890	420	638	949	776	968	897	181	519	338	724	707	940	
1053	174	166	994	561	6	646	564	72	50	663	317	414	358	579	842	165	456	789	123	566	34	123	493	839	871	179	203	249	474	346	831	305	299	144	347	866	291	584	229	377	882	303	819	801	127	891	458	464	288	774	550	450	738	362	733	516	675	623	812	59	742	852	7	974	200	787	139	577	593	791	286	980	780	314	721	524	818	258	508	376	491	339	219	958	119	524	888	943	293	755	281	616	178	9	148	595	4	510	920	997	31	636	821	201	136	639	383	461	912	360	287	116	987	918	955	276	49	950	47	120	
1054	988	163	832	396	91	94	303	193	833	788	494	231	975	925	112	229	863	174	862	929	830	179	811	510	653	661	186	600	314	456	423	898	844	713	755	54	160	382	756	829	917	686	732	247	223	539	465	229	978	77	37	124	628	337	39	757	256	249	538	884	8	830	212	221	19	803	729	238	768	940	985	633	98	798	512	944	52	73	996	118	151	620	364	723	969	304	359	472	384	479	547	980	984	270	599	422	385	617	931	77	796	926	310	908	583	925	696	153	927	630	889	537	886	340	586	220	94	16	315	519	
1055	656	492	937	448	578	840	85	381	348	903	434	844	126	963	616	757	642	517	676	800	706	9	245	400	619	47	848	266	409	131	417	806	628	255	611	635	481	712	146	927	803	254	143	839	555	928	67	875	302	736	584	950	494	506	124	13	388	619	807	6	812	479	271	147	553	779	290	567	635	669	893	816	30	193	538	661	390	101	158	370	871	479	684	378	113	677	636	453	884	310	801	626	480	15	74	573	905	144	766	525	625	384	269	944	926	758	460	56	197	362	209	546	327	243	521	875	148	803	367	390	
1056	960	805	461	598	379	167	244	931	190	870	44	498	746	267	686	930	55	485	949	546	344	588	114	726	285	375	26	37	610	323	67	974	473	764	639	44	356	17	960	728	661	331	988	926	89	71	755	794	786	157	367	629	53	623	194	898	532	565	671	222	580	328	434	304	353	591	241	629	248	439	623	166	365	989	175	278	967	449	270	47	25	827	52	101	18	153	316	525	671	309	905	534	335	560	315	833	168	467	211	318	808	672	852	432	407	812	515	385	915	288	528	64	371	744	540	10	984	980	341	62	
1057	933	385	502	789	618	944	59	622	83	212	777	237	5	597	251	561	344	872	703	148	61	696	229	559	733	160	868	373	718	616	510	222	894	254	813	997	685	190	558	948	326	933	597	949	150	523	665	596	329	207	689	868	433	351	775	623	48	496	348	827	336	587	948	9	224	985	619	767	298	336	913	744	891	854	298	578	867	397	793	417	14	432	654	954	114	477	941	962	753	155	585	968	225	342	232	209	155	233	465	587	649	531	324	443	371	478	329	203	876	627	763	526	152	554	142	270	472	929	583	808	
1058	770	339	870	363	914	67	438	422	287	590	696	514	874	231	78	702	565	832	887	176	567	784	725	695	301	89	664	461	971	565	689	825	228	834	284	76	671	931	216	267	618	930	16	556	331	459	975	252	668	578	376	424	439	375	412	635	427	664	128	687	45	296	37	464	746	991	481	581	692	851	591	128	259	813	915	792	742	534	832	125	827	100	165	164	107	600	357	699	241	890	942	112	460	31	812	501	491	122	415	214	161	696	747	254	266	32	511	359	660	139	176	464	409	792	662	524	612	836	854	817	
1059	792	298	46	939	571	343	680	960	465	717	431	672	812	164	557	718	306	373	278	741	959	366	846	39	741	27	752	97	1	337	955	932	784	604	690	72	490	252	715	137	494	307	39	990	462	922	524	720	748	749	928	280	228	596	655	60	500	100	215	652	562	301	50	15	981	252	595	395	446	68	589	565	304	481	200	222	614	934	77	631	700	871	268	750	257	657	475	913	12	473	938	234	828	74	542	436	884	315	435	317	407	848	253	45	456	55	496	950	85	710	638	604	900	956	449	262	903	637	626	525	
1060	650	226	213	121	816	606	91	999	79	1000	886	347	246	164	864	900	525	560	326	2	828	368	814	12	130	904	337	565	528	931	617	551	119	108	597	840	823	156	667	685	586	971	557	860	752	282	639	822	140	216	215	269	230	467	694	930	275	25	599	723	82	488	629	875	584	131	570	930	383	606	109	766	786	844	963	314	988	302	241	566	290	567	353	639	158	334	468	408	717	484	383	633	955	591	864	80	966	30	418	414	224	109	152	531	617	539	71	851	572	890	799	98	120	911	115	871	987	339	615	430	
1061	609	897	400	99	41	811	286	631	356	376	556	834	553	557	355	461	559	330	1	791	980	233	157	759	358	54	805	852	656	175	370	585	615	222	367	67	142	285	6	396	86	778	772	302	98	339	150	688	530	987	995	229	477	486	868	245	445	825	826	563	894	909	838	209	72	614	495	473	165	127	215	62	244	137	183	850	335	307	684	345	194	539	450	301	557	758	753	604	756	29	396	455	701	137	833	300	130	736	750	302	655	896	49	876	46	372	292	463	433	525	422	464	184	818	989	793	364	274	330	74	
1062	137	990	464	693	434	516	961	598	357	950	603	125	249	109	69	756	275	611	262	225	80	292	293	948	63	316	784	778	818	746	345	433	30	693	126	453	169	510	816	403	957	687	22	357	562	618	555	293	48	965	965	813	620	844	760	357	923	447	954	950	661	606	88	104	228	835	809	607	734	135	633	59	118	863	273	335	770	264	461	698	297	257	54	805	747	96	777	869	453	175	583	769	100	912	655	910	658	591	945	745	8	103	700	964	835	928	203	317	298	432	898	595	270	167	448	315	154	759	704	826	
1063	603	16	323	455	895	381	804	657	914	566	196	431	55	985	639	738	410	419	62	361	897	428	32	624	688	58	885	28	169	885	157	413	916	963	740	605	180	284	857	432	602	304	792	701	326	904	724	868	379	667	529	200	899	58	105	118	891	934	868	575	895	112	446	923	73	201	884	918	318	899	31	368	465	624	868	535	949	394	211	672	917	290	183	78	70	780	565	994	856	187	816	795	664	625	861	495	578	570	586	19	557	906	100	952	159	284	730	447	347	765	212	239	255	928	528	284	739	266	53	57	
1064	65	785	177	365	649	457	691	551	279	184	92	73	737	497	385	578	950	416	205	408	618	726	296	98	821	499	361	697	173	26	61	25	576	103	769	116	854	411	172	353	134	284	344	203	41	774	971	4	44	239	601	180	466	338	748	229	41	306	414	361	139	593	166	485	864	529	874	431	362	251	780	655	241	927	240	746	376	835	653	957	664	247	450	408	803	520	834	744	28	123	35	609	717	221	868	916	905	865	821	982	43	625	995	745	302	192	268	663	823	704	87	803	896	456	592	227	575	864	275	283	
1065	167	607	251	675	493	141	725	971	413	961	671	915	69	936	384	623	129	938	840	142	756	499	688	734	385	892	5	708	314	895	567	79	854	771	255	534	112	68	328	238	142	671	796	280	703	900	178	571	56	789	95	310	25	54	68	1	827	6	734	812	701	389	323	415	104	726	283	492	135	599	453	178	363	350	349	356	766	823	818	114	494	147	940	749	125	563	477	816	774	77	407	478	442	166	127	759	341	393	161	735	274	399	909	328	54	191	480	574	923	744	229	51	235	829	277	869	561	472	461	669	
1066	810	104	746	377	505	100	477	188	19	945	357	289	235	47	590	461	874	807	582	118	647	189	784	575	210	244	293	420	405	179	111	671	628	439	103	394	791	137	234	78	341	313	208	900	283	763	470	337	102	337	244	487	925	17	776	242	923	369	556	216	859	264	62	357	52	118	559	805	887	751	63	875	119	643	119	338	129	498	998	402	907	775	408	982	842	346	91	771	623	874	716	507	738	731	506	483	321	308	497	738	994	924	290	715	904	239	297	564	995	539	880	880	275	288	66	210	301	351	625	667	
1067	913	508	278	585	372	491	562	700	642	821	744	720	26	613	237	272	867	8	50	745	182	810	731	284	900	730	596	383	520	339	170	194	797	884	865	584	755	970	538	13	374	651	960	848	664	327	283	289	153	427	460	420	36	622	186	198	867	360	756	39	653	559	256	497	535	11	188	97	529	885	91	339	459	20	874	34	63	256	499	344	488	178	810	931	324	515	678	146	374	364	354	398	327	214	173	652	830	507	590	889	189	621	708	15	542	942	630	344	454	359	198	552	353	637	699	600	974	449	143	975	
1068	366	710	228	197	760	136	666	546	972	233	67	935	554	543	168	201	186	955	479	381	198	732	351	994	860	616	384	298	520	789	558	77	207	495	936	231	22	99	107	475	916	931	445	120	197	786	183	171	665	467	322	469	92	189	133	286	887	706	653	617	655	256	327	514	941	503	802	406	190	284	265	106	140	85	943	335	892	366	3	652	41	900	623	348	33	392	387	794	438	390	183	98	848	991	433	738	74	644	820	81	986	116	754	318	588	983	426	20	817	947	293	469	428	575	774	269	541	439	89	16	
1069	287	390	686	691	411	357	573	556	183	83	88	496	58	678	224	188	264	862	624	210	929	45	677	152	468	112	253	736	88	238	375	377	364	560	868	142	900	834	236	861	39	866	108	642	776	702	326	85	226	162	210	449	215	738	260	759	906	309	334	339	444	627	223	52	940	160	212	922	346	89	942	835	950	774	132	175	972	209	826	637	211	575	850	205	446	644	827	471	339	980	695	668	506	767	609	828	688	828	62	655	909	905	299	616	306	666	696	447	15	912	852	654	756	60	929	750	999	293	985	34	
1070	381	224	572	852	267	972	967	704	541	611	30	948	91	76	251	852	196	345	873	617	243	690	390	981	682	910	652	519	234	966	335	41	642	194	36	488	222	984	255	132	218	826	565	865	711	272	772	684	732	773	471	386	729	94	855	590	680	497	150	857	582	234	14	271	601	884	106	695	985	478	155	540	651	219	845	490	620	279	891	322	515	151	320	738	83	976	735	710	167	546	246	132	167	878	159	951	666	886	431	489	468	909	578	79	42	151	359	696	931	417	839	566	961	724	636	288	112	174	936	823	
1071	386	308	431	613	217	74	360	190	873	492	622	70	269	654	22	764	221	585	323	779	703	762	175	589	54	163	693	113	458	809	223	935	192	766	115	105	196	47	132	164	292	600	350	751	871	494	529	532	877	445	714	93	312	20	190	96	12	14	809	173	291	458	167	176	685	189	512	547	990	510	785	758	903	130	896	729	793	890	112	768	648	82	719	56	885	955	844	586	14	131	996	637	298	899	190	433	359	905	454	402	935	183	960	473	547	364	758	473	742	386	635	768	301	80	152	877	221	592	182	33	
1072	59	118	873	566	132	486	555	329	914	277	390	295	930	648	759	303	573	166	250	115	206	617	701	684	550	566	787	48	939	143	592	536	638	6	40	39	141	133	797	712	209	516	257	263	136	731	472	635	701	320	114	778	22	163	447	493	438	17	579	254	221	782	285	680	77	997	555	429	590	29	360	942	452	980	536	190	95	671	571	247	988	694	841	450	490	498	221	897	287	600	997	192	340	274	545	811	646	932	857	841	823	724	780	762	605	981	254	660	624	590	961	460	970	727	536	852	250	731	416	215	
1073	309	112	373	953	380	211	371	755	384	179	770	240	122	536	460	458	567	993	882	916	190	418	833	623	130	559	326	86	97	831	472	276	710	253	5	629	516	763	112	570	436	8	713	617	17	980	405	637	986	593	527	449	64	125	775	147	584	525	450	71	643	139	75	432	572	771	457	687	450	323	560	165	599	89	788	715	783	874	971	364	293	151	195	385	923	138	237	414	505	842	960	419	72	188	208	350	399	811	792	662	301	185	93	139	960	494	581	508	686	383	921	233	746	323	647	331	65	459	715	56	
1074	176	982	99	977	465	599	500	735	4	2	4	615	517	630	996	808	14	68	190	108	318	716	595	103	788	338	879	440	725	17	378	467	981	646	296	302	562	289	955	555	775	240	912	982	896	332	999	399	1	223	167	18	892	206	938	861	947	652	68	121	914	32	442	557	737	936	105	807	553	861	852	876	340	352	34	883	306	510	318	797	297	112	297	807	428	246	582	251	527	902	924	996	250	423	449	513	949	66	141	444	611	747	925	682	634	117	233	453	834	484	648	497	299	31	883	685	956	541	679	779	
1075	558	382	377	525	630	896	968	608	182	934	980	555	388	512	693	690	236	591	878	48	350	53	501	898	970	980	514	380	802	213	683	145	327	898	159	706	478	646	58	268	819	763	840	838	303	475	901	491	343	635	533	318	821	197	847	539	315	790	743	478	821	768	636	454	766	840	127	937	262	626	654	502	210	587	32	631	788	352	266	350	533	341	609	257	848	809	240	161	145	568	940	199	702	992	654	264	437	328	650	699	894	366	134	912	50	352	684	668	988	438	483	834	759	670	419	52	1000	679	192	258	
1076	178	329	674	94	365	649	888	291	394	749	184	295	993	72	586	427	681	580	629	822	396	521	768	203	564	931	829	620	736	183	814	990	540	949	364	420	504	341	430	208	823	803	455	232	930	853	171	126	718	319	835	986	492	548	767	747	112	160	588	596	204	660	607	36	950	266	912	720	783	649	249	765	613	307	217	17	971	293	572	321	983	158	14	561	53	772	472	895	690	84	506	896	908	112	434	935	224	790	132	43	483	766	266	697	677	340	813	970	971	16	485	423	285	938	765	865	7	601	779	381	
1077	957	631	265	270	995	121	408	626	458	944	516	949	620	120	205	680	175	532	28	386	309	861	765	342	384	633	301	578	714	375	567	1	460	186	526	780	733	516	870	100	558	213	275	819	107	780	879	500	364	766	902	272	501	676	309	859	115	497	42	662	761	973	813	726	857	500	279	525	790	955	130	343	961	139	841	639	163	702	9	699	883	314	617	749	656	932	246	756	794	182	882	379	428	540	101	928	532	612	973	656	830	869	226	497	965	401	205	248	155	133	810	820	828	152	739	2	342	418	696	634	
1078	384	84	289	67	837	113	225	524	899	830	463	556	642	360	155	448	480	743	549	493	810	195	854	110	361	151	117	327	185	172	843	770	742	296	713	840	880	457	752	459	912	621	993	337	987	892	126	643	103	304	352	319	564	235	11	67	197	274	943	419	534	649	185	300	232	407	105	106	476	435	789	311	380	423	198	885	336	876	200	438	103	119	992	978	412	162	714	617	323	382	233	393	332	31	370	314	776	920	986	32	457	513	135	713	367	166	325	808	448	298	83	73	415	660	405	853	233	441	603	801	
1079	754	265	762	465	615	400	844	931	347	709	683	144	82	272	881	880	249	760	521	804	70	998	371	456	247	359	66	92	159	230	546	231	214	689	310	541	928	186	809	132	513	456	931	417	999	895	918	336	225	878	410	979	798	848	350	746	977	990	471	380	636	203	134	309	203	983	789	497	658	623	250	752	553	781	384	411	743	148	50	254	349	496	361	734	252	219	304	212	257	730	894	282	352	738	963	502	168	461	919	525	653	289	791	274	915	531	617	55	26	927	83	99	29	956	463	156	127	214	954	655	
1080	611	428	934	180	339	786	209	101	265	227	840	458	279	712	584	592	153	480	300	952	41	482	670	145	435	612	126	816	385	371	818	965	266	140	567	223	422	243	703	842	141	442	683	545	65	645	514	887	697	787	819	322	280	63	16	426	245	135	476	870	196	749	318	464	621	133	134	514	155	326	663	8	664	260	549	80	407	573	233	648	42	859	148	631	653	762	216	143	459	634	133	537	631	398	410	729	509	942	146	707	618	915	946	759	474	417	495	393	745	369	85	36	132	752	6	767	616	634	599	648	
1081	211	282	993	354	984	527	193	523	377	372	692	644	473	47	101	811	385	65	971	967	258	53	521	279	25	441	83	842	320	829	302	294	939	826	343	245	289	973	599	157	748	603	285	511	889	567	820	515	603	594	534	945	349	298	122	91	208	758	90	985	884	977	544	829	394	998	850	169	985	227	235	437	335	424	460	949	99	817	243	258	17	442	195	768	109	851	396	312	331	285	228	615	206	60	126	359	888	821	243	900	98	873	702	985	924	907	123	668	695	214	11	8	305	994	761	434	121	385	753	982	
1082	141	634	50	822	429	345	651	236	272	408	199	2	209	679	563	34	915	874	598	621	582	842	405	420	122	201	464	320	748	840	741	584	167	371	60	620	381	808	611	224	654	931	579	731	864	86	690	688	104	471	578	476	152	234	313	745	793	409	59	299	427	921	294	458	67	663	860	839	83	667	438	138	296	20	462	131	417	227	790	879	619	140	199	677	565	995	37	474	928	515	633	466	782	269	247	368	960	431	650	608	344	619	700	539	246	649	722	475	313	647	814	639	164	496	271	528	332	243	639	997	
1083	271	820	653	119	235	201	796	830	522	77	407	916	206	28	187	647	652	749	618	643	738	852	432	930	84	281	453	374	876	321	212	533	355	467	508	611	483	429	956	382	712	7	372	654	983	888	345	132	324	81	538	437	898	287	993	902	679	469	996	18	406	577	517	266	681	101	334	77	222	961	873	112	705	751	919	591	579	343	783	588	890	541	561	831	145	871	563	856	681	987	53	233	583	41	280	991	784	4	20	738	435	735	234	307	366	837	191	630	940	290	235	696	733	328	672	139	502	653	119	287	
1084	971	407	395	9	103	143	52	665	135	342	229	722	981	537	976	558	777	613	852	785	223	478	160	701	932	207	774	73	815	835	787	987	309	195	751	292	597	712	512	483	670	196	820	924	997	708	686	234	763	33	208	914	167	720	475	803	984	86	866	971	838	463	902	35	265	673	725	422	578	101	996	94	537	62	423	496	750	717	798	577	972	115	595	904	818	208	625	206	868	884	415	691	802	421	733	211	392	217	383	97	774	388	151	282	808	611	127	134	432	498	160	931	26	947	477	178	401	160	387	542	
1085	531	525	970	388	395	178	858	152	554	194	396	208	694	114	992	75	28	124	383	675	491	411	872	998	432	797	169	738	294	793	603	212	841	779	622	338	579	853	944	994	70	505	176	506	338	581	95	74	458	317	98	871	106	215	65	945	364	371	155	486	299	202	110	984	215	97	9	229	899	702	669	815	731	66	836	355	146	503	696	597	858	179	911	780	790	725	173	137	653	120	194	902	135	159	478	677	941	808	571	774	484	156	394	261	626	805	88	43	444	624	754	44	79	893	534	762	422	189	20	528	
1086	444	886	305	498	71	51	753	658	184	754	676	37	671	638	358	963	291	724	227	297	177	229	104	320	516	688	473	691	38	591	820	552	310	677	382	51	299	334	589	896	832	856	78	928	264	617	184	837	428	313	321	737	954	705	143	668	280	708	937	949	569	101	631	819	399	793	119	732	531	526	546	533	537	716	654	563	671	243	965	162	367	734	414	836	770	463	978	564	752	706	242	123	30	622	328	755	263	769	99	443	942	988	662	338	490	719	139	319	955	589	676	272	828	412	122	865	162	478	410	800	
1087	339	845	575	228	995	726	105	325	918	274	129	500	542	499	895	524	792	941	76	669	655	973	856	477	81	662	370	762	654	454	824	582	574	264	935	227	378	91	501	953	399	892	398	431	174	759	980	110	711	692	450	620	367	727	186	615	559	848	93	920	288	805	436	883	692	85	36	884	470	670	391	156	916	568	665	748	795	900	416	897	29	464	792	713	119	796	190	421	438	562	587	783	675	145	19	86	51	26	286	311	588	391	647	46	949	217	84	726	246	57	685	869	72	857	960	35	926	483	147	245	
1088	282	68	285	967	369	382	796	253	105	989	643	750	934	492	446	59	348	237	426	294	886	617	489	555	303	312	3	37	308	459	847	787	322	327	851	780	820	149	496	745	936	257	577	363	659	968	285	885	842	285	171	635	418	933	326	891	834	409	825	858	472	876	92	235	824	822	696	659	60	600	840	520	737	169	760	836	374	73	666	308	875	52	71	198	743	936	587	650	850	851	660	192	157	807	788	266	534	47	61	75	96	367	124	649	787	542	937	199	408	87	566	822	991	937	494	230	324	588	889	871	
1089	205	997	836	532	476	382	266	27	235	209	197	152	665	285	212	198	464	340	414	999	948	369	934	799	6	834	283	377	663	23	210	418	9	347	448	213	762	427	162	711	354	429	352	436	903	435	138	681	455	224	673	836	479	866	225	737	593	272	997	566	363	886	100	161	373	711	451	729	130	186	659	58	340	264	796	605	538	557	130	782	611	101	559	360	319	257	593	78	307	250	477	540	470	550	516	702	538	648	357	126	469	796	308	908	168	819	713	761	679	276	204	412	459	813	816	225	765	848	709	231	
1090	232	754	393	888	494	282	831	320	975	911	670	481	265	973	933	783	454	984	457	25	391	688	244	32	917	652	1	233	884	325	899	84	474	788	670	411	302	231	710	502	532	16	767	223	544	758	869	98	16	648	765	927	343	455	620	98	768	203	238	723	256	737	81	274	719	236	899	645	503	274	562	606	182	40	347	942	457	152	52	63	914	209	670	88	212	456	645	929	507	534	474	122	722	554	451	80	271	145	289	624	497	99	906	654	813	976	552	936	469	882	419	598	347	564	602	565	485	420	559	69	
1091	101	924	208	218	928	976	20	459	27	30	730	92	11	168	871	339	47	440	387	988	524	968	361	236	304	515	302	290	617	434	726	744	590	787	571	321	321	920	887	331	323	764	932	502	552	67	57	693	869	818	600	757	199	68	742	828	181	503	595	165	169	639	683	112	851	945	460	246	743	451	976	30	632	882	621	818	117	691	676	838	522	942	767	697	802	848	174	860	180	952	860	515	972	444	925	114	891	29	474	387	281	265	785	421	482	919	7	70	103	888	463	988	479	516	664	904	309	874	753	92	
1092	853	400	695	232	651	404	710	183	351	103	469	800	962	80	159	98	165	184	626	760	946	660	687	907	228	186	577	777	708	151	843	669	21	104	926	703	890	880	955	358	439	418	470	243	902	599	925	399	123	369	800	647	913	473	432	903	214	118	860	501	580	704	154	464	650	748	307	449	931	544	626	976	37	146	166	330	581	116	422	697	977	898	309	565	437	615	47	26	826	597	234	161	484	555	856	452	915	460	644	612	605	862	522	525	873	600	277	93	559	607	147	233	894	459	211	696	302	302	843	460	
1093	877	891	910	779	817	342	489	976	24	81	346	808	32	4	190	588	212	698	413	996	786	316	477	28	859	274	234	53	717	924	85	112	102	126	283	425	802	491	359	441	39	707	882	35	991	920	82	804	533	893	409	117	636	240	528	674	796	906	683	368	550	652	246	35	234	412	288	445	398	440	239	366	994	482	765	384	947	909	474	130	773	807	49	512	876	184	175	649	316	618	857	993	223	944	446	847	655	860	318	465	157	652	304	791	498	773	82	782	539	867	564	855	954	488	78	839	963	971	676	215	
1094	866	118	270	433	211	813	446	334	223	771	172	439	80	587	436	44	589	465	453	217	252	786	481	989	159	87	584	321	218	910	317	132	747	370	145	76	651	12	174	127	428	362	622	267	932	118	6	947	345	626	525	627	237	660	730	142	149	908	605	414	260	221	419	587	229	131	88	319	720	794	129	474	740	112	936	242	975	788	419	942	98	54	654	690	329	240	304	333	497	990	284	673	762	114	130	251	455	395	477	300	899	143	853	703	903	591	64	396	234	482	44	580	80	84	97	526	518	672	53	297	
1095	556	143	499	643	556	808	2	978	770	983	657	228	204	572	261	996	446	327	33	524	714	698	70	626	293	244	527	820	563	879	428	949	142	533	101	312	907	31	73	453	638	877	303	234	48	261	486	276	101	341	192	918	459	179	204	248	871	480	588	812	986	296	468	565	61	870	349	505	224	53	352	713	929	497	582	470	675	575	760	638	293	323	651	975	621	505	198	868	20	862	575	21	404	871	282	28	239	170	155	445	258	116	311	765	418	546	110	279	550	156	428	155	69	87	920	120	497	371	548	507	
1096	740	86	841	441	84	854	577	847	513	169	381	385	906	309	954	890	560	775	262	991	859	881	234	789	515	784	961	381	456	941	904	765	68	994	613	954	95	519	860	898	347	773	120	750	97	828	336	208	139	664	811	89	452	401	996	822	853	995	433	660	658	418	128	553	92	906	475	189	352	503	935	186	952	88	191	584	40	930	302	548	483	370	573	785	223	618	433	919	647	40	960	483	320	603	198	368	198	632	123	861	215	380	960	350	672	507	450	351	71	336	957	94	625	221	220	257	140	589	176	72	
1097	913	528	628	2	776	1000	200	601	786	205	303	492	847	807	270	451	619	472	444	974	117	740	415	427	817	449	72	388	418	266	586	543	108	606	334	712	801	830	587	580	418	463	317	743	488	221	443	65	523	393	413	749	467	804	550	354	725	748	262	597	97	150	612	198	90	229	234	674	429	393	144	481	614	132	166	977	471	49	372	891	585	606	277	612	928	404	155	702	483	860	252	152	274	148	310	180	595	915	655	864	533	33	32	551	662	466	738	880	83	620	642	599	143	527	673	227	934	205	895	832	
1098	554	929	117	412	526	152	961	790	976	389	402	106	965	722	334	892	746	850	661	269	598	915	999	499	131	475	474	35	279	281	238	584	389	342	237	96	882	691	149	421	981	852	392	721	118	462	670	830	275	549	673	557	54	329	961	766	347	946	449	367	337	601	178	520	414	465	542	334	528	22	880	662	58	157	690	845	987	348	71	510	149	43	18	827	237	172	191	487	198	582	464	724	731	456	811	721	469	204	210	182	881	18	194	962	822	647	65	597	549	485	577	466	954	165	250	383	34	970	223	480	
1099	736	280	480	222	757	360	10	953	694	168	352	765	398	123	969	682	754	267	144	116	824	828	971	832	514	904	345	974	333	195	527	112	991	871	901	746	960	115	876	451	160	23	675	411	426	140	139	69	679	497	311	175	94	529	32	415	546	195	952	456	412	306	917	270	859	663	369	574	66	731	79	178	825	369	568	460	142	707	128	672	477	172	274	854	333	518	395	128	950	557	101	825	672	892	978	255	13	830	389	691	922	696	883	535	305	245	103	655	899	961	559	202	204	923	865	690	895	164	74	187	
1100	637	504	297	888	49	934	677	52	694	48	185	384	562	752	249	681	907	936	453	896	799	865	932	773	829	500	859	444	740	54	63	887	67	529	495	612	545	817	165	272	862	92	319	388	481	958	537	192	59	611	413	341	19	678	622	95	724	178	944	418	276	55	484	668	159	664	452	244	140	162	378	898	853	847	229	415	205	972	406	238	157	792	736	523	183	134	55	706	815	92	402	571	942	301	972	781	673	980	839	193	266	938	994	313	405	298	996	488	782	235	657	915	569	494	566	273	521	337	39	607	
1101	482	633	735	737	288	300	17	889	438	201	714	883	921	717	365	469	13	268	480	628	227	810	552	647	854	150	967	27	662	944	957	552	12	140	284	724	175	575	401	999	350	257	72	319	87	276	295	445	448	940	269	759	164	480	796	959	896	912	294	828	222	623	844	767	930	603	372	337	699	851	579	411	916	136	145	734	148	422	573	485	643	477	49	719	462	236	832	521	228	685	20	348	97	191	588	618	371	343	998	535	796	512	434	750	456	838	56	353	87	165	761	421	61	287	860	957	344	205	698	798	
1102	637	692	147	175	86	598	393	288	320	707	182	138	663	467	854	641	538	770	998	626	70	955	533	983	417	981	447	467	540	900	4	865	416	163	80	240	468	281	669	826	901	50	206	901	504	416	780	497	284	801	327	451	964	874	317	577	787	540	303	991	416	638	36	754	4	835	837	651	826	206	628	942	95	195	831	764	418	408	33	702	533	204	362	291	156	398	789	131	262	209	699	116	266	502	775	101	332	187	474	970	600	635	511	719	85	86	417	144	654	267	331	289	149	347	657	305	289	871	574	285	
1103	973	877	242	314	14	11	882	198	244	877	259	325	458	702	892	160	980	156	425	643	514	844	873	635	910	898	695	489	334	350	798	806	590	675	736	807	158	58	424	42	572	231	551	257	795	106	12	552	676	304	263	682	60	491	728	904	350	71	627	444	218	710	87	803	671	303	776	481	844	907	409	250	53	88	917	214	692	1	288	364	55	181	50	786	281	871	244	972	739	295	774	563	883	695	384	224	829	32	968	401	378	765	403	771	111	600	399	266	359	725	512	572	771	12	145	996	945	266	166	334	
1104	218	776	582	154	95	809	670	530	430	961	351	759	58	95	808	17	216	3	509	932	524	132	633	26	315	950	376	53	243	590	54	920	624	313	724	14	152	834	612	13	969	370	443	452	889	525	126	283	750	11	64	241	96	948	803	636	676	63	781	996	746	268	909	577	593	497	238	607	553	586	163	599	417	781	275	544	650	853	672	269	852	436	306	48	120	343	817	655	45	821	323	327	7	536	11	71	573	247	163	310	201	779	611	615	374	816	474	587	341	358	796	112	232	33	940	273	491	358	748	989	
1105	600	908	597	170	849	183	728	76	916	564	122	450	243	115	237	40	68	686	829	250	210	258	563	204	825	390	298	787	385	380	550	547	743	693	982	595	553	354	655	214	128	992	739	403	931	780	953	215	633	119	143	113	391	923	846	679	267	103	901	103	704	832	864	744	564	633	586	626	342	859	265	163	11	328	321	76	682	45	260	763	807	935	632	346	310	599	33	632	857	856	553	679	947	400	469	78	645	166	978	287	264	443	288	467	893	940	421	5	154	295	501	381	694	619	793	350	959	733	509	641	
1106	376	655	739	329	789	212	429	307	292	117	355	793	258	227	735	141	451	518	102	193	553	796	363	597	453	584	971	449	878	201	113	140	952	302	491	260	343	254	277	606	500	428	516	448	327	434	173	93	814	789	567	697	484	346	838	325	669	896	42	782	297	350	288	505	664	750	591	426	45	66	398	333	374	725	211	172	82	270	55	51	468	105	512	216	391	126	767	654	59	238	844	772	359	203	238	362	79	951	143	708	56	664	168	554	913	58	561	958	597	942	19	127	878	730	569	654	756	192	940	400	
1107	124	103	428	608	392	635	189	789	250	468	569	639	608	563	299	982	867	668	758	885	434	3	867	763	624	747	269	928	145	519	347	486	457	533	806	459	789	983	131	948	222	100	595	467	307	391	569	164	518	854	804	301	811	309	86	940	676	340	739	669	896	959	246	460	69	524	385	504	347	618	140	961	835	24	952	924	176	524	172	604	309	350	751	370	144	307	567	640	469	326	794	147	901	316	123	552	256	222	463	976	97	941	136	727	754	977	1	193	944	970	348	701	767	907	841	31	121	732	367	729	
1108	359	584	401	161	477	736	905	939	450	990	747	312	486	6	467	570	605	918	706	418	498	608	112	509	959	200	858	438	616	278	252	183	385	78	416	755	700	582	456	38	16	503	328	878	86	448	128	803	542	231	696	182	546	201	53	150	921	309	67	872	359	292	587	144	722	667	512	307	1000	428	164	327	408	194	640	693	174	588	748	902	635	892	107	900	315	112	227	234	121	304	283	975	193	209	366	926	444	793	720	753	833	476	14	816	97	607	779	269	12	59	551	242	411	668	522	781	374	59	899	930	
1109	368	770	145	646	28	244	986	606	86	176	574	647	732	13	672	5	869	943	356	698	997	626	895	152	216	934	808	658	34	820	404	75	111	967	560	382	254	134	475	943	227	193	793	26	637	426	992	36	533	511	788	694	273	245	326	585	312	439	581	630	767	535	219	565	723	187	939	897	127	276	473	641	320	955	283	386	671	845	798	772	968	497	709	994	265	775	229	118	852	308	940	124	184	611	860	141	53	382	850	983	159	861	988	867	53	53	155	208	282	813	813	782	196	326	805	725	315	305	927	911	
1110	221	342	571	486	873	745	675	533	910	102	32	526	409	957	773	2	256	137	570	422	435	914	82	825	293	846	79	272	18	969	572	839	267	251	930	145	704	217	559	714	310	118	573	747	697	11	655	326	204	733	921	778	70	679	672	353	103	607	80	256	515	533	389	679	870	441	67	65	977	852	402	270	988	99	660	775	757	175	329	74	407	760	470	775	407	611	465	162	403	945	352	587	28	794	938	674	701	2	141	190	356	83	722	759	225	555	951	298	644	936	59	182	92	809	327	573	317	374	123	685	
1111	795	119	320	740	553	171	553	465	101	680	431	760	37	25	558	12	544	932	44	743	942	558	938	585	320	438	372	537	329	528	315	819	101	133	552	395	536	792	395	881	915	740	206	902	74	565	235	678	201	461	173	389	537	984	214	623	510	273	804	987	531	6	721	663	887	282	579	226	705	722	938	470	466	514	897	517	179	744	174	494	671	688	885	247	994	18	537	581	674	442	4	450	660	567	2	382	490	286	969	25	644	559	732	696	788	24	929	830	31	712	110	373	945	135	347	469	744	717	788	12	
1112	384	150	662	397	738	836	359	789	697	258	839	631	424	218	198	761	359	925	160	238	71	205	98	559	617	232	230	683	423	735	339	292	371	616	689	45	190	561	83	208	132	718	741	644	814	724	952	40	207	15	12	105	636	433	630	362	86	948	498	332	162	498	395	595	738	747	312	140	885	95	217	484	573	660	595	587	512	930	879	593	89	61	754	95	439	659	801	209	22	871	267	210	636	549	651	264	191	695	110	74	926	479	530	432	69	597	984	522	213	100	771	468	123	200	937	368	192	635	386	340	
1113	184	550	461	71	479	756	620	497	811	217	8	169	872	733	877	269	777	588	443	367	689	595	490	263	768	210	476	127	928	497	467	359	505	854	926	602	538	462	294	24	184	257	957	150	324	179	721	883	720	576	805	333	434	424	794	755	373	940	204	620	764	960	687	952	720	9	908	117	788	696	158	973	175	879	402	157	465	92	950	993	914	604	689	990	263	42	292	985	590	824	495	567	717	700	567	932	918	567	567	183	950	795	700	374	110	523	518	390	816	871	555	974	118	423	942	364	688	336	280	400	
1114	277	454	776	20	56	60	11	763	641	831	818	95	734	953	324	821	116	105	33	17	324	609	337	61	506	732	230	805	834	759	47	992	508	880	39	953	538	356	198	47	367	717	557	417	362	724	823	878	378	195	254	292	365	495	892	439	116	996	580	901	241	881	40	312	284	269	132	452	994	497	99	673	136	8	848	458	470	670	632	351	591	981	134	57	847	373	46	756	542	292	854	314	901	268	322	285	326	509	976	340	753	299	691	442	364	345	587	884	955	685	877	50	521	582	271	239	501	484	39	716	
1115	415	940	802	565	394	973	471	450	185	777	258	479	425	247	962	261	599	191	13	888	819	288	749	192	814	179	495	693	842	943	758	577	10	479	942	858	274	601	397	959	344	425	271	243	778	637	273	288	802	986	981	751	824	655	264	421	886	584	993	735	82	430	828	881	495	253	197	811	5	950	632	414	658	486	256	294	113	567	223	168	146	285	582	125	298	604	845	583	237	200	93	44	305	772	372	625	141	335	921	633	689	524	176	166	496	514	984	519	491	572	859	947	56	848	190	308	691	125	547	7	
1116	185	507	444	1	769	807	217	452	710	816	404	513	268	301	128	457	811	342	911	754	555	967	393	811	652	71	932	922	508	625	581	265	917	298	166	897	358	53	552	557	808	171	843	738	116	783	163	229	827	105	941	822	718	601	835	691	887	607	804	760	408	840	752	926	219	883	82	801	305	533	623	583	583	698	846	870	141	365	696	268	529	866	650	621	860	786	89	369	427	535	141	284	313	688	921	66	898	335	474	602	443	640	605	514	897	693	182	28	480	65	711	887	29	641	790	465	613	818	530	444	
1117	710	31	886	7	169	583	462	212	75	260	195	205	39	539	567	600	572	27	108	403	329	375	398	959	262	216	137	977	192	23	212	666	878	505	967	410	18	419	120	864	650	768	324	853	360	417	117	219	638	732	319	944	182	489	967	631	449	193	38	480	678	759	898	190	365	699	5	274	941	741	211	774	187	967	742	253	971	558	236	33	12	754	412	269	80	268	996	341	809	392	342	18	546	883	885	738	156	390	563	879	680	44	596	614	237	464	816	100	282	235	156	4	238	957	219	612	982	793	812	833	
1118	894	540	87	501	98	21	262	819	66	974	177	948	616	533	200	937	45	154	385	363	583	270	75	212	148	349	803	353	863	135	299	707	650	893	15	823	669	314	929	42	318	888	648	424	74	741	101	775	595	213	470	96	691	970	638	414	703	488	508	394	303	150	147	525	789	283	427	455	812	933	357	401	611	496	605	830	754	868	331	895	716	224	82	327	438	502	301	979	479	103	222	39	496	968	537	773	310	597	313	151	302	741	145	823	120	70	494	852	15	723	891	792	576	267	245	409	265	580	120	165	
1119	735	41	497	316	630	774	658	390	35	34	93	940	67	342	357	358	427	292	916	10	809	462	548	822	430	815	661	331	843	367	42	405	706	125	407	424	566	680	206	77	110	711	506	549	862	674	171	549	158	112	180	914	790	706	433	439	882	480	677	589	859	298	875	699	183	466	451	510	442	992	559	58	877	598	582	978	310	390	553	252	703	592	77	160	27	736	1000	355	566	64	15	783	125	618	975	197	111	192	811	750	82	431	518	734	704	785	17	98	451	650	375	204	279	278	6	740	575	113	225	601	
1120	687	972	680	296	941	312	492	744	191	872	647	236	700	234	72	40	191	242	270	94	367	700	316	413	9	873	365	650	380	667	153	112	533	884	769	261	940	204	512	117	255	522	962	586	182	445	753	572	335	659	182	902	363	873	373	713	456	548	308	629	296	312	861	653	922	519	633	298	664	860	896	875	473	920	943	740	711	541	561	372	267	474	777	771	216	662	30	796	125	944	96	351	303	190	210	858	471	684	577	849	679	840	620	676	531	428	397	232	638	268	455	752	706	328	255	758	716	187	120	356	
