30
1	1	23	1001	1002	1004	1005	1007	1009	1010	1012	1013	1014	1016	1027	1034	1037	1040	1044	1045	1048	1049	1050	1054	1055	1056	
2	2	44	1001	1002	1003	1004	1006	1008	1009	1010	1013	1016	1017	1018	1020	1021	1022	1023	1024	1025	1027	1028	1030	1032	1033	1034	1036	1037	1038	1039	1040	1041	1042	1043	1044	1045	1046	1047	1050	1051	1053	1054	1055	1056	1058	1059	
3	3	48	1001	1002	1003	1004	1005	1006	1008	1009	1010	1011	1012	1013	1014	1016	1017	1018	1019	1020	1021	1022	1023	1024	1028	1029	1030	1031	1033	1034	1036	1037	1038	1041	1042	1043	1044	1045	1046	1048	1049	1050	1051	1052	1053	1055	1056	1058	1059	1060	
4	4	31	1001	1003	1004	1006	1008	1010	1011	1012	1013	1015	1017	1019	1021	1025	1028	1029	1030	1031	1034	1036	1037	1038	1039	1040	1041	1049	1051	1052	1053	1055	1060	
5	5	57	1001	1002	1003	1004	1005	1006	1007	1008	1009	1010	1011	1012	1013	1014	1015	1016	1017	1018	1019	1020	1021	1022	1023	1024	1025	1026	1029	1030	1031	1032	1033	1034	1035	1036	1037	1038	1039	1040	1041	1042	1043	1044	1045	1046	1047	1048	1049	1050	1051	1052	1053	1054	1055	1056	1057	1059	1060	
6	6	39	1002	1003	1004	1005	1006	1007	1008	1009	1010	1013	1017	1019	1021	1022	1024	1026	1027	1028	1029	1030	1032	1034	1035	1038	1039	1042	1045	1046	1047	1048	1049	1050	1051	1052	1055	1056	1057	1058	1059	
7	7	55	1001	1002	1003	1004	1005	1006	1007	1008	1009	1010	1011	1012	1015	1016	1017	1018	1019	1020	1021	1022	1024	1025	1026	1027	1028	1029	1030	1031	1032	1034	1035	1037	1038	1039	1040	1041	1042	1043	1044	1045	1046	1047	1048	1049	1050	1051	1052	1053	1054	1055	1056	1057	1058	1059	1060	
8	8	41	1001	1003	1005	1007	1008	1009	1010	1013	1014	1017	1018	1019	1020	1021	1023	1024	1026	1027	1028	1029	1030	1031	1034	1035	1036	1037	1038	1039	1041	1042	1043	1044	1046	1047	1049	1051	1052	1053	1055	1058	1059	
9	9	45	1001	1002	1003	1004	1005	1006	1008	1009	1010	1011	1012	1013	1014	1015	1016	1017	1018	1021	1023	1024	1026	1027	1028	1029	1030	1031	1032	1033	1035	1036	1037	1038	1039	1040	1041	1043	1044	1045	1046	1048	1049	1050	1051	1053	1054	
10	10	27	1001	1002	1004	1005	1008	1009	1010	1011	1014	1016	1017	1023	1024	1025	1032	1034	1037	1038	1039	1042	1044	1046	1047	1052	1053	1056	1057	
11	11	42	1001	1003	1004	1005	1008	1010	1012	1014	1017	1018	1019	1020	1021	1022	1023	1024	1025	1027	1029	1030	1031	1032	1033	1034	1035	1036	1037	1038	1039	1040	1041	1042	1045	1046	1047	1048	1052	1053	1054	1056	1057	1060	
12	12	21	1003	1009	1010	1016	1020	1023	1024	1025	1028	1029	1032	1033	1036	1040	1044	1048	1051	1054	1057	1058	1059	
13	13	15	1004	1011	1012	1017	1018	1021	1033	1037	1039	1040	1041	1045	1050	1053	1058	
14	14	32	1003	1004	1005	1006	1007	1008	1010	1011	1013	1016	1018	1019	1020	1022	1024	1025	1031	1035	1037	1041	1044	1045	1048	1049	1051	1054	1055	1056	1057	1058	1059	1060	
15	15	31	1001	1003	1004	1006	1007	1010	1011	1016	1017	1020	1022	1023	1024	1029	1034	1035	1037	1038	1039	1041	1044	1046	1048	1049	1051	1053	1054	1055	1056	1059	1060	
16	16	39	1001	1002	1004	1006	1009	1010	1011	1012	1013	1014	1015	1017	1020	1022	1023	1024	1025	1026	1028	1029	1030	1031	1035	1037	1038	1040	1041	1042	1043	1044	1047	1048	1051	1053	1054	1055	1056	1057	1059	
17	17	59	1001	1002	1003	1004	1005	1006	1007	1008	1009	1010	1011	1012	1013	1014	1016	1017	1018	1019	1020	1021	1022	1023	1024	1025	1026	1027	1028	1029	1030	1031	1032	1033	1034	1035	1036	1037	1038	1039	1040	1041	1042	1043	1044	1045	1046	1047	1048	1049	1050	1051	1052	1053	1054	1055	1056	1057	1058	1059	1060	
18	18	48	1001	1002	1004	1005	1006	1007	1008	1009	1011	1012	1013	1014	1015	1016	1017	1019	1020	1021	1022	1023	1024	1025	1026	1027	1028	1029	1030	1031	1032	1033	1034	1036	1041	1042	1043	1044	1045	1046	1047	1048	1049	1051	1052	1055	1057	1058	1059	1060	
19	19	56	1001	1002	1003	1004	1005	1006	1007	1008	1010	1011	1012	1013	1014	1015	1016	1017	1019	1020	1021	1022	1023	1024	1025	1026	1027	1028	1029	1030	1031	1032	1033	1034	1035	1036	1037	1038	1039	1040	1041	1042	1043	1045	1046	1047	1048	1049	1050	1051	1052	1053	1054	1056	1057	1058	1059	1060	
20	20	23	1006	1007	1010	1011	1012	1013	1019	1025	1027	1028	1032	1035	1040	1042	1045	1046	1049	1050	1052	1054	1055	1056	1057	
21	21	60	1001	1002	1003	1004	1005	1006	1007	1008	1009	1010	1011	1012	1013	1014	1015	1016	1017	1018	1019	1020	1021	1022	1023	1024	1025	1026	1027	1028	1029	1030	1031	1032	1033	1034	1035	1036	1037	1038	1039	1040	1041	1042	1043	1044	1045	1046	1047	1048	1049	1050	1051	1052	1053	1054	1055	1056	1057	1058	1059	1060	
22	22	14	1002	1007	1010	1015	1016	1017	1018	1021	1040	1046	1048	1052	1053	1056	
23	23	26	1002	1004	1006	1007	1015	1018	1021	1027	1030	1031	1032	1033	1035	1037	1038	1039	1041	1043	1044	1048	1049	1051	1055	1056	1058	1060	
24	24	54	1001	1002	1003	1004	1006	1007	1008	1009	1010	1011	1012	1014	1015	1016	1017	1018	1020	1021	1022	1023	1024	1025	1026	1027	1028	1029	1030	1031	1032	1033	1034	1036	1037	1038	1039	1040	1041	1042	1043	1044	1045	1046	1048	1049	1050	1051	1052	1053	1054	1055	1056	1058	1059	1060	
25	25	51	1001	1003	1004	1005	1006	1007	1008	1009	1010	1011	1012	1013	1016	1017	1018	1020	1021	1022	1023	1025	1026	1027	1028	1030	1031	1032	1034	1035	1036	1038	1039	1040	1041	1042	1043	1044	1045	1046	1047	1048	1049	1050	1051	1052	1053	1054	1056	1057	1058	1059	1060	
26	26	56	1001	1002	1003	1004	1005	1006	1007	1008	1009	1010	1011	1012	1013	1014	1015	1016	1017	1018	1019	1020	1022	1023	1024	1025	1026	1027	1028	1029	1031	1032	1033	1034	1035	1036	1037	1038	1039	1040	1041	1043	1044	1045	1046	1047	1048	1049	1050	1051	1052	1053	1054	1055	1056	1057	1058	1060	
27	27	35	1001	1003	1004	1005	1007	1008	1009	1011	1012	1015	1016	1018	1021	1022	1023	1024	1025	1027	1029	1031	1034	1036	1042	1043	1044	1045	1046	1048	1051	1053	1054	1055	1057	1059	1060	
28	28	47	1001	1002	1003	1004	1006	1007	1008	1010	1011	1012	1013	1014	1016	1017	1018	1019	1021	1022	1024	1025	1026	1027	1029	1031	1033	1034	1035	1036	1037	1038	1040	1041	1042	1043	1044	1045	1047	1050	1051	1052	1054	1055	1056	1057	1058	1059	1060	
29	29	36	1001	1004	1005	1007	1008	1009	1010	1011	1012	1013	1014	1015	1016	1018	1019	1025	1026	1029	1030	1031	1033	1034	1035	1036	1037	1040	1041	1042	1044	1046	1047	1048	1054	1055	1059	1060	
30	30	16	1001	1005	1009	1011	1012	1013	1014	1015	1016	1026	1032	1039	1041	1042	1047	1050	
