30
1	1	55	1002	1003	1004	1005	1006	1007	1008	1009	1010	1012	1013	1015	1018	1019	1022	1023	1024	1025	1027	1028	1029	1032	1036	1038	1039	1040	1041	1042	1045	1048	1050	1052	1053	1054	1056	1057	1060	1061	1062	1064	1066	1067	1068	1069	1072	1076	1077	1078	1079	1080	1081	1082	1084	1088	1090	
2	2	64	1001	1004	1005	1006	1007	1009	1010	1012	1013	1014	1016	1018	1019	1020	1021	1023	1024	1025	1026	1027	1029	1032	1033	1034	1035	1036	1037	1038	1039	1040	1042	1043	1044	1047	1048	1051	1052	1054	1055	1056	1057	1058	1059	1060	1061	1062	1063	1065	1066	1067	1068	1069	1070	1071	1074	1075	1079	1082	1084	1085	1086	1087	1088	1089	
3	3	71	1001	1002	1003	1005	1006	1007	1008	1010	1011	1012	1014	1015	1016	1017	1019	1020	1021	1022	1023	1024	1025	1026	1027	1028	1030	1031	1032	1033	1035	1036	1037	1038	1040	1041	1042	1043	1044	1045	1047	1051	1052	1054	1055	1056	1057	1058	1059	1060	1061	1062	1063	1064	1066	1067	1068	1071	1072	1073	1075	1076	1077	1078	1079	1080	1081	1082	1084	1086	1088	1089	1090	
4	4	29	1003	1004	1005	1011	1016	1021	1026	1027	1028	1030	1037	1040	1049	1051	1054	1055	1056	1057	1061	1062	1065	1066	1070	1076	1077	1078	1080	1086	1089	
5	5	71	1001	1002	1003	1005	1006	1007	1008	1009	1010	1011	1012	1013	1014	1018	1019	1020	1021	1022	1023	1024	1026	1027	1028	1029	1030	1031	1032	1034	1035	1036	1037	1040	1041	1044	1045	1046	1047	1048	1049	1051	1052	1054	1055	1057	1058	1059	1060	1062	1063	1064	1065	1066	1067	1068	1070	1071	1072	1074	1075	1077	1078	1079	1080	1082	1083	1084	1085	1086	1087	1088	1090	
6	6	65	1002	1004	1005	1006	1007	1009	1010	1012	1013	1014	1015	1016	1017	1019	1021	1022	1024	1025	1027	1028	1029	1031	1032	1033	1034	1035	1036	1038	1039	1040	1043	1045	1046	1047	1048	1049	1050	1054	1056	1057	1059	1060	1062	1063	1064	1065	1066	1067	1068	1069	1071	1073	1074	1076	1079	1080	1081	1082	1083	1084	1085	1086	1087	1088	1090	
7	7	38	1002	1003	1007	1009	1012	1015	1016	1017	1018	1019	1024	1025	1028	1029	1034	1037	1038	1039	1040	1043	1044	1045	1049	1052	1057	1058	1060	1065	1069	1070	1071	1072	1074	1080	1081	1083	1087	1089	
8	8	36	1001	1005	1006	1007	1010	1014	1016	1019	1024	1025	1028	1030	1034	1037	1038	1040	1043	1045	1046	1051	1052	1054	1055	1056	1058	1062	1065	1068	1069	1070	1071	1072	1073	1078	1084	1090	
9	9	36	1001	1017	1018	1020	1021	1023	1027	1028	1029	1030	1033	1036	1037	1038	1039	1041	1045	1046	1047	1048	1052	1053	1057	1063	1064	1066	1067	1069	1070	1074	1075	1077	1080	1084	1086	1089	
10	10	33	1001	1010	1015	1016	1020	1023	1025	1026	1030	1032	1034	1035	1037	1041	1043	1045	1047	1057	1058	1059	1060	1064	1065	1069	1072	1073	1074	1077	1080	1081	1082	1084	1089	
11	11	68	1001	1002	1004	1005	1006	1007	1008	1009	1010	1013	1014	1017	1020	1021	1022	1023	1025	1026	1027	1028	1029	1030	1031	1032	1033	1035	1037	1038	1039	1040	1041	1043	1044	1045	1047	1048	1050	1051	1053	1055	1056	1057	1058	1059	1060	1062	1063	1064	1065	1066	1067	1068	1069	1070	1071	1073	1074	1075	1076	1077	1078	1079	1080	1081	1083	1085	1087	1090	
12	12	85	1001	1002	1003	1004	1005	1006	1007	1008	1009	1010	1011	1012	1013	1014	1015	1016	1017	1018	1019	1020	1021	1022	1023	1024	1025	1026	1027	1028	1029	1031	1032	1033	1034	1035	1036	1037	1039	1040	1041	1042	1043	1044	1045	1046	1047	1048	1049	1050	1051	1052	1053	1054	1055	1056	1057	1059	1060	1061	1063	1064	1065	1066	1067	1068	1069	1070	1071	1072	1073	1074	1076	1077	1078	1079	1080	1081	1082	1083	1084	1085	1086	1087	1088	1089	1090	
13	13	22	1001	1006	1012	1013	1027	1028	1032	1039	1041	1045	1046	1050	1053	1056	1060	1063	1068	1074	1075	1077	1079	1090	
14	14	43	1001	1005	1006	1007	1008	1010	1012	1024	1026	1029	1031	1032	1033	1035	1037	1038	1039	1040	1041	1042	1044	1048	1051	1053	1057	1059	1060	1061	1064	1066	1067	1071	1072	1074	1075	1077	1082	1083	1084	1085	1086	1089	1090	
15	15	35	1002	1004	1008	1011	1015	1016	1023	1024	1025	1026	1033	1037	1038	1040	1043	1045	1046	1047	1048	1051	1056	1059	1060	1061	1068	1070	1074	1076	1080	1081	1082	1083	1086	1088	1090	
16	16	33	1002	1007	1013	1014	1019	1021	1022	1025	1027	1029	1033	1034	1035	1039	1040	1041	1043	1046	1049	1051	1052	1055	1058	1061	1062	1063	1064	1072	1074	1075	1080	1082	1087	
17	17	74	1001	1004	1005	1006	1007	1008	1009	1010	1011	1012	1013	1014	1016	1018	1020	1021	1022	1023	1024	1025	1026	1027	1028	1029	1030	1031	1032	1033	1034	1035	1038	1039	1040	1041	1042	1043	1044	1046	1047	1048	1051	1052	1053	1055	1056	1057	1058	1059	1060	1061	1062	1063	1065	1066	1068	1069	1070	1071	1072	1073	1074	1075	1076	1077	1079	1081	1082	1083	1084	1086	1087	1088	1089	1090	
18	18	53	1001	1005	1007	1009	1010	1012	1014	1018	1019	1020	1022	1023	1024	1025	1026	1028	1029	1030	1033	1037	1041	1042	1044	1045	1046	1047	1049	1051	1052	1053	1054	1055	1060	1061	1063	1064	1065	1066	1067	1069	1071	1073	1074	1076	1077	1080	1083	1084	1085	1086	1088	1089	1090	
19	19	74	1001	1002	1003	1004	1005	1006	1007	1008	1009	1010	1011	1012	1013	1014	1016	1017	1018	1020	1022	1023	1024	1025	1026	1027	1028	1029	1030	1032	1033	1034	1035	1038	1039	1040	1043	1044	1045	1046	1047	1048	1049	1050	1051	1052	1053	1054	1055	1056	1057	1059	1060	1063	1064	1066	1069	1070	1071	1072	1074	1075	1076	1077	1078	1079	1080	1081	1082	1083	1084	1086	1087	1088	1089	1090	
20	20	79	1001	1002	1003	1004	1005	1006	1007	1008	1009	1011	1012	1013	1014	1015	1016	1017	1018	1019	1020	1021	1022	1023	1024	1025	1026	1027	1028	1029	1030	1031	1032	1033	1035	1037	1038	1039	1040	1041	1042	1043	1044	1045	1047	1049	1050	1051	1052	1054	1055	1056	1057	1058	1059	1060	1061	1062	1063	1064	1065	1066	1067	1068	1069	1070	1071	1072	1073	1075	1076	1077	1078	1080	1081	1082	1086	1087	1088	1089	1090	
21	21	40	1003	1004	1005	1006	1010	1011	1016	1019	1020	1021	1027	1028	1030	1033	1034	1035	1039	1042	1044	1046	1052	1053	1054	1056	1058	1060	1061	1063	1065	1068	1069	1072	1075	1076	1077	1078	1082	1084	1086	1090	
22	22	62	1001	1002	1004	1006	1007	1009	1010	1011	1013	1014	1016	1018	1019	1021	1023	1024	1025	1026	1027	1028	1029	1030	1031	1032	1034	1035	1036	1037	1038	1041	1042	1044	1045	1046	1047	1048	1049	1050	1052	1054	1056	1057	1058	1059	1060	1061	1062	1065	1066	1068	1070	1071	1072	1073	1076	1077	1082	1083	1084	1086	1088	1089	
23	23	25	1004	1008	1010	1012	1018	1022	1025	1027	1036	1038	1042	1043	1044	1047	1053	1055	1056	1057	1059	1064	1066	1074	1082	1086	1088	
24	24	36	1004	1007	1010	1012	1015	1018	1023	1024	1025	1027	1029	1030	1032	1033	1034	1039	1042	1044	1045	1046	1048	1050	1054	1056	1057	1059	1060	1065	1067	1070	1072	1076	1083	1087	1088	1090	
25	25	85	1001	1003	1004	1005	1006	1007	1008	1009	1010	1011	1012	1013	1014	1016	1017	1018	1019	1020	1021	1022	1023	1024	1025	1026	1027	1028	1029	1030	1031	1032	1033	1034	1035	1036	1037	1038	1039	1040	1041	1042	1043	1044	1045	1046	1047	1048	1049	1050	1051	1052	1053	1054	1055	1056	1057	1058	1059	1060	1061	1062	1063	1064	1065	1066	1067	1069	1072	1073	1074	1075	1076	1077	1078	1079	1080	1081	1082	1083	1084	1085	1086	1087	1088	1089	1090	
26	26	51	1004	1005	1006	1007	1008	1009	1010	1011	1013	1014	1015	1017	1018	1019	1020	1022	1025	1026	1027	1029	1033	1034	1035	1036	1042	1043	1045	1051	1057	1058	1059	1060	1061	1062	1064	1067	1069	1071	1072	1073	1074	1075	1077	1078	1082	1083	1084	1085	1086	1088	1090	
27	27	74	1002	1003	1005	1006	1007	1008	1009	1010	1011	1012	1014	1015	1016	1017	1018	1019	1020	1021	1022	1024	1025	1026	1027	1028	1029	1030	1031	1032	1033	1034	1035	1036	1037	1038	1039	1040	1044	1045	1046	1048	1050	1051	1053	1054	1056	1058	1059	1060	1061	1062	1063	1064	1065	1066	1067	1068	1071	1072	1073	1075	1076	1077	1078	1079	1081	1082	1083	1084	1085	1086	1087	1088	1089	1090	
28	28	79	1001	1002	1003	1004	1005	1006	1007	1008	1009	1010	1011	1012	1013	1015	1016	1017	1018	1019	1020	1021	1022	1023	1024	1025	1026	1027	1028	1031	1032	1033	1034	1035	1036	1037	1038	1039	1040	1041	1042	1043	1044	1045	1047	1048	1049	1050	1051	1052	1053	1055	1056	1057	1058	1060	1062	1063	1064	1065	1066	1067	1068	1069	1070	1071	1072	1075	1076	1077	1080	1081	1082	1083	1084	1085	1086	1087	1088	1089	1090	
29	29	68	1001	1003	1004	1005	1006	1007	1008	1009	1010	1013	1014	1015	1016	1017	1018	1020	1021	1022	1023	1024	1025	1026	1027	1028	1029	1030	1031	1033	1034	1040	1041	1042	1043	1044	1048	1049	1050	1051	1053	1055	1056	1057	1058	1059	1060	1061	1064	1065	1066	1067	1068	1070	1071	1072	1076	1077	1078	1079	1080	1082	1083	1084	1085	1086	1087	1088	1089	1090	
30	30	72	1003	1004	1005	1008	1009	1010	1011	1012	1013	1014	1017	1018	1019	1020	1021	1022	1023	1024	1026	1028	1029	1030	1031	1032	1033	1034	1035	1036	1037	1039	1040	1041	1042	1043	1045	1048	1049	1052	1053	1054	1055	1057	1058	1059	1060	1061	1062	1063	1064	1065	1066	1067	1068	1069	1071	1072	1073	1074	1076	1077	1078	1080	1081	1082	1083	1084	1085	1086	1087	1088	1089	1090	
