60
1	1	23	1004	1005	1006	1008	1012	1017	1028	1029	1033	1035	1037	1047	1058	1060	1062	1063	1072	1078	1080	1083	1084	1089	1090	
2	2	31	1001	1008	1014	1020	1023	1024	1027	1029	1031	1032	1034	1035	1040	1041	1042	1044	1046	1047	1049	1050	1053	1054	1057	1059	1071	1073	1076	1077	1083	1088	1090	
3	3	28	1002	1005	1006	1007	1017	1028	1029	1034	1036	1039	1041	1043	1045	1048	1049	1051	1052	1055	1056	1060	1064	1068	1074	1076	1078	1082	1085	1086	
4	4	79	1001	1002	1003	1004	1005	1006	1007	1008	1009	1010	1012	1013	1014	1016	1018	1021	1022	1024	1025	1026	1027	1028	1029	1030	1031	1033	1034	1035	1036	1037	1038	1039	1040	1041	1042	1043	1044	1045	1046	1047	1048	1050	1051	1052	1053	1054	1055	1056	1058	1059	1060	1061	1062	1063	1064	1065	1066	1067	1068	1069	1070	1071	1072	1073	1074	1075	1076	1077	1078	1079	1080	1082	1084	1085	1086	1087	1088	1089	1090	
5	5	21	1015	1016	1018	1021	1028	1029	1031	1032	1039	1041	1042	1045	1046	1049	1053	1058	1063	1072	1073	1083	1084	
6	6	51	1001	1003	1004	1006	1008	1009	1012	1013	1018	1020	1022	1023	1026	1027	1030	1032	1033	1035	1037	1038	1039	1041	1042	1043	1044	1047	1049	1053	1056	1057	1058	1059	1061	1062	1063	1064	1065	1069	1071	1072	1074	1075	1076	1078	1079	1080	1081	1082	1087	1088	1090	
7	7	35	1003	1004	1006	1007	1011	1013	1015	1016	1017	1021	1023	1024	1025	1026	1027	1030	1034	1036	1049	1051	1052	1063	1065	1066	1067	1069	1072	1073	1075	1076	1079	1080	1083	1086	1089	
8	8	60	1001	1002	1003	1005	1006	1007	1011	1012	1013	1014	1017	1018	1019	1021	1022	1023	1025	1027	1028	1029	1031	1035	1037	1039	1040	1041	1042	1044	1046	1047	1050	1051	1052	1053	1054	1055	1056	1057	1059	1060	1061	1064	1066	1067	1069	1071	1072	1075	1076	1078	1079	1080	1081	1082	1083	1086	1087	1088	1089	1090	
9	9	71	1001	1002	1003	1004	1005	1007	1008	1009	1010	1012	1014	1015	1016	1017	1018	1019	1020	1021	1023	1024	1025	1026	1029	1031	1032	1033	1035	1036	1037	1038	1039	1041	1042	1044	1045	1046	1047	1048	1049	1050	1051	1052	1053	1054	1055	1056	1057	1058	1059	1060	1061	1062	1066	1067	1069	1070	1071	1072	1074	1075	1077	1078	1079	1081	1082	1083	1086	1087	1088	1089	1090	
10	10	49	1001	1002	1003	1007	1008	1009	1010	1011	1012	1013	1015	1016	1018	1019	1021	1024	1030	1033	1035	1036	1037	1038	1039	1042	1044	1045	1047	1048	1049	1050	1052	1053	1057	1058	1063	1066	1067	1070	1071	1074	1075	1076	1079	1083	1086	1087	1088	1089	1090	
11	11	33	1001	1002	1014	1016	1019	1020	1023	1025	1028	1031	1036	1037	1038	1041	1044	1045	1046	1048	1052	1055	1057	1061	1062	1064	1071	1073	1075	1080	1084	1086	1087	1088	1090	
12	12	69	1001	1002	1003	1006	1007	1008	1009	1011	1013	1014	1016	1017	1018	1019	1021	1022	1023	1024	1026	1027	1028	1030	1031	1032	1033	1034	1035	1036	1037	1038	1039	1041	1042	1043	1044	1046	1047	1048	1049	1051	1052	1055	1056	1058	1059	1060	1061	1065	1066	1067	1068	1069	1070	1071	1072	1074	1075	1076	1077	1078	1080	1081	1083	1085	1086	1087	1088	1089	1090	
13	13	74	1002	1004	1005	1006	1008	1009	1010	1011	1012	1013	1014	1016	1017	1018	1019	1020	1022	1023	1024	1025	1027	1028	1029	1030	1031	1032	1033	1034	1035	1036	1037	1038	1039	1040	1041	1042	1043	1046	1047	1048	1049	1050	1051	1053	1054	1055	1057	1058	1060	1061	1063	1064	1066	1067	1068	1069	1070	1072	1073	1074	1076	1077	1078	1079	1080	1081	1082	1083	1084	1085	1086	1087	1088	1090	
14	14	63	1001	1002	1003	1004	1005	1006	1008	1009	1010	1011	1013	1014	1016	1019	1020	1021	1022	1023	1024	1025	1027	1029	1030	1031	1033	1036	1037	1038	1040	1041	1042	1043	1044	1045	1046	1047	1048	1052	1053	1055	1059	1060	1063	1064	1065	1066	1067	1069	1070	1072	1073	1074	1075	1076	1077	1078	1079	1080	1082	1085	1086	1087	1089	
15	15	64	1002	1003	1004	1005	1006	1007	1008	1009	1010	1011	1012	1014	1015	1016	1019	1020	1022	1024	1026	1027	1028	1030	1032	1034	1035	1036	1038	1039	1041	1042	1043	1044	1046	1047	1049	1050	1051	1052	1054	1055	1056	1057	1058	1059	1062	1063	1064	1065	1066	1067	1068	1069	1070	1071	1072	1074	1076	1077	1079	1080	1081	1083	1087	1090	
16	16	24	1001	1002	1010	1026	1027	1029	1038	1046	1047	1053	1059	1060	1062	1064	1065	1070	1071	1073	1075	1084	1085	1086	1087	1090	
17	17	63	1002	1003	1004	1006	1007	1008	1009	1010	1011	1012	1013	1015	1018	1019	1020	1021	1022	1023	1025	1026	1030	1031	1032	1033	1034	1035	1036	1037	1039	1041	1042	1043	1044	1045	1046	1047	1049	1050	1053	1054	1055	1059	1062	1064	1065	1066	1068	1069	1071	1072	1073	1075	1076	1077	1078	1079	1080	1083	1084	1085	1086	1089	1090	
18	18	44	1003	1006	1007	1009	1011	1013	1015	1017	1018	1019	1020	1022	1026	1027	1029	1031	1035	1037	1038	1039	1040	1041	1042	1044	1047	1050	1052	1054	1058	1059	1060	1061	1073	1074	1077	1078	1079	1080	1081	1083	1084	1087	1088	1089	
19	19	86	1001	1002	1004	1005	1006	1007	1008	1009	1010	1011	1012	1013	1014	1015	1016	1017	1018	1019	1020	1021	1022	1023	1024	1026	1027	1028	1029	1030	1031	1032	1033	1035	1036	1037	1038	1039	1040	1041	1042	1043	1044	1045	1046	1047	1048	1049	1050	1051	1052	1053	1054	1055	1056	1057	1058	1059	1060	1061	1062	1063	1064	1065	1066	1067	1068	1069	1070	1071	1072	1073	1074	1075	1077	1078	1079	1080	1081	1082	1083	1084	1085	1086	1087	1088	1089	1090	
20	20	51	1003	1006	1007	1008	1009	1010	1011	1012	1014	1017	1018	1019	1022	1024	1025	1027	1029	1030	1031	1035	1037	1040	1041	1045	1047	1049	1051	1052	1053	1054	1056	1058	1059	1063	1064	1065	1066	1067	1069	1070	1071	1073	1076	1078	1079	1080	1083	1085	1086	1087	1090	
21	21	28	1002	1003	1009	1010	1011	1021	1023	1025	1027	1028	1029	1048	1054	1055	1059	1060	1061	1065	1070	1071	1072	1073	1077	1078	1082	1085	1087	1089	
22	22	87	1001	1002	1003	1004	1005	1006	1007	1008	1009	1010	1011	1012	1013	1014	1015	1016	1017	1018	1019	1020	1021	1022	1023	1024	1025	1026	1027	1028	1029	1030	1031	1032	1033	1034	1036	1037	1038	1039	1040	1041	1042	1043	1044	1045	1046	1047	1048	1049	1050	1051	1052	1053	1054	1055	1056	1057	1058	1059	1060	1061	1062	1063	1064	1065	1066	1067	1068	1069	1070	1072	1074	1075	1076	1077	1078	1079	1080	1081	1082	1083	1084	1085	1086	1087	1088	1089	1090	
23	23	85	1001	1002	1003	1004	1006	1007	1008	1009	1010	1011	1012	1013	1014	1015	1016	1018	1019	1020	1021	1022	1023	1025	1026	1027	1028	1029	1030	1031	1032	1033	1034	1035	1036	1037	1038	1039	1040	1041	1042	1043	1044	1045	1046	1047	1048	1049	1050	1051	1052	1053	1055	1056	1057	1058	1059	1060	1061	1062	1063	1064	1065	1066	1067	1068	1070	1071	1072	1073	1074	1075	1076	1077	1078	1079	1080	1081	1082	1083	1084	1085	1086	1087	1088	1089	1090	
24	24	22	1002	1004	1007	1010	1020	1029	1030	1031	1042	1049	1056	1059	1060	1063	1065	1067	1074	1077	1079	1082	1085	1089	
25	25	72	1001	1002	1003	1005	1006	1007	1009	1011	1012	1013	1016	1017	1019	1020	1021	1022	1023	1024	1026	1028	1029	1030	1031	1032	1033	1034	1035	1036	1037	1038	1039	1040	1041	1042	1043	1044	1046	1048	1049	1052	1053	1054	1056	1058	1059	1060	1061	1062	1063	1065	1066	1067	1068	1069	1070	1071	1072	1073	1074	1075	1076	1077	1078	1079	1081	1082	1083	1084	1085	1087	1088	1090	
26	26	69	1001	1002	1003	1004	1006	1007	1009	1010	1011	1012	1013	1014	1015	1017	1018	1021	1022	1023	1024	1025	1027	1029	1031	1033	1034	1038	1039	1040	1042	1043	1044	1045	1046	1047	1048	1049	1050	1052	1053	1055	1056	1059	1060	1061	1063	1064	1065	1067	1068	1069	1070	1072	1073	1074	1075	1076	1077	1078	1079	1080	1081	1082	1083	1084	1086	1087	1088	1089	1090	
27	27	73	1001	1002	1003	1004	1006	1007	1008	1009	1010	1011	1012	1014	1017	1018	1020	1022	1024	1025	1026	1027	1028	1029	1030	1031	1032	1033	1034	1035	1036	1037	1038	1039	1042	1043	1044	1045	1046	1047	1048	1049	1050	1051	1052	1053	1054	1056	1058	1059	1061	1062	1063	1064	1065	1066	1067	1068	1070	1072	1073	1074	1075	1076	1078	1079	1081	1082	1083	1084	1085	1087	1088	1089	1090	
28	28	48	1001	1003	1004	1007	1008	1010	1012	1013	1014	1017	1019	1021	1022	1023	1026	1027	1029	1030	1031	1037	1038	1039	1040	1041	1042	1043	1044	1050	1051	1053	1058	1059	1060	1061	1064	1065	1066	1068	1069	1072	1074	1075	1076	1078	1083	1086	1087	1089	
29	29	84	1001	1002	1003	1004	1005	1008	1009	1010	1012	1013	1014	1015	1016	1017	1018	1019	1020	1021	1022	1023	1024	1025	1026	1027	1029	1030	1031	1032	1033	1034	1035	1036	1037	1038	1039	1040	1042	1043	1044	1045	1046	1047	1048	1049	1050	1051	1052	1053	1054	1055	1056	1057	1058	1059	1060	1061	1062	1063	1064	1065	1066	1067	1068	1069	1070	1071	1072	1073	1074	1075	1076	1077	1078	1079	1080	1081	1082	1083	1084	1085	1086	1088	1089	1090	
30	30	22	1006	1007	1008	1011	1026	1027	1029	1035	1036	1041	1044	1045	1046	1048	1049	1055	1066	1068	1074	1078	1083	1084	
31	31	59	1002	1004	1005	1006	1008	1009	1010	1011	1012	1013	1014	1015	1016	1018	1020	1021	1022	1023	1024	1025	1030	1032	1035	1038	1039	1041	1042	1044	1045	1046	1047	1048	1049	1050	1051	1052	1053	1055	1056	1058	1059	1060	1062	1064	1065	1067	1070	1071	1072	1074	1077	1079	1080	1082	1085	1086	1087	1089	1090	
32	32	77	1001	1002	1004	1005	1006	1007	1008	1009	1011	1012	1013	1014	1015	1016	1017	1018	1020	1021	1022	1023	1024	1025	1026	1027	1028	1029	1030	1031	1032	1033	1034	1035	1036	1037	1038	1039	1040	1044	1045	1047	1048	1050	1051	1052	1053	1054	1055	1056	1057	1059	1060	1061	1062	1064	1065	1066	1067	1068	1069	1071	1072	1073	1074	1075	1076	1077	1078	1079	1080	1081	1082	1083	1085	1086	1087	1089	1090	
33	33	38	1007	1009	1010	1013	1019	1020	1021	1022	1024	1025	1026	1028	1032	1033	1034	1035	1038	1039	1041	1048	1050	1053	1055	1057	1058	1060	1061	1063	1065	1070	1072	1073	1075	1076	1079	1082	1084	1086	
34	34	48	1001	1006	1007	1008	1009	1010	1012	1015	1017	1018	1019	1020	1023	1024	1028	1032	1033	1036	1039	1042	1043	1045	1048	1049	1050	1053	1054	1055	1057	1058	1064	1066	1067	1069	1070	1071	1072	1073	1074	1075	1077	1078	1080	1082	1084	1086	1089	1090	
35	35	35	1001	1002	1003	1004	1005	1007	1008	1010	1018	1019	1021	1022	1024	1026	1027	1029	1030	1035	1040	1042	1045	1047	1054	1055	1061	1063	1066	1068	1073	1075	1078	1083	1084	1085	1088	
36	36	82	1001	1003	1004	1005	1006	1007	1008	1009	1010	1011	1012	1013	1014	1015	1016	1017	1018	1019	1020	1022	1023	1024	1025	1026	1027	1028	1030	1031	1032	1033	1034	1035	1037	1038	1039	1042	1043	1044	1045	1046	1047	1048	1049	1050	1051	1052	1053	1054	1055	1056	1057	1058	1059	1060	1061	1062	1063	1064	1065	1066	1067	1068	1069	1070	1071	1072	1073	1074	1075	1076	1077	1078	1079	1080	1081	1082	1083	1084	1085	1087	1088	1090	
37	37	26	1001	1002	1004	1011	1013	1016	1018	1022	1026	1030	1033	1036	1038	1049	1051	1052	1054	1060	1062	1068	1071	1077	1079	1080	1088	1089	
38	38	67	1004	1006	1007	1008	1009	1010	1011	1013	1015	1018	1019	1021	1022	1023	1024	1026	1027	1029	1030	1031	1032	1033	1034	1036	1037	1038	1039	1041	1042	1044	1046	1047	1048	1049	1050	1051	1052	1053	1054	1055	1056	1057	1058	1060	1061	1064	1065	1066	1067	1068	1069	1070	1072	1073	1074	1075	1076	1077	1078	1080	1083	1084	1085	1086	1088	1089	1090	
39	39	32	1007	1008	1010	1017	1018	1020	1022	1039	1042	1043	1044	1046	1047	1049	1051	1056	1057	1058	1060	1061	1062	1063	1067	1069	1070	1071	1075	1076	1077	1080	1081	1089	
40	40	81	1001	1002	1003	1004	1005	1006	1008	1009	1010	1011	1012	1013	1014	1015	1016	1017	1018	1019	1020	1021	1022	1023	1024	1025	1026	1027	1028	1029	1030	1031	1032	1033	1034	1035	1036	1037	1038	1039	1040	1041	1042	1043	1045	1046	1047	1049	1050	1052	1053	1054	1056	1057	1058	1059	1060	1061	1062	1063	1064	1065	1066	1067	1068	1069	1070	1071	1072	1073	1075	1076	1077	1078	1079	1080	1082	1083	1085	1086	1088	1089	1090	
41	41	53	1001	1002	1005	1006	1008	1009	1011	1012	1015	1016	1017	1019	1021	1024	1025	1026	1027	1028	1029	1031	1032	1034	1035	1036	1038	1039	1040	1041	1044	1048	1049	1050	1051	1054	1057	1058	1061	1062	1064	1065	1067	1068	1069	1071	1072	1073	1074	1075	1076	1077	1085	1086	1089	
42	42	58	1004	1005	1006	1007	1008	1009	1010	1013	1014	1015	1016	1017	1018	1019	1020	1021	1022	1024	1026	1027	1029	1030	1031	1032	1033	1034	1037	1041	1044	1048	1050	1051	1052	1055	1058	1059	1060	1063	1065	1066	1067	1068	1070	1071	1073	1074	1075	1076	1077	1078	1079	1080	1081	1082	1084	1087	1088	1090	
43	43	29	1001	1003	1004	1005	1009	1010	1012	1018	1019	1027	1032	1036	1038	1039	1050	1054	1057	1062	1063	1064	1065	1066	1067	1071	1076	1078	1082	1084	1088	
44	44	77	1001	1002	1004	1005	1006	1007	1008	1009	1011	1012	1013	1014	1015	1016	1017	1018	1020	1021	1022	1023	1024	1025	1026	1027	1028	1029	1030	1031	1032	1033	1035	1036	1037	1038	1039	1040	1041	1042	1044	1045	1047	1049	1050	1052	1053	1054	1055	1057	1058	1059	1061	1062	1063	1064	1067	1068	1069	1070	1071	1072	1073	1074	1075	1076	1077	1078	1079	1080	1081	1082	1083	1084	1085	1086	1087	1088	1089	
45	45	53	1002	1005	1006	1007	1008	1010	1011	1015	1017	1021	1022	1023	1024	1025	1028	1029	1030	1031	1033	1034	1035	1037	1038	1039	1040	1041	1044	1045	1048	1049	1050	1052	1053	1054	1056	1057	1058	1061	1062	1063	1067	1068	1071	1072	1073	1074	1075	1078	1079	1080	1083	1087	1090	
46	46	72	1001	1002	1004	1005	1006	1007	1009	1010	1011	1012	1013	1015	1016	1017	1018	1019	1020	1022	1023	1024	1025	1026	1028	1030	1031	1032	1033	1034	1035	1036	1037	1038	1040	1041	1042	1043	1044	1046	1047	1048	1050	1051	1052	1055	1056	1057	1058	1059	1060	1061	1062	1063	1064	1066	1067	1069	1070	1071	1073	1074	1075	1077	1078	1079	1080	1081	1083	1084	1085	1086	1088	1089	
47	47	21	1002	1003	1018	1020	1021	1022	1023	1031	1033	1038	1051	1055	1059	1060	1063	1064	1065	1068	1070	1085	1089	
48	48	79	1001	1002	1003	1004	1005	1006	1008	1009	1010	1011	1012	1014	1015	1016	1017	1019	1020	1021	1022	1023	1024	1025	1026	1027	1028	1030	1031	1032	1035	1036	1037	1038	1039	1040	1041	1043	1044	1045	1046	1047	1049	1050	1051	1052	1053	1054	1055	1056	1057	1058	1059	1060	1061	1062	1063	1064	1065	1066	1068	1069	1070	1071	1072	1073	1075	1076	1077	1078	1079	1080	1081	1082	1083	1085	1086	1087	1088	1089	1090	
49	49	26	1002	1004	1006	1008	1018	1030	1033	1034	1039	1040	1042	1047	1053	1056	1058	1061	1062	1063	1064	1067	1069	1072	1076	1077	1083	1089	
50	50	76	1001	1002	1003	1004	1005	1006	1008	1009	1010	1011	1012	1013	1014	1015	1016	1019	1021	1022	1023	1024	1025	1026	1027	1028	1029	1030	1031	1032	1033	1034	1036	1037	1038	1039	1040	1041	1042	1043	1044	1045	1046	1050	1052	1053	1054	1055	1056	1059	1060	1061	1062	1064	1065	1066	1067	1068	1069	1070	1071	1072	1073	1074	1075	1076	1077	1078	1079	1080	1081	1082	1083	1084	1086	1087	1088	1090	
51	51	66	1001	1002	1003	1004	1005	1006	1007	1008	1009	1010	1011	1013	1014	1015	1016	1017	1019	1020	1021	1022	1026	1027	1028	1030	1031	1033	1034	1035	1038	1039	1040	1041	1042	1043	1044	1047	1048	1049	1050	1051	1052	1053	1058	1059	1060	1061	1062	1063	1066	1067	1068	1069	1070	1071	1073	1074	1079	1080	1081	1082	1084	1085	1086	1087	1089	1090	
52	52	83	1001	1002	1003	1004	1005	1007	1008	1009	1010	1011	1012	1013	1014	1015	1016	1018	1019	1020	1022	1023	1024	1025	1026	1027	1028	1029	1031	1032	1033	1034	1035	1036	1037	1038	1039	1040	1041	1042	1043	1044	1045	1046	1047	1049	1050	1051	1052	1053	1054	1055	1056	1057	1058	1061	1062	1063	1064	1065	1066	1067	1068	1069	1070	1071	1072	1073	1074	1075	1076	1077	1078	1079	1080	1081	1082	1083	1084	1085	1086	1087	1088	1089	1090	
53	53	78	1001	1002	1003	1004	1005	1006	1007	1008	1009	1010	1011	1012	1014	1015	1016	1017	1018	1019	1020	1021	1022	1023	1024	1025	1026	1027	1028	1030	1031	1033	1034	1035	1036	1037	1038	1039	1040	1041	1042	1043	1044	1047	1048	1049	1051	1052	1054	1056	1057	1058	1059	1060	1061	1062	1063	1065	1066	1067	1068	1069	1070	1071	1072	1074	1076	1077	1078	1079	1080	1081	1082	1083	1084	1085	1086	1088	1089	1090	
54	54	79	1002	1003	1004	1005	1006	1007	1008	1009	1010	1011	1012	1013	1014	1016	1017	1018	1019	1020	1022	1024	1025	1026	1027	1028	1029	1030	1032	1033	1034	1035	1036	1037	1038	1039	1040	1041	1042	1043	1044	1045	1046	1047	1048	1049	1050	1051	1052	1053	1055	1056	1057	1058	1059	1060	1062	1063	1064	1065	1066	1067	1068	1069	1070	1071	1072	1073	1074	1077	1078	1079	1080	1081	1082	1084	1085	1087	1088	1089	1090	
55	55	40	1003	1005	1009	1011	1012	1014	1016	1020	1021	1022	1025	1026	1027	1030	1034	1036	1038	1040	1041	1044	1046	1053	1059	1060	1061	1062	1063	1064	1065	1071	1072	1076	1077	1078	1081	1082	1083	1084	1087	1090	
56	56	84	1001	1002	1003	1004	1005	1006	1007	1008	1009	1010	1011	1012	1013	1014	1016	1017	1018	1019	1020	1021	1022	1023	1024	1025	1026	1027	1028	1029	1030	1031	1032	1033	1034	1037	1038	1039	1040	1041	1042	1043	1044	1045	1046	1047	1048	1049	1051	1052	1053	1054	1055	1056	1057	1058	1059	1061	1062	1063	1064	1065	1066	1067	1068	1069	1070	1071	1072	1073	1074	1075	1076	1078	1079	1080	1081	1082	1083	1084	1085	1086	1087	1088	1089	1090	
57	57	25	1001	1004	1007	1011	1014	1020	1023	1025	1028	1032	1033	1042	1044	1046	1049	1058	1059	1060	1074	1075	1078	1081	1085	1086	1087	
58	58	24	1001	1017	1018	1021	1028	1033	1036	1037	1039	1041	1043	1045	1047	1055	1058	1060	1064	1069	1072	1074	1079	1081	1089	1090	
59	59	26	1002	1005	1012	1017	1019	1020	1024	1026	1029	1030	1040	1046	1054	1056	1057	1059	1061	1062	1065	1066	1075	1078	1080	1088	1089	1090	
60	60	21	1005	1012	1019	1022	1025	1033	1039	1041	1042	1043	1050	1052	1056	1057	1070	1071	1072	1076	1077	1079	1081	
