120
1	1	107	1004	1008	1009	1013	1014	1015	1017	1020	1021	1023	1024	1025	1027	1030	1031	1032	1033	1036	1037	1038	1040	1042	1044	1046	1047	1049	1050	1051	1052	1053	1056	1058	1059	1062	1063	1065	1066	1068	1070	1073	1075	1076	1077	1079	1080	1081	1082	1084	1086	1087	1088	1089	1092	1093	1094	1097	1098	1102	1103	1104	1105	1106	1109	1110	1113	1114	1115	1116	1118	1120	1121	1122	1123	1128	1130	1131	1132	1133	1136	1137	1140	1143	1144	1145	1146	1147	1149	1150	1151	1152	1154	1156	1159	1164	1165	1166	1167	1168	1169	1170	1171	1172	1173	1174	1176	1177	1180	
2	2	41	1002	1003	1005	1008	1016	1018	1022	1023	1035	1036	1040	1050	1054	1055	1056	1058	1059	1062	1067	1073	1083	1089	1094	1095	1098	1099	1105	1115	1125	1131	1136	1142	1143	1152	1153	1155	1157	1161	1173	1174	1180	
3	3	134	1001	1002	1003	1004	1005	1007	1008	1011	1013	1014	1015	1016	1019	1020	1021	1022	1023	1024	1026	1027	1029	1031	1032	1033	1034	1035	1037	1040	1041	1043	1044	1045	1046	1047	1048	1049	1052	1053	1055	1056	1059	1060	1061	1062	1064	1065	1066	1067	1068	1069	1072	1073	1074	1075	1076	1077	1078	1079	1080	1082	1083	1084	1086	1088	1089	1090	1091	1093	1094	1095	1097	1099	1100	1101	1104	1106	1107	1108	1109	1111	1112	1113	1114	1115	1116	1119	1121	1123	1124	1125	1126	1127	1128	1129	1130	1131	1132	1134	1135	1136	1137	1138	1139	1140	1141	1144	1145	1146	1147	1148	1150	1152	1153	1154	1155	1156	1157	1159	1160	1161	1163	1165	1168	1169	1170	1171	1172	1173	1174	1175	1176	1177	1179	1180	
4	4	85	1001	1002	1003	1004	1006	1009	1010	1018	1020	1021	1023	1025	1028	1029	1031	1034	1035	1036	1037	1038	1039	1040	1041	1042	1043	1044	1048	1049	1050	1051	1052	1057	1058	1059	1060	1062	1063	1064	1068	1070	1072	1074	1076	1081	1083	1084	1087	1088	1090	1091	1092	1095	1097	1101	1102	1104	1105	1108	1109	1110	1113	1116	1117	1119	1121	1122	1126	1129	1130	1133	1137	1138	1147	1151	1153	1155	1156	1157	1158	1159	1163	1165	1167	1171	1180	
5	5	124	1004	1006	1007	1008	1010	1011	1012	1013	1014	1015	1016	1020	1022	1024	1026	1027	1028	1029	1030	1034	1035	1036	1039	1040	1041	1042	1044	1045	1046	1047	1048	1050	1051	1052	1053	1054	1056	1057	1058	1059	1060	1061	1062	1064	1065	1066	1067	1068	1069	1070	1072	1073	1074	1075	1076	1078	1079	1080	1082	1088	1090	1091	1092	1093	1094	1095	1096	1097	1099	1100	1101	1103	1105	1107	1108	1109	1110	1111	1115	1116	1118	1120	1122	1124	1125	1127	1128	1129	1131	1132	1133	1134	1135	1137	1138	1140	1143	1144	1145	1146	1149	1150	1151	1152	1153	1154	1155	1156	1161	1163	1164	1165	1166	1168	1169	1170	1171	1172	1173	1174	1176	1178	1179	1180	
6	6	47	1008	1009	1014	1016	1017	1018	1023	1033	1039	1041	1043	1044	1052	1053	1056	1062	1070	1072	1073	1075	1076	1078	1088	1091	1094	1095	1101	1105	1108	1114	1117	1125	1128	1129	1143	1145	1146	1152	1160	1163	1164	1165	1167	1168	1171	1174	1178	
7	7	59	1004	1005	1010	1012	1015	1020	1024	1027	1028	1030	1040	1043	1044	1045	1051	1054	1057	1059	1061	1065	1066	1067	1071	1072	1075	1076	1077	1079	1084	1087	1089	1091	1092	1098	1101	1102	1106	1107	1108	1117	1122	1125	1126	1127	1134	1136	1137	1139	1143	1153	1154	1157	1159	1165	1168	1169	1170	1176	1178	
8	8	136	1001	1003	1004	1005	1006	1007	1008	1009	1010	1012	1013	1015	1016	1018	1020	1021	1026	1027	1028	1032	1033	1034	1036	1037	1038	1039	1040	1042	1043	1045	1047	1049	1050	1051	1055	1056	1057	1058	1061	1062	1063	1064	1065	1066	1067	1068	1069	1071	1072	1073	1074	1075	1076	1077	1078	1079	1080	1081	1082	1083	1084	1085	1086	1087	1088	1089	1090	1091	1092	1094	1095	1097	1098	1100	1101	1102	1103	1104	1106	1108	1109	1111	1112	1113	1114	1115	1116	1117	1118	1119	1120	1121	1122	1123	1124	1125	1126	1128	1129	1131	1132	1133	1134	1136	1137	1138	1139	1141	1143	1144	1146	1148	1149	1151	1152	1153	1154	1155	1156	1157	1158	1160	1161	1162	1163	1164	1165	1166	1168	1169	1170	1173	1175	1176	1177	1179	
9	9	132	1001	1003	1006	1007	1008	1009	1011	1012	1013	1014	1015	1016	1017	1018	1019	1020	1021	1022	1023	1024	1025	1026	1027	1028	1030	1031	1035	1036	1037	1038	1039	1040	1041	1042	1043	1044	1045	1049	1050	1052	1053	1054	1055	1056	1057	1060	1061	1062	1063	1064	1065	1066	1067	1071	1072	1074	1075	1079	1084	1087	1088	1090	1091	1092	1094	1095	1096	1098	1099	1100	1101	1105	1107	1108	1109	1110	1111	1112	1113	1114	1115	1116	1117	1118	1119	1120	1121	1122	1123	1124	1125	1127	1128	1131	1132	1133	1134	1137	1138	1139	1140	1142	1143	1144	1145	1146	1147	1149	1150	1151	1152	1153	1154	1155	1156	1157	1158	1160	1161	1162	1163	1164	1166	1168	1169	1172	1173	1175	1176	1177	1178	1179	
10	10	91	1001	1003	1006	1007	1011	1018	1019	1020	1021	1026	1029	1030	1034	1036	1037	1038	1040	1042	1043	1044	1045	1046	1047	1048	1049	1050	1051	1052	1054	1056	1059	1060	1063	1064	1065	1067	1070	1072	1079	1081	1082	1083	1085	1090	1092	1094	1099	1100	1101	1102	1105	1106	1110	1111	1113	1114	1116	1117	1118	1119	1120	1121	1123	1124	1126	1128	1129	1130	1131	1132	1133	1135	1136	1137	1139	1141	1143	1148	1150	1151	1153	1156	1158	1161	1163	1169	1172	1173	1175	1177	1179	
11	11	139	1001	1002	1003	1004	1005	1006	1007	1009	1011	1013	1014	1015	1017	1018	1020	1021	1022	1023	1025	1026	1027	1028	1031	1032	1034	1038	1039	1040	1042	1046	1048	1049	1050	1051	1054	1055	1056	1057	1058	1059	1060	1061	1062	1063	1064	1065	1066	1067	1068	1069	1071	1072	1073	1074	1075	1076	1078	1079	1080	1081	1082	1083	1085	1087	1088	1089	1090	1091	1092	1093	1094	1095	1096	1097	1098	1099	1100	1101	1102	1103	1104	1105	1106	1107	1108	1110	1113	1114	1115	1116	1118	1119	1120	1122	1123	1124	1125	1127	1128	1129	1130	1133	1134	1135	1136	1137	1138	1140	1141	1142	1143	1144	1145	1146	1147	1148	1149	1150	1151	1152	1154	1155	1157	1158	1162	1163	1165	1167	1168	1170	1171	1172	1173	1174	1175	1176	1178	1179	1180	
12	12	144	1001	1002	1003	1004	1006	1007	1009	1010	1011	1012	1013	1014	1015	1016	1017	1018	1019	1020	1022	1023	1024	1025	1026	1027	1028	1029	1031	1033	1036	1037	1038	1039	1040	1041	1042	1045	1046	1047	1048	1049	1050	1051	1052	1053	1054	1055	1056	1057	1059	1060	1061	1062	1063	1064	1065	1066	1067	1068	1070	1071	1072	1073	1074	1075	1076	1077	1079	1080	1082	1083	1084	1085	1086	1087	1088	1089	1090	1092	1094	1095	1096	1098	1099	1100	1102	1103	1104	1105	1106	1107	1109	1110	1112	1113	1114	1115	1116	1117	1120	1121	1122	1123	1124	1125	1126	1127	1128	1131	1132	1133	1134	1137	1138	1139	1142	1143	1145	1146	1147	1148	1150	1152	1153	1155	1156	1158	1159	1160	1161	1163	1164	1165	1167	1168	1169	1170	1171	1172	1174	1175	1176	1177	1178	1179	
13	13	45	1001	1008	1010	1012	1021	1022	1023	1026	1028	1034	1039	1040	1044	1048	1051	1057	1059	1061	1064	1065	1070	1085	1089	1094	1097	1098	1102	1103	1108	1113	1116	1117	1121	1130	1141	1143	1146	1147	1148	1153	1161	1163	1165	1169	1172	
14	14	163	1001	1002	1003	1004	1006	1007	1008	1009	1010	1011	1012	1013	1014	1015	1016	1017	1018	1020	1021	1023	1024	1025	1026	1027	1028	1031	1032	1033	1034	1035	1036	1037	1038	1039	1040	1041	1042	1043	1044	1045	1046	1047	1048	1049	1050	1051	1052	1053	1054	1055	1056	1057	1058	1059	1060	1061	1062	1064	1065	1066	1067	1069	1070	1071	1072	1074	1075	1076	1077	1078	1079	1080	1081	1082	1083	1084	1085	1086	1087	1088	1089	1090	1091	1092	1093	1094	1095	1096	1097	1098	1099	1100	1101	1102	1103	1104	1105	1107	1108	1109	1110	1111	1112	1113	1114	1115	1116	1117	1119	1120	1122	1123	1124	1125	1127	1128	1129	1130	1131	1132	1133	1134	1136	1137	1138	1139	1140	1141	1142	1143	1144	1145	1146	1147	1148	1149	1150	1151	1152	1153	1154	1155	1157	1158	1159	1160	1161	1162	1163	1164	1165	1166	1167	1169	1170	1171	1174	1175	1176	1177	1178	1179	1180	
15	15	92	1004	1005	1010	1012	1013	1016	1017	1018	1019	1020	1021	1022	1023	1024	1027	1029	1032	1034	1035	1039	1040	1047	1050	1052	1054	1058	1061	1068	1069	1070	1073	1074	1075	1076	1077	1079	1081	1082	1083	1084	1085	1088	1089	1091	1094	1095	1096	1097	1098	1100	1102	1103	1105	1106	1107	1108	1109	1111	1114	1115	1117	1118	1122	1123	1124	1125	1128	1129	1131	1132	1133	1136	1137	1138	1139	1142	1146	1148	1150	1152	1153	1157	1158	1159	1160	1161	1163	1166	1169	1171	1173	1179	
16	16	161	1001	1002	1003	1004	1005	1006	1007	1008	1009	1010	1011	1012	1013	1014	1015	1016	1017	1018	1019	1020	1021	1022	1023	1024	1025	1026	1027	1028	1029	1031	1032	1033	1035	1036	1038	1039	1040	1041	1042	1044	1045	1046	1047	1048	1049	1050	1051	1052	1053	1054	1055	1056	1057	1058	1059	1060	1061	1062	1063	1064	1065	1067	1068	1069	1070	1071	1072	1073	1074	1075	1076	1077	1078	1079	1080	1081	1082	1083	1084	1085	1087	1089	1091	1092	1093	1094	1095	1096	1097	1098	1099	1100	1101	1102	1103	1104	1105	1106	1107	1108	1109	1110	1111	1112	1113	1114	1115	1116	1119	1120	1121	1123	1124	1125	1126	1128	1129	1130	1132	1133	1134	1136	1137	1138	1139	1140	1141	1142	1143	1144	1145	1146	1147	1148	1149	1150	1151	1153	1156	1157	1158	1159	1160	1161	1162	1163	1164	1165	1166	1168	1169	1171	1172	1173	1174	1175	1176	1177	1178	1179	1180	
17	17	103	1001	1002	1003	1004	1005	1007	1012	1016	1017	1019	1020	1021	1025	1027	1029	1030	1031	1033	1034	1035	1037	1038	1040	1041	1042	1043	1044	1045	1052	1054	1058	1059	1060	1061	1063	1064	1065	1069	1073	1074	1075	1077	1078	1079	1080	1083	1084	1086	1087	1088	1090	1091	1093	1094	1095	1096	1100	1101	1102	1105	1106	1109	1110	1111	1112	1115	1116	1118	1119	1120	1121	1123	1124	1126	1130	1132	1135	1136	1137	1138	1139	1141	1142	1147	1149	1150	1151	1154	1156	1158	1159	1160	1161	1163	1165	1168	1170	1171	1173	1174	1178	1179	1180	
18	18	82	1003	1006	1007	1009	1011	1012	1014	1016	1019	1026	1027	1028	1029	1030	1031	1033	1035	1037	1042	1044	1045	1051	1055	1056	1057	1061	1062	1064	1066	1067	1070	1071	1074	1076	1077	1078	1079	1080	1082	1084	1085	1086	1089	1094	1096	1097	1099	1102	1103	1104	1106	1109	1111	1112	1118	1123	1124	1125	1127	1128	1135	1136	1140	1142	1145	1147	1150	1151	1152	1157	1162	1165	1166	1167	1168	1171	1175	1176	1177	1178	1179	1180	
19	19	107	1002	1003	1004	1005	1006	1008	1009	1015	1017	1018	1020	1021	1022	1023	1024	1026	1027	1028	1029	1030	1031	1032	1034	1036	1037	1038	1040	1042	1043	1046	1048	1049	1051	1053	1054	1055	1056	1057	1058	1059	1062	1063	1064	1070	1072	1073	1077	1078	1079	1080	1082	1084	1087	1088	1089	1090	1094	1095	1096	1098	1099	1101	1102	1103	1105	1106	1109	1110	1111	1112	1113	1115	1116	1119	1120	1123	1131	1132	1133	1135	1138	1142	1143	1144	1146	1147	1150	1151	1152	1153	1154	1155	1156	1157	1158	1159	1160	1165	1166	1168	1169	1171	1176	1177	1178	1179	1180	
20	20	74	1001	1002	1007	1008	1010	1011	1013	1014	1015	1017	1020	1022	1025	1027	1031	1033	1035	1039	1040	1042	1046	1058	1059	1060	1061	1063	1065	1070	1071	1073	1077	1079	1085	1091	1093	1095	1098	1099	1101	1104	1106	1107	1109	1111	1112	1114	1115	1117	1120	1122	1123	1124	1128	1131	1132	1141	1142	1143	1150	1151	1152	1154	1156	1157	1158	1161	1163	1165	1169	1170	1174	1176	1177	1180	
21	21	67	1002	1008	1009	1010	1012	1014	1016	1017	1022	1026	1027	1030	1037	1040	1042	1043	1045	1046	1049	1051	1052	1054	1057	1058	1060	1061	1062	1067	1069	1072	1073	1077	1084	1086	1090	1098	1100	1116	1117	1123	1124	1125	1129	1131	1133	1134	1137	1138	1139	1141	1142	1144	1151	1153	1155	1156	1157	1159	1160	1164	1166	1168	1169	1170	1173	1174	1176	
22	22	157	1001	1002	1003	1005	1006	1007	1008	1010	1011	1012	1013	1014	1015	1016	1017	1018	1019	1020	1021	1022	1023	1025	1026	1027	1028	1029	1030	1031	1032	1033	1034	1035	1036	1037	1039	1040	1042	1043	1045	1046	1047	1048	1049	1050	1051	1052	1053	1054	1055	1056	1057	1058	1059	1060	1061	1062	1063	1064	1065	1066	1067	1068	1070	1071	1072	1075	1076	1077	1078	1079	1080	1081	1082	1083	1085	1086	1087	1088	1089	1092	1093	1094	1095	1096	1097	1098	1099	1101	1102	1103	1105	1106	1107	1108	1109	1110	1113	1114	1115	1116	1117	1119	1120	1121	1122	1123	1124	1125	1126	1127	1129	1130	1131	1132	1133	1135	1136	1137	1138	1140	1141	1142	1143	1145	1146	1148	1149	1150	1151	1152	1153	1154	1155	1156	1157	1158	1159	1160	1161	1162	1164	1165	1166	1167	1168	1169	1170	1171	1172	1173	1174	1175	1176	1177	1178	1179	1180	
23	23	155	1001	1002	1004	1005	1006	1007	1008	1009	1012	1014	1018	1019	1020	1021	1022	1024	1025	1026	1027	1028	1029	1030	1031	1032	1033	1035	1036	1037	1039	1040	1041	1042	1043	1044	1045	1046	1047	1048	1049	1051	1052	1053	1054	1055	1056	1057	1058	1059	1060	1061	1062	1063	1064	1065	1066	1067	1068	1070	1071	1072	1073	1074	1075	1076	1077	1079	1080	1081	1082	1083	1085	1086	1087	1088	1089	1090	1091	1092	1093	1094	1095	1096	1097	1098	1099	1102	1103	1104	1105	1106	1108	1109	1111	1112	1114	1115	1116	1117	1118	1119	1120	1121	1122	1123	1125	1127	1128	1129	1130	1131	1132	1133	1134	1135	1136	1137	1138	1139	1140	1141	1142	1144	1145	1147	1148	1149	1150	1152	1153	1154	1155	1156	1157	1158	1159	1160	1161	1162	1163	1164	1165	1166	1167	1168	1169	1170	1171	1172	1173	1174	1175	1176	1178	1179	1180	
24	24	160	1002	1004	1005	1006	1007	1008	1010	1011	1012	1013	1014	1015	1016	1017	1018	1019	1020	1021	1022	1023	1024	1025	1026	1027	1028	1029	1030	1031	1032	1033	1034	1036	1037	1039	1040	1041	1042	1043	1044	1045	1046	1047	1048	1049	1050	1051	1052	1053	1054	1055	1056	1057	1058	1059	1060	1061	1062	1063	1064	1065	1067	1068	1069	1070	1071	1072	1073	1074	1075	1076	1077	1078	1079	1081	1082	1084	1085	1086	1087	1088	1089	1090	1092	1093	1094	1095	1096	1097	1098	1099	1100	1101	1102	1103	1104	1105	1106	1108	1109	1110	1111	1112	1113	1114	1115	1116	1117	1118	1119	1120	1121	1122	1123	1124	1125	1126	1128	1129	1130	1131	1132	1133	1134	1135	1136	1137	1139	1140	1141	1142	1143	1144	1147	1148	1150	1151	1152	1153	1154	1155	1156	1157	1158	1159	1160	1161	1162	1163	1164	1165	1166	1167	1168	1171	1172	1174	1176	1177	1178	1179	
25	25	154	1001	1002	1003	1004	1005	1006	1007	1009	1010	1011	1012	1013	1014	1015	1016	1017	1018	1019	1020	1022	1023	1025	1026	1028	1030	1031	1032	1035	1036	1037	1038	1039	1040	1041	1042	1043	1044	1045	1046	1047	1048	1049	1050	1051	1052	1054	1055	1056	1057	1058	1059	1060	1061	1062	1063	1064	1065	1066	1067	1068	1069	1072	1074	1075	1076	1077	1078	1079	1080	1081	1082	1083	1084	1085	1086	1087	1088	1089	1090	1091	1092	1093	1094	1095	1096	1097	1098	1100	1102	1103	1104	1105	1107	1109	1110	1111	1112	1113	1114	1115	1116	1117	1118	1119	1120	1122	1123	1124	1126	1127	1128	1129	1130	1131	1133	1134	1135	1136	1137	1138	1139	1141	1142	1143	1145	1146	1148	1149	1150	1151	1152	1153	1155	1156	1158	1159	1161	1162	1163	1164	1165	1166	1168	1169	1170	1171	1172	1173	1174	1176	1177	1178	1179	1180	
26	26	97	1001	1002	1003	1009	1013	1014	1015	1019	1020	1021	1023	1025	1031	1032	1034	1040	1041	1042	1044	1047	1051	1053	1054	1055	1056	1057	1058	1059	1060	1061	1062	1063	1064	1065	1066	1069	1070	1071	1072	1073	1080	1085	1088	1092	1093	1094	1095	1097	1098	1099	1105	1106	1107	1111	1112	1113	1115	1117	1118	1122	1126	1127	1134	1135	1136	1137	1138	1139	1140	1141	1143	1144	1146	1147	1149	1151	1152	1154	1155	1156	1157	1158	1159	1162	1163	1164	1166	1167	1169	1171	1172	1174	1175	1176	1177	1179	1180	
27	27	132	1001	1002	1003	1006	1007	1008	1009	1010	1012	1013	1015	1017	1018	1019	1020	1021	1023	1024	1025	1026	1027	1028	1029	1030	1031	1032	1033	1037	1039	1040	1042	1043	1044	1045	1047	1048	1049	1050	1051	1052	1053	1054	1055	1056	1057	1059	1060	1062	1063	1065	1067	1068	1069	1071	1072	1073	1074	1075	1076	1078	1079	1080	1082	1083	1085	1088	1089	1090	1092	1093	1094	1096	1097	1098	1099	1100	1101	1102	1103	1104	1105	1106	1107	1109	1112	1114	1115	1116	1117	1118	1119	1120	1121	1122	1124	1127	1129	1131	1132	1134	1135	1136	1137	1138	1139	1140	1141	1151	1152	1153	1155	1156	1157	1159	1160	1161	1162	1164	1165	1166	1167	1168	1169	1170	1171	1173	1174	1176	1177	1178	1179	1180	
28	28	178	1001	1002	1003	1004	1005	1006	1007	1008	1009	1010	1011	1012	1013	1014	1015	1016	1017	1018	1019	1020	1021	1022	1023	1024	1025	1026	1027	1028	1029	1030	1031	1032	1033	1034	1035	1036	1037	1038	1039	1040	1041	1042	1043	1044	1045	1046	1047	1048	1049	1050	1051	1052	1053	1054	1055	1056	1057	1058	1059	1060	1061	1062	1063	1064	1065	1066	1067	1068	1069	1070	1071	1072	1073	1074	1075	1076	1077	1078	1079	1081	1082	1083	1084	1085	1086	1087	1088	1089	1090	1091	1092	1093	1094	1095	1096	1097	1098	1099	1100	1101	1102	1103	1104	1105	1106	1107	1108	1109	1110	1111	1112	1113	1114	1115	1116	1117	1118	1119	1120	1121	1122	1123	1124	1125	1126	1127	1128	1129	1130	1131	1132	1133	1134	1135	1136	1137	1138	1139	1140	1141	1142	1143	1144	1145	1146	1147	1148	1149	1150	1151	1152	1153	1154	1155	1156	1157	1158	1159	1160	1161	1162	1163	1164	1165	1166	1167	1168	1169	1170	1171	1172	1174	1175	1176	1177	1178	1179	1180	
29	29	162	1001	1002	1003	1004	1005	1007	1008	1010	1011	1012	1013	1014	1015	1016	1017	1018	1019	1020	1021	1022	1023	1024	1025	1026	1028	1029	1030	1031	1032	1033	1034	1035	1036	1037	1038	1039	1040	1041	1042	1043	1044	1045	1046	1047	1048	1049	1050	1051	1052	1053	1055	1056	1057	1058	1059	1060	1061	1062	1063	1064	1065	1066	1067	1068	1069	1070	1071	1072	1073	1074	1076	1077	1078	1079	1080	1081	1082	1083	1084	1085	1086	1087	1088	1089	1090	1091	1092	1093	1094	1095	1096	1097	1098	1099	1101	1102	1104	1105	1106	1107	1108	1109	1110	1111	1112	1113	1114	1119	1121	1122	1123	1124	1125	1126	1127	1128	1129	1130	1131	1132	1133	1136	1137	1138	1139	1140	1141	1142	1143	1144	1145	1146	1148	1149	1150	1151	1152	1153	1155	1156	1157	1158	1159	1160	1161	1162	1163	1164	1165	1166	1167	1168	1169	1170	1171	1172	1173	1174	1175	1176	1177	1178	
30	30	95	1001	1003	1007	1008	1010	1012	1014	1016	1020	1021	1022	1023	1025	1026	1027	1029	1031	1032	1033	1034	1035	1036	1043	1047	1048	1050	1051	1052	1054	1056	1059	1062	1064	1065	1066	1067	1069	1071	1072	1075	1076	1082	1084	1087	1090	1092	1093	1094	1095	1096	1097	1098	1101	1102	1105	1106	1107	1108	1109	1110	1111	1114	1117	1118	1119	1121	1122	1123	1124	1126	1128	1131	1133	1134	1136	1137	1139	1141	1142	1146	1151	1152	1159	1161	1163	1164	1165	1166	1167	1168	1170	1171	1175	1178	1179	
31	31	113	1001	1002	1004	1005	1006	1008	1009	1011	1012	1015	1018	1020	1021	1022	1023	1024	1025	1027	1028	1031	1033	1034	1035	1036	1037	1041	1043	1044	1045	1046	1047	1048	1049	1051	1052	1053	1054	1057	1058	1062	1063	1065	1066	1070	1074	1075	1076	1077	1082	1083	1084	1085	1087	1088	1089	1094	1095	1096	1097	1098	1099	1100	1101	1106	1108	1109	1110	1111	1113	1114	1115	1119	1120	1121	1122	1123	1124	1125	1126	1127	1128	1130	1131	1132	1133	1134	1135	1137	1138	1139	1140	1141	1142	1143	1144	1146	1152	1154	1156	1157	1160	1161	1162	1163	1164	1166	1167	1168	1170	1174	1177	1179	1180	
32	32	92	1001	1003	1004	1009	1010	1011	1013	1014	1018	1020	1021	1023	1027	1029	1031	1032	1033	1036	1040	1042	1044	1045	1047	1048	1055	1056	1060	1061	1062	1064	1065	1066	1068	1069	1070	1072	1073	1076	1077	1079	1082	1084	1087	1089	1090	1091	1092	1093	1096	1097	1098	1099	1100	1101	1102	1105	1106	1109	1111	1113	1114	1118	1119	1120	1125	1126	1127	1128	1136	1137	1138	1141	1142	1143	1145	1148	1153	1154	1155	1156	1157	1161	1164	1165	1168	1169	1170	1172	1173	1174	1175	1180	
33	33	51	1001	1002	1004	1007	1009	1010	1012	1016	1020	1021	1029	1030	1034	1036	1038	1039	1045	1048	1049	1050	1051	1052	1053	1054	1063	1084	1095	1097	1099	1104	1109	1110	1111	1113	1125	1129	1131	1137	1145	1146	1149	1150	1152	1155	1157	1163	1165	1171	1177	1179	1180	
34	34	167	1001	1002	1003	1004	1005	1006	1007	1008	1009	1010	1011	1012	1014	1015	1016	1017	1018	1019	1020	1021	1023	1024	1025	1026	1028	1029	1030	1031	1032	1033	1034	1035	1036	1037	1039	1040	1041	1042	1043	1045	1046	1047	1048	1049	1050	1051	1052	1053	1055	1056	1057	1058	1059	1060	1061	1062	1063	1064	1065	1067	1068	1069	1070	1071	1072	1073	1074	1075	1076	1077	1078	1079	1080	1081	1082	1083	1084	1085	1086	1087	1088	1089	1090	1091	1092	1094	1095	1096	1098	1099	1100	1101	1102	1103	1104	1105	1106	1107	1108	1109	1110	1111	1112	1113	1114	1115	1116	1117	1118	1119	1120	1121	1122	1123	1124	1125	1126	1127	1128	1129	1130	1131	1132	1133	1134	1135	1136	1137	1138	1139	1140	1141	1142	1143	1144	1146	1147	1149	1150	1151	1152	1153	1154	1156	1157	1158	1159	1160	1161	1162	1163	1164	1166	1167	1168	1169	1170	1171	1172	1173	1174	1175	1176	1177	1178	1179	1180	
35	35	62	1002	1003	1009	1014	1015	1024	1031	1032	1033	1036	1040	1043	1044	1046	1048	1054	1059	1062	1064	1067	1068	1072	1073	1082	1087	1090	1091	1092	1093	1098	1099	1105	1109	1110	1111	1113	1121	1122	1123	1125	1129	1130	1133	1134	1138	1140	1141	1144	1145	1151	1152	1154	1164	1165	1166	1167	1172	1173	1174	1175	1176	1178	
36	36	149	1002	1004	1005	1006	1007	1008	1009	1010	1011	1013	1014	1015	1016	1017	1018	1019	1020	1021	1022	1023	1024	1025	1026	1027	1028	1029	1030	1031	1032	1033	1034	1035	1036	1037	1038	1039	1040	1042	1043	1044	1045	1046	1047	1048	1049	1050	1051	1052	1053	1054	1055	1056	1057	1058	1059	1060	1061	1062	1063	1064	1065	1067	1068	1069	1070	1071	1072	1073	1074	1075	1076	1077	1078	1079	1080	1081	1082	1083	1085	1087	1088	1089	1091	1092	1095	1097	1098	1100	1101	1102	1103	1104	1105	1107	1108	1110	1111	1112	1113	1114	1116	1117	1118	1120	1122	1123	1124	1125	1126	1127	1129	1130	1131	1132	1133	1134	1135	1137	1138	1140	1141	1142	1144	1148	1149	1150	1151	1152	1153	1154	1155	1156	1157	1159	1160	1161	1162	1163	1167	1168	1170	1171	1172	1173	1175	1176	1178	1179	1180	
37	37	59	1004	1010	1016	1023	1026	1027	1029	1030	1032	1033	1034	1036	1037	1041	1045	1052	1055	1059	1061	1062	1063	1067	1069	1077	1079	1088	1092	1102	1103	1104	1105	1106	1107	1109	1112	1116	1119	1123	1125	1127	1128	1131	1137	1138	1144	1145	1148	1152	1155	1157	1163	1164	1166	1167	1169	1174	1175	1178	1180	
38	38	145	1002	1003	1004	1005	1006	1007	1008	1009	1011	1012	1014	1015	1017	1019	1020	1021	1022	1023	1025	1026	1027	1029	1030	1031	1033	1035	1036	1037	1039	1040	1041	1042	1043	1044	1045	1046	1047	1049	1050	1051	1052	1053	1054	1055	1056	1057	1059	1063	1064	1065	1067	1068	1069	1070	1071	1072	1073	1075	1076	1077	1078	1079	1081	1082	1085	1086	1087	1088	1089	1090	1091	1092	1093	1094	1095	1096	1097	1098	1099	1100	1101	1103	1104	1105	1106	1107	1108	1110	1111	1112	1113	1114	1115	1116	1117	1118	1120	1121	1123	1124	1126	1128	1129	1130	1131	1132	1133	1134	1135	1138	1140	1141	1143	1144	1145	1146	1147	1148	1150	1151	1152	1153	1154	1155	1156	1157	1159	1160	1161	1162	1164	1165	1166	1167	1168	1169	1170	1171	1172	1173	1174	1176	1177	1178	1179	
39	39	88	1001	1002	1003	1005	1006	1007	1008	1009	1010	1014	1015	1017	1018	1019	1020	1023	1024	1026	1028	1029	1034	1035	1036	1038	1039	1040	1041	1042	1043	1044	1045	1048	1051	1054	1055	1057	1058	1060	1061	1067	1068	1072	1078	1080	1085	1088	1089	1090	1094	1099	1100	1101	1103	1110	1111	1113	1115	1116	1118	1120	1121	1122	1123	1124	1125	1127	1129	1132	1135	1137	1139	1143	1146	1147	1148	1151	1152	1153	1156	1157	1158	1163	1164	1167	1168	1176	1177	1180	
40	40	151	1001	1003	1004	1005	1006	1007	1009	1010	1011	1012	1013	1014	1015	1016	1017	1018	1019	1021	1022	1023	1024	1025	1026	1027	1028	1029	1030	1031	1032	1033	1035	1036	1037	1038	1040	1041	1043	1044	1045	1046	1047	1048	1049	1050	1051	1052	1053	1055	1056	1057	1058	1059	1061	1062	1063	1064	1065	1066	1067	1068	1069	1070	1071	1072	1074	1075	1076	1079	1080	1082	1083	1085	1086	1087	1088	1089	1090	1091	1094	1095	1096	1097	1098	1100	1101	1102	1104	1105	1107	1108	1109	1110	1112	1114	1115	1116	1117	1118	1120	1121	1122	1124	1126	1127	1128	1129	1130	1131	1132	1133	1134	1135	1137	1139	1140	1141	1143	1144	1145	1146	1147	1148	1149	1150	1151	1152	1153	1154	1155	1156	1157	1158	1159	1160	1161	1162	1163	1164	1165	1167	1168	1169	1170	1172	1173	1174	1175	1177	1178	1179	1180	
41	41	80	1005	1007	1008	1009	1010	1013	1019	1021	1024	1025	1027	1028	1030	1031	1032	1034	1036	1038	1041	1044	1045	1048	1049	1050	1055	1057	1058	1059	1060	1061	1065	1067	1068	1070	1071	1074	1075	1076	1077	1079	1080	1082	1083	1084	1086	1091	1093	1094	1098	1099	1102	1103	1105	1108	1110	1111	1112	1114	1115	1122	1123	1124	1129	1132	1136	1138	1143	1147	1150	1153	1155	1157	1160	1161	1163	1168	1175	1177	1178	1179	
42	42	76	1001	1002	1003	1006	1011	1014	1015	1017	1018	1019	1023	1025	1026	1029	1032	1041	1043	1046	1048	1049	1051	1056	1059	1061	1067	1068	1069	1071	1073	1074	1075	1078	1079	1083	1087	1089	1090	1091	1092	1097	1101	1103	1104	1105	1107	1108	1110	1111	1112	1117	1118	1121	1122	1126	1133	1134	1135	1137	1139	1141	1142	1147	1150	1152	1153	1156	1157	1158	1159	1163	1164	1169	1174	1177	1179	1180	
43	43	56	1005	1013	1014	1016	1017	1021	1023	1027	1035	1036	1037	1041	1047	1049	1057	1059	1068	1070	1071	1081	1089	1090	1092	1093	1095	1096	1097	1098	1101	1105	1106	1109	1110	1112	1119	1120	1123	1124	1126	1127	1128	1129	1133	1135	1136	1140	1141	1145	1149	1150	1151	1157	1158	1162	1170	1171	
44	44	88	1002	1003	1006	1008	1009	1010	1011	1012	1013	1014	1017	1018	1021	1022	1024	1025	1027	1031	1033	1034	1036	1037	1041	1043	1046	1049	1054	1059	1060	1064	1065	1066	1067	1068	1069	1073	1074	1078	1080	1081	1082	1084	1085	1086	1087	1091	1093	1096	1098	1099	1102	1104	1110	1111	1112	1116	1118	1119	1120	1122	1124	1131	1132	1138	1139	1140	1141	1142	1143	1144	1145	1146	1147	1148	1151	1154	1155	1157	1165	1166	1167	1169	1171	1173	1174	1175	1178	1179	
45	45	81	1001	1005	1013	1014	1017	1018	1019	1020	1021	1023	1026	1027	1028	1030	1033	1034	1035	1038	1039	1041	1044	1045	1048	1049	1050	1051	1052	1055	1056	1058	1059	1062	1063	1070	1073	1082	1083	1085	1086	1088	1091	1092	1093	1094	1096	1097	1101	1110	1112	1113	1115	1116	1118	1120	1121	1122	1123	1124	1125	1126	1127	1129	1134	1137	1141	1142	1145	1148	1150	1151	1155	1156	1158	1164	1166	1169	1171	1172	1173	1174	1180	
46	46	162	1001	1002	1003	1004	1005	1006	1007	1008	1009	1011	1012	1013	1014	1015	1016	1017	1018	1019	1020	1022	1023	1024	1025	1026	1027	1028	1029	1030	1031	1032	1033	1034	1035	1036	1037	1038	1039	1040	1041	1042	1043	1044	1045	1046	1047	1049	1050	1051	1052	1053	1054	1055	1056	1057	1058	1059	1061	1062	1063	1065	1066	1068	1069	1072	1073	1074	1075	1078	1079	1080	1081	1082	1083	1085	1086	1087	1088	1089	1090	1091	1092	1093	1094	1095	1096	1097	1098	1099	1100	1101	1102	1103	1105	1108	1109	1110	1111	1112	1113	1114	1115	1116	1117	1118	1119	1120	1121	1123	1124	1125	1126	1127	1129	1130	1131	1132	1133	1134	1136	1137	1138	1139	1140	1141	1142	1143	1144	1145	1146	1147	1148	1149	1150	1151	1152	1153	1154	1155	1156	1157	1158	1159	1160	1161	1162	1163	1164	1165	1166	1167	1168	1169	1170	1171	1172	1173	1174	1175	1176	1177	1179	1180	
47	47	145	1002	1003	1004	1006	1008	1009	1014	1016	1018	1020	1021	1022	1023	1024	1025	1026	1027	1028	1029	1032	1033	1034	1035	1036	1037	1038	1039	1040	1041	1042	1043	1044	1045	1046	1047	1048	1051	1052	1054	1055	1056	1058	1059	1060	1061	1062	1063	1064	1065	1066	1067	1068	1069	1071	1072	1073	1074	1076	1077	1078	1079	1080	1081	1082	1083	1084	1085	1086	1087	1088	1089	1090	1091	1092	1093	1095	1096	1100	1101	1102	1105	1106	1108	1109	1110	1111	1112	1113	1114	1115	1116	1117	1118	1119	1120	1121	1122	1123	1124	1126	1127	1128	1132	1133	1134	1135	1136	1137	1138	1139	1140	1142	1143	1144	1145	1146	1147	1148	1149	1150	1151	1152	1153	1157	1158	1160	1161	1163	1164	1165	1166	1167	1168	1169	1170	1171	1172	1173	1174	1175	1176	1177	1178	1179	1180	
48	48	141	1001	1002	1003	1004	1005	1007	1008	1011	1012	1013	1015	1016	1017	1018	1019	1020	1023	1024	1025	1026	1027	1028	1029	1030	1031	1032	1033	1034	1035	1036	1039	1041	1042	1043	1044	1045	1046	1047	1048	1050	1051	1052	1054	1055	1056	1057	1059	1062	1064	1065	1066	1067	1069	1070	1071	1072	1073	1074	1075	1076	1080	1081	1082	1085	1086	1087	1088	1090	1091	1092	1093	1095	1096	1097	1099	1100	1101	1102	1103	1105	1106	1107	1108	1110	1111	1112	1113	1114	1115	1116	1117	1118	1119	1121	1122	1123	1124	1125	1126	1127	1129	1130	1131	1132	1133	1136	1137	1138	1139	1140	1141	1142	1143	1144	1146	1147	1149	1152	1154	1155	1156	1157	1158	1159	1160	1162	1163	1164	1167	1168	1169	1170	1171	1173	1174	1175	1176	1177	1178	1179	1180	
49	49	98	1002	1003	1006	1008	1009	1010	1012	1014	1016	1017	1018	1020	1022	1023	1024	1025	1028	1029	1032	1037	1038	1039	1040	1044	1045	1047	1048	1050	1051	1052	1054	1055	1056	1057	1062	1064	1066	1069	1075	1076	1079	1081	1083	1084	1086	1087	1089	1091	1092	1093	1094	1096	1097	1101	1102	1103	1105	1107	1108	1109	1110	1112	1114	1116	1120	1121	1122	1123	1127	1128	1131	1132	1139	1141	1144	1145	1146	1147	1149	1151	1152	1153	1154	1155	1156	1157	1158	1160	1161	1162	1166	1167	1169	1170	1174	1175	1177	1178	
50	50	117	1001	1002	1003	1005	1006	1007	1008	1011	1012	1013	1014	1015	1016	1018	1019	1020	1021	1022	1024	1026	1027	1028	1029	1030	1031	1032	1034	1035	1036	1037	1040	1041	1042	1044	1046	1048	1049	1051	1052	1053	1054	1057	1059	1061	1062	1063	1064	1065	1066	1068	1071	1074	1075	1079	1080	1081	1082	1083	1084	1085	1086	1087	1088	1089	1090	1091	1095	1096	1099	1101	1102	1105	1108	1109	1110	1111	1113	1114	1115	1117	1118	1122	1123	1124	1126	1127	1128	1131	1132	1136	1137	1140	1141	1142	1143	1146	1147	1148	1149	1150	1153	1154	1155	1157	1158	1159	1161	1163	1165	1168	1169	1170	1172	1174	1175	1176	1178	
51	51	92	1002	1005	1007	1008	1009	1013	1015	1017	1018	1019	1020	1023	1028	1029	1030	1033	1040	1041	1042	1043	1045	1046	1047	1048	1049	1053	1057	1058	1060	1061	1063	1064	1065	1066	1067	1069	1070	1073	1074	1076	1077	1079	1080	1085	1086	1087	1092	1094	1096	1097	1098	1100	1101	1102	1103	1104	1105	1106	1111	1113	1114	1115	1118	1119	1120	1123	1127	1129	1131	1137	1138	1141	1143	1148	1149	1150	1152	1154	1156	1157	1161	1164	1165	1167	1168	1169	1170	1172	1173	1176	1178	1179	
52	52	51	1003	1004	1005	1011	1012	1014	1015	1023	1025	1028	1038	1048	1054	1056	1060	1062	1064	1071	1072	1073	1074	1076	1077	1080	1081	1089	1090	1091	1093	1097	1101	1102	1105	1110	1115	1117	1119	1120	1123	1124	1125	1126	1133	1141	1145	1158	1170	1175	1176	1177	1178	
53	53	55	1008	1012	1013	1015	1021	1024	1025	1027	1029	1030	1032	1033	1035	1038	1042	1047	1048	1053	1055	1059	1061	1062	1063	1064	1069	1070	1089	1093	1096	1098	1100	1107	1108	1109	1111	1113	1115	1122	1125	1130	1133	1134	1136	1144	1146	1148	1151	1155	1161	1165	1170	1173	1177	1178	1180	
54	54	42	1007	1010	1011	1014	1020	1025	1026	1032	1036	1037	1038	1041	1048	1060	1061	1062	1064	1067	1077	1081	1086	1087	1088	1093	1095	1099	1103	1107	1113	1119	1123	1127	1128	1130	1133	1134	1141	1148	1150	1153	1156	1172	
55	55	167	1002	1003	1004	1005	1006	1007	1008	1009	1011	1012	1013	1014	1015	1016	1017	1018	1019	1020	1021	1022	1023	1024	1025	1026	1027	1028	1029	1030	1032	1033	1034	1035	1036	1037	1038	1039	1040	1041	1042	1043	1044	1045	1046	1047	1048	1049	1050	1051	1053	1054	1055	1056	1057	1058	1059	1060	1063	1064	1066	1067	1068	1069	1070	1071	1072	1073	1074	1075	1076	1077	1078	1079	1080	1081	1082	1083	1084	1085	1086	1088	1089	1090	1091	1092	1093	1094	1095	1096	1097	1098	1099	1100	1101	1102	1103	1104	1105	1106	1107	1108	1109	1110	1111	1112	1113	1114	1115	1116	1117	1118	1119	1120	1121	1122	1123	1124	1125	1126	1127	1128	1129	1130	1131	1132	1133	1134	1135	1136	1137	1138	1139	1140	1141	1142	1143	1145	1146	1147	1148	1149	1150	1151	1152	1153	1154	1156	1157	1158	1159	1160	1161	1162	1163	1164	1165	1166	1167	1169	1170	1172	1173	1174	1175	1176	1177	1178	1179	
56	56	47	1003	1004	1005	1010	1011	1013	1018	1022	1025	1029	1033	1037	1038	1044	1050	1052	1053	1061	1062	1070	1074	1081	1085	1086	1093	1095	1104	1107	1111	1118	1121	1129	1132	1134	1147	1148	1151	1154	1158	1160	1165	1166	1168	1171	1172	1176	1179	
57	57	65	1002	1005	1006	1009	1011	1013	1016	1018	1026	1027	1031	1032	1033	1034	1037	1038	1040	1043	1045	1046	1047	1056	1057	1064	1065	1066	1068	1069	1071	1074	1077	1081	1083	1088	1091	1097	1098	1099	1101	1112	1113	1116	1117	1119	1121	1124	1128	1136	1143	1145	1146	1148	1149	1155	1157	1158	1160	1161	1164	1168	1169	1170	1174	1176	1180	
58	58	83	1001	1003	1005	1006	1007	1010	1011	1015	1016	1017	1020	1021	1022	1025	1029	1033	1034	1037	1038	1043	1044	1045	1046	1051	1056	1058	1059	1061	1062	1063	1064	1066	1067	1072	1075	1076	1078	1081	1082	1083	1084	1086	1092	1093	1100	1104	1107	1108	1109	1111	1119	1121	1122	1126	1128	1131	1133	1134	1137	1140	1143	1144	1145	1146	1147	1148	1149	1150	1153	1154	1155	1156	1159	1161	1163	1164	1165	1166	1167	1168	1171	1173	1174	
59	59	108	1001	1002	1003	1005	1006	1007	1010	1011	1012	1014	1015	1017	1018	1020	1023	1029	1030	1033	1034	1035	1036	1037	1038	1041	1042	1046	1048	1049	1052	1053	1055	1060	1061	1062	1063	1064	1065	1067	1069	1070	1072	1074	1075	1076	1077	1078	1079	1080	1081	1083	1085	1088	1091	1092	1094	1095	1096	1097	1098	1099	1100	1101	1104	1105	1106	1108	1109	1110	1111	1115	1116	1118	1119	1120	1126	1127	1129	1130	1131	1133	1136	1137	1140	1142	1143	1145	1150	1151	1152	1155	1158	1159	1160	1161	1162	1163	1165	1166	1167	1169	1171	1172	1173	1174	1176	1177	1179	1180	
60	60	91	1002	1004	1005	1008	1009	1011	1015	1020	1021	1022	1023	1025	1026	1028	1031	1032	1033	1034	1035	1042	1044	1046	1049	1051	1057	1058	1061	1062	1063	1064	1066	1067	1069	1073	1074	1075	1076	1077	1078	1079	1080	1081	1082	1086	1087	1088	1089	1090	1092	1093	1097	1099	1101	1102	1104	1105	1106	1107	1109	1110	1111	1112	1114	1115	1116	1120	1122	1125	1128	1129	1132	1133	1135	1139	1141	1143	1145	1146	1148	1150	1151	1152	1153	1157	1162	1164	1166	1167	1168	1176	1178	
61	61	128	1001	1002	1003	1005	1012	1014	1015	1016	1017	1018	1019	1020	1021	1022	1023	1025	1026	1028	1030	1031	1032	1034	1037	1038	1039	1040	1041	1044	1045	1046	1047	1048	1049	1051	1052	1054	1055	1057	1058	1060	1061	1062	1063	1064	1065	1067	1068	1069	1071	1073	1078	1079	1080	1081	1082	1083	1085	1086	1088	1089	1090	1092	1095	1096	1097	1099	1100	1101	1104	1105	1106	1107	1108	1110	1111	1113	1114	1115	1116	1117	1118	1119	1120	1121	1122	1125	1126	1127	1129	1130	1133	1134	1135	1137	1138	1139	1140	1141	1142	1143	1144	1146	1147	1148	1149	1150	1151	1152	1154	1155	1156	1157	1160	1161	1162	1163	1165	1167	1169	1171	1172	1173	1174	1175	1177	1178	1179	1180	
62	62	138	1001	1002	1003	1004	1005	1008	1010	1011	1012	1015	1016	1017	1018	1020	1021	1022	1023	1024	1025	1027	1028	1030	1031	1032	1033	1034	1035	1036	1037	1039	1041	1042	1043	1045	1046	1047	1048	1049	1050	1051	1052	1054	1055	1056	1057	1059	1061	1063	1064	1065	1068	1069	1070	1071	1072	1073	1075	1076	1077	1079	1080	1081	1082	1083	1084	1086	1088	1089	1090	1091	1092	1093	1094	1096	1097	1098	1099	1101	1102	1103	1105	1106	1107	1108	1109	1110	1112	1114	1115	1116	1119	1120	1121	1122	1123	1124	1125	1126	1127	1128	1129	1131	1133	1134	1135	1136	1138	1139	1141	1142	1143	1144	1145	1146	1147	1148	1151	1152	1153	1154	1155	1157	1158	1159	1160	1162	1163	1164	1165	1166	1167	1168	1169	1170	1171	1175	1177	1180	
63	63	95	1003	1005	1006	1007	1010	1012	1013	1014	1016	1018	1021	1022	1023	1024	1025	1026	1027	1028	1029	1032	1034	1036	1039	1040	1042	1043	1046	1047	1048	1050	1053	1054	1057	1060	1062	1063	1064	1065	1069	1072	1073	1074	1078	1080	1083	1084	1086	1087	1088	1089	1091	1092	1093	1094	1099	1106	1109	1110	1112	1113	1114	1117	1121	1122	1123	1124	1125	1127	1128	1131	1133	1135	1138	1139	1142	1144	1145	1148	1149	1153	1154	1158	1159	1164	1165	1166	1168	1169	1170	1172	1175	1176	1178	1179	1180	
64	64	133	1002	1003	1004	1006	1012	1013	1015	1020	1021	1022	1023	1024	1025	1026	1027	1028	1029	1030	1031	1032	1033	1035	1036	1038	1039	1040	1043	1044	1046	1047	1049	1050	1052	1053	1055	1057	1058	1059	1060	1061	1062	1063	1064	1065	1066	1069	1070	1071	1072	1074	1075	1079	1080	1081	1082	1083	1084	1085	1086	1087	1088	1089	1090	1091	1093	1094	1095	1096	1097	1098	1099	1100	1101	1102	1104	1105	1106	1108	1109	1110	1113	1114	1115	1116	1117	1118	1119	1120	1122	1123	1124	1125	1128	1129	1130	1132	1133	1134	1135	1136	1138	1140	1141	1143	1144	1145	1146	1147	1148	1150	1151	1152	1153	1154	1155	1158	1159	1160	1161	1162	1164	1165	1166	1167	1168	1169	1170	1172	1174	1175	1176	1179	1180	
65	65	72	1001	1003	1005	1007	1008	1009	1010	1016	1017	1019	1021	1023	1025	1026	1029	1030	1031	1033	1034	1035	1036	1037	1039	1041	1048	1049	1051	1052	1054	1057	1058	1060	1065	1066	1072	1076	1079	1084	1086	1090	1091	1092	1096	1102	1103	1108	1109	1114	1117	1124	1125	1129	1130	1132	1134	1139	1141	1144	1145	1148	1149	1150	1153	1155	1158	1160	1161	1165	1168	1170	1172	1178	
66	66	42	1004	1005	1007	1008	1011	1015	1019	1023	1025	1028	1031	1044	1047	1049	1051	1056	1057	1058	1061	1066	1073	1087	1090	1091	1095	1099	1109	1111	1117	1125	1132	1147	1148	1149	1153	1157	1158	1159	1161	1167	1176	1178	
67	67	45	1001	1003	1004	1013	1014	1026	1030	1031	1036	1040	1043	1044	1049	1052	1060	1061	1073	1077	1078	1081	1087	1088	1089	1091	1092	1095	1101	1106	1107	1114	1117	1123	1125	1130	1133	1139	1140	1143	1146	1156	1158	1166	1169	1173	1179	
68	68	94	1001	1002	1003	1004	1006	1007	1008	1011	1015	1016	1019	1021	1023	1025	1026	1027	1028	1030	1031	1033	1035	1037	1039	1042	1043	1044	1045	1046	1047	1053	1054	1059	1060	1063	1064	1067	1069	1071	1072	1076	1080	1081	1083	1085	1088	1093	1096	1098	1100	1102	1104	1105	1106	1107	1109	1113	1114	1115	1116	1118	1121	1122	1124	1125	1126	1128	1129	1130	1134	1135	1136	1137	1138	1139	1140	1144	1145	1146	1150	1151	1152	1153	1157	1158	1159	1161	1163	1164	1169	1170	1171	1175	1178	1180	
69	69	142	1001	1002	1003	1004	1005	1006	1007	1008	1009	1010	1011	1012	1013	1014	1017	1018	1019	1020	1021	1022	1023	1024	1025	1026	1027	1028	1031	1032	1033	1034	1035	1036	1037	1038	1039	1040	1041	1042	1043	1044	1045	1047	1048	1050	1053	1054	1055	1056	1057	1058	1059	1060	1062	1063	1064	1066	1067	1068	1070	1071	1072	1074	1076	1077	1079	1080	1081	1082	1084	1085	1086	1087	1088	1089	1091	1092	1093	1094	1097	1098	1099	1100	1101	1102	1103	1104	1106	1109	1110	1111	1112	1114	1115	1117	1119	1120	1121	1122	1124	1125	1126	1127	1128	1130	1132	1133	1134	1135	1136	1139	1144	1145	1146	1147	1148	1149	1150	1151	1152	1153	1154	1155	1158	1159	1160	1162	1163	1165	1166	1167	1168	1169	1170	1171	1172	1173	1174	1175	1176	1177	1179	1180	
70	70	78	1001	1006	1007	1011	1013	1017	1023	1027	1028	1035	1040	1045	1046	1048	1049	1052	1055	1058	1061	1063	1064	1065	1070	1071	1072	1073	1076	1082	1085	1088	1089	1090	1096	1097	1099	1101	1103	1104	1109	1112	1113	1115	1118	1120	1123	1125	1127	1128	1129	1130	1132	1136	1138	1141	1142	1143	1145	1146	1148	1149	1150	1151	1152	1153	1154	1155	1160	1162	1164	1166	1168	1169	1170	1172	1175	1176	1179	1180	
71	71	96	1003	1004	1005	1006	1007	1008	1010	1011	1012	1014	1019	1020	1022	1030	1033	1035	1037	1040	1042	1043	1045	1049	1050	1052	1053	1054	1056	1057	1058	1062	1063	1064	1065	1066	1069	1071	1072	1073	1074	1077	1078	1079	1080	1081	1082	1084	1088	1089	1091	1093	1094	1096	1098	1103	1104	1106	1108	1109	1110	1113	1118	1119	1121	1122	1123	1124	1125	1127	1129	1130	1131	1132	1133	1135	1137	1140	1141	1142	1143	1145	1146	1147	1148	1149	1151	1152	1155	1160	1166	1167	1169	1170	1171	1173	1176	1180	
72	72	81	1001	1003	1005	1006	1007	1009	1010	1011	1013	1014	1016	1017	1018	1019	1021	1023	1024	1030	1031	1032	1033	1038	1046	1047	1051	1052	1055	1056	1058	1060	1061	1062	1066	1068	1072	1077	1078	1079	1081	1085	1089	1091	1092	1093	1095	1101	1102	1109	1110	1114	1116	1117	1118	1119	1121	1123	1127	1129	1130	1133	1134	1136	1137	1138	1139	1140	1145	1146	1148	1150	1152	1155	1157	1158	1161	1164	1165	1174	1177	1179	1180	
73	73	152	1001	1002	1003	1004	1005	1007	1008	1009	1010	1011	1012	1013	1014	1015	1016	1018	1019	1020	1021	1022	1024	1025	1026	1027	1028	1029	1030	1031	1032	1034	1035	1036	1037	1038	1039	1040	1041	1042	1045	1047	1048	1049	1050	1052	1053	1054	1055	1056	1058	1059	1060	1061	1062	1063	1064	1065	1067	1070	1071	1074	1075	1076	1078	1079	1080	1081	1082	1083	1084	1085	1086	1087	1088	1090	1091	1092	1093	1094	1095	1096	1097	1098	1099	1100	1101	1102	1103	1104	1105	1106	1107	1108	1109	1110	1111	1112	1114	1115	1116	1117	1118	1119	1120	1121	1122	1126	1127	1128	1129	1130	1131	1132	1134	1135	1136	1137	1138	1139	1140	1141	1144	1145	1146	1148	1149	1150	1151	1152	1153	1154	1157	1158	1159	1160	1161	1162	1163	1164	1165	1166	1167	1168	1169	1170	1171	1172	1173	1174	1175	1176	1177	1180	
74	74	50	1005	1007	1019	1020	1022	1025	1026	1031	1037	1041	1043	1049	1051	1053	1054	1058	1059	1064	1065	1068	1073	1077	1083	1086	1092	1097	1099	1122	1123	1125	1127	1129	1130	1132	1133	1134	1136	1141	1142	1144	1145	1149	1157	1158	1166	1167	1170	1173	1175	1176	
75	75	58	1003	1004	1006	1009	1011	1020	1023	1031	1035	1036	1038	1040	1044	1046	1048	1053	1054	1055	1058	1060	1061	1064	1071	1072	1077	1080	1085	1087	1091	1094	1100	1101	1102	1104	1106	1109	1110	1113	1115	1119	1122	1128	1134	1141	1145	1146	1148	1149	1152	1154	1157	1158	1168	1172	1175	1176	1177	1180	
76	76	87	1001	1002	1003	1005	1006	1010	1012	1016	1019	1020	1022	1027	1030	1031	1034	1035	1039	1040	1042	1043	1046	1047	1052	1058	1059	1061	1062	1063	1066	1067	1069	1071	1072	1079	1081	1083	1086	1088	1090	1092	1093	1094	1096	1098	1099	1101	1103	1105	1107	1108	1109	1114	1115	1119	1120	1121	1122	1123	1128	1130	1131	1134	1137	1138	1139	1140	1141	1142	1143	1144	1145	1147	1149	1152	1153	1159	1160	1161	1164	1165	1167	1171	1173	1174	1175	1179	1180	
77	77	161	1001	1002	1003	1004	1005	1006	1007	1008	1009	1010	1011	1012	1013	1014	1015	1016	1017	1019	1020	1021	1022	1023	1024	1025	1026	1027	1028	1029	1030	1032	1033	1034	1035	1036	1039	1040	1041	1043	1044	1045	1046	1047	1048	1049	1050	1051	1052	1053	1054	1055	1056	1057	1058	1059	1060	1061	1062	1063	1064	1065	1066	1067	1069	1071	1072	1073	1074	1075	1076	1077	1078	1079	1080	1081	1082	1083	1084	1085	1086	1087	1089	1090	1091	1093	1094	1095	1096	1097	1098	1099	1100	1102	1103	1104	1105	1106	1107	1108	1109	1110	1111	1112	1113	1114	1115	1116	1117	1118	1119	1120	1121	1122	1123	1124	1126	1127	1128	1129	1131	1132	1133	1134	1135	1136	1137	1139	1140	1141	1143	1144	1145	1147	1149	1151	1153	1154	1155	1156	1157	1158	1159	1160	1161	1162	1163	1164	1165	1166	1167	1168	1169	1170	1171	1172	1173	1174	1175	1176	1177	1179	1180	
78	78	97	1001	1002	1004	1005	1006	1011	1013	1014	1016	1020	1021	1022	1023	1024	1025	1026	1028	1030	1032	1033	1034	1036	1037	1040	1041	1042	1044	1045	1046	1047	1049	1050	1052	1053	1054	1056	1059	1060	1061	1065	1066	1067	1069	1072	1073	1081	1082	1083	1084	1085	1087	1090	1091	1093	1094	1095	1096	1098	1099	1100	1101	1102	1103	1105	1107	1110	1113	1121	1122	1124	1128	1130	1131	1132	1134	1135	1137	1138	1141	1143	1145	1148	1149	1150	1151	1152	1153	1155	1159	1161	1163	1164	1167	1172	1175	1177	1180	
79	79	154	1001	1002	1003	1004	1005	1008	1009	1010	1011	1012	1013	1014	1015	1017	1018	1019	1021	1022	1024	1025	1026	1027	1028	1029	1030	1031	1033	1034	1035	1036	1037	1038	1039	1040	1041	1042	1043	1044	1045	1046	1047	1048	1050	1052	1053	1054	1055	1056	1057	1058	1059	1060	1061	1063	1064	1065	1066	1067	1068	1069	1070	1071	1072	1073	1075	1076	1077	1078	1079	1080	1081	1083	1084	1085	1086	1088	1089	1090	1091	1092	1093	1094	1095	1097	1098	1099	1101	1102	1103	1104	1106	1108	1109	1110	1111	1112	1113	1114	1116	1117	1119	1120	1121	1122	1123	1124	1125	1128	1130	1131	1133	1134	1136	1137	1138	1140	1141	1142	1143	1144	1145	1146	1147	1148	1149	1150	1151	1152	1153	1154	1155	1156	1157	1158	1159	1160	1161	1162	1163	1166	1167	1168	1169	1170	1171	1172	1173	1174	1175	1176	1177	1178	1179	1180	
80	80	59	1008	1011	1013	1016	1017	1023	1026	1029	1033	1036	1048	1053	1054	1056	1058	1059	1060	1061	1064	1067	1068	1072	1073	1078	1079	1080	1082	1087	1088	1089	1090	1092	1095	1096	1101	1104	1106	1110	1112	1116	1117	1120	1124	1125	1129	1131	1135	1138	1144	1147	1152	1153	1155	1161	1163	1166	1168	1175	1178	
81	81	159	1001	1002	1003	1004	1005	1006	1007	1008	1009	1010	1011	1012	1013	1015	1016	1017	1018	1019	1020	1021	1022	1023	1024	1025	1026	1027	1028	1030	1031	1032	1033	1034	1037	1039	1040	1041	1042	1045	1046	1047	1048	1049	1050	1051	1052	1053	1054	1055	1056	1057	1058	1059	1060	1061	1062	1063	1064	1066	1067	1068	1069	1070	1071	1072	1073	1075	1076	1078	1079	1080	1081	1082	1083	1085	1086	1087	1088	1089	1091	1092	1093	1094	1095	1096	1097	1098	1099	1100	1101	1102	1103	1104	1105	1106	1107	1108	1111	1112	1114	1115	1116	1117	1119	1120	1121	1122	1123	1124	1125	1126	1127	1130	1131	1132	1133	1134	1135	1136	1137	1138	1139	1140	1141	1142	1144	1145	1146	1147	1148	1149	1150	1151	1152	1153	1154	1155	1156	1157	1159	1160	1161	1162	1164	1165	1166	1167	1168	1169	1170	1171	1172	1173	1174	1175	1176	1177	1178	1179	1180	
82	82	60	1001	1002	1005	1008	1011	1012	1014	1016	1017	1020	1021	1022	1023	1024	1029	1030	1031	1033	1035	1047	1048	1051	1062	1063	1065	1069	1071	1075	1083	1084	1085	1088	1091	1093	1094	1095	1098	1100	1105	1111	1119	1123	1124	1131	1132	1134	1136	1139	1140	1150	1152	1153	1156	1158	1165	1170	1171	1173	1178	1180	
83	83	70	1002	1003	1007	1008	1009	1020	1028	1031	1033	1037	1038	1040	1041	1043	1044	1046	1047	1051	1054	1055	1057	1058	1059	1062	1063	1064	1065	1069	1071	1074	1080	1084	1086	1087	1089	1094	1097	1098	1100	1102	1104	1105	1106	1108	1109	1110	1114	1120	1121	1127	1130	1131	1133	1135	1136	1140	1149	1150	1153	1154	1155	1156	1166	1167	1168	1170	1171	1175	1176	1177	
84	84	93	1001	1002	1003	1005	1006	1007	1008	1009	1010	1013	1015	1020	1022	1030	1037	1038	1041	1042	1043	1044	1046	1047	1048	1049	1054	1057	1059	1060	1061	1062	1063	1064	1065	1066	1067	1071	1076	1079	1084	1085	1086	1088	1089	1092	1093	1095	1097	1098	1099	1103	1104	1105	1106	1107	1108	1112	1114	1116	1117	1118	1120	1122	1125	1127	1128	1130	1136	1137	1138	1143	1145	1146	1147	1151	1152	1153	1156	1158	1159	1160	1161	1162	1164	1165	1166	1167	1168	1169	1172	1173	1175	1177	1179	
85	85	79	1005	1007	1009	1010	1014	1015	1017	1019	1025	1026	1027	1028	1030	1031	1034	1038	1039	1042	1044	1045	1046	1048	1049	1051	1052	1054	1055	1056	1061	1063	1064	1067	1070	1078	1085	1089	1090	1091	1095	1098	1100	1101	1103	1104	1107	1108	1109	1110	1113	1114	1120	1127	1128	1129	1130	1131	1135	1137	1138	1140	1143	1145	1146	1147	1148	1151	1153	1157	1160	1164	1168	1170	1171	1172	1175	1177	1178	1179	1180	
86	86	53	1001	1006	1008	1009	1013	1015	1016	1021	1024	1026	1033	1034	1036	1039	1041	1050	1063	1064	1066	1067	1076	1082	1083	1085	1090	1093	1095	1097	1102	1106	1107	1109	1110	1113	1121	1124	1126	1129	1135	1142	1146	1148	1149	1152	1156	1157	1158	1160	1165	1167	1175	1178	1179	
87	87	99	1001	1005	1006	1007	1008	1009	1011	1014	1015	1016	1018	1021	1023	1025	1028	1029	1034	1035	1037	1038	1040	1041	1043	1049	1050	1051	1052	1053	1055	1056	1059	1063	1064	1065	1066	1070	1071	1075	1076	1078	1079	1080	1086	1087	1089	1090	1091	1093	1096	1098	1099	1100	1103	1104	1106	1107	1108	1111	1113	1115	1116	1117	1118	1119	1121	1122	1124	1125	1129	1130	1131	1133	1135	1136	1138	1139	1141	1142	1143	1147	1148	1149	1150	1151	1152	1153	1156	1157	1158	1164	1170	1171	1172	1173	1174	1175	1176	1178	1180	
88	88	84	1003	1004	1005	1006	1008	1009	1010	1011	1012	1013	1014	1015	1016	1018	1019	1020	1022	1023	1024	1025	1029	1031	1032	1035	1036	1038	1040	1041	1042	1044	1045	1046	1050	1051	1055	1056	1058	1060	1064	1067	1069	1072	1074	1078	1079	1080	1081	1082	1083	1084	1085	1088	1093	1095	1096	1098	1099	1102	1103	1109	1111	1120	1122	1124	1126	1130	1131	1145	1146	1150	1152	1154	1156	1158	1159	1160	1161	1163	1164	1169	1171	1172	1175	1176	
89	89	153	1001	1002	1003	1004	1005	1006	1007	1008	1009	1011	1012	1013	1014	1015	1017	1018	1019	1020	1022	1024	1025	1026	1027	1029	1030	1031	1032	1033	1034	1035	1036	1037	1038	1039	1040	1041	1042	1043	1044	1045	1046	1047	1050	1051	1052	1054	1055	1056	1058	1059	1062	1063	1064	1065	1066	1067	1068	1069	1070	1074	1075	1077	1078	1079	1080	1081	1082	1084	1085	1086	1087	1088	1089	1090	1091	1092	1093	1094	1096	1097	1098	1099	1100	1101	1103	1104	1105	1106	1107	1108	1109	1111	1112	1113	1114	1115	1116	1117	1119	1120	1121	1122	1123	1124	1125	1126	1128	1129	1131	1133	1134	1135	1136	1139	1140	1141	1142	1143	1144	1145	1146	1147	1148	1149	1150	1151	1152	1153	1154	1155	1156	1157	1158	1159	1161	1162	1163	1164	1165	1166	1167	1169	1170	1171	1172	1173	1174	1175	1176	1177	1178	1179	1180	
90	90	62	1005	1007	1011	1012	1016	1019	1021	1030	1032	1034	1039	1042	1045	1046	1050	1052	1053	1055	1057	1061	1062	1064	1067	1070	1076	1080	1081	1085	1087	1090	1092	1101	1104	1106	1113	1117	1119	1121	1123	1127	1130	1131	1132	1136	1138	1141	1142	1145	1146	1147	1148	1152	1155	1160	1164	1165	1166	1171	1172	1175	1176	1179	
91	91	116	1001	1002	1004	1005	1006	1007	1011	1013	1015	1016	1018	1021	1022	1024	1025	1027	1028	1030	1031	1032	1034	1036	1038	1043	1044	1045	1046	1049	1050	1051	1053	1054	1055	1058	1059	1060	1061	1063	1066	1068	1069	1070	1071	1072	1073	1074	1076	1077	1081	1082	1083	1084	1085	1086	1087	1089	1090	1091	1092	1093	1094	1095	1099	1100	1104	1105	1106	1107	1108	1109	1110	1113	1114	1116	1118	1120	1121	1122	1123	1125	1126	1127	1129	1130	1132	1136	1138	1140	1142	1143	1145	1146	1147	1149	1150	1151	1152	1153	1155	1157	1158	1161	1162	1163	1164	1165	1166	1169	1170	1171	1172	1174	1175	1176	1177	1178	
92	92	82	1006	1007	1008	1009	1012	1013	1016	1017	1022	1024	1025	1026	1027	1029	1030	1031	1033	1034	1038	1039	1040	1042	1043	1046	1047	1051	1052	1056	1057	1060	1061	1062	1070	1071	1074	1075	1076	1080	1085	1086	1089	1090	1091	1093	1096	1100	1102	1103	1106	1107	1111	1113	1114	1117	1118	1120	1121	1122	1123	1125	1126	1129	1131	1133	1136	1138	1139	1140	1144	1146	1149	1151	1155	1156	1157	1158	1160	1161	1164	1168	1176	1178	
93	93	91	1003	1004	1005	1008	1011	1013	1016	1017	1018	1019	1022	1024	1025	1028	1031	1032	1033	1034	1036	1038	1042	1045	1046	1048	1049	1057	1058	1059	1061	1062	1063	1065	1067	1068	1069	1070	1073	1074	1075	1077	1078	1080	1081	1082	1084	1085	1086	1087	1089	1090	1091	1092	1095	1097	1098	1099	1102	1104	1105	1110	1115	1117	1118	1119	1120	1121	1125	1128	1131	1132	1133	1136	1138	1140	1142	1143	1144	1148	1153	1155	1157	1158	1163	1167	1168	1169	1171	1173	1174	1177	1178	
94	94	37	1005	1006	1009	1011	1015	1018	1038	1040	1042	1046	1056	1064	1068	1072	1079	1081	1082	1083	1085	1092	1094	1100	1101	1102	1108	1109	1110	1112	1116	1128	1129	1136	1140	1151	1157	1162	1175	
95	95	139	1001	1002	1003	1004	1005	1006	1007	1008	1010	1012	1014	1015	1019	1021	1022	1024	1025	1026	1027	1028	1030	1031	1032	1033	1034	1035	1036	1037	1038	1039	1040	1043	1044	1045	1046	1047	1048	1051	1052	1054	1056	1057	1058	1059	1060	1061	1062	1063	1064	1065	1067	1068	1069	1070	1071	1072	1073	1074	1075	1076	1078	1079	1080	1081	1084	1086	1087	1088	1090	1093	1095	1096	1098	1099	1100	1101	1103	1104	1105	1106	1107	1108	1109	1110	1111	1112	1113	1114	1115	1116	1117	1118	1119	1120	1122	1123	1124	1125	1126	1127	1129	1131	1133	1134	1135	1137	1138	1139	1140	1141	1142	1144	1145	1146	1150	1151	1153	1154	1155	1158	1159	1161	1162	1164	1165	1166	1167	1169	1170	1171	1172	1173	1174	1175	1176	1177	1178	1179	1180	
96	96	137	1001	1002	1004	1005	1007	1008	1010	1011	1013	1014	1015	1016	1017	1019	1020	1021	1022	1023	1024	1026	1027	1028	1029	1030	1032	1033	1035	1037	1039	1040	1041	1042	1043	1044	1045	1046	1047	1048	1050	1051	1052	1053	1054	1055	1057	1058	1059	1060	1061	1064	1066	1067	1068	1069	1070	1071	1072	1074	1075	1076	1078	1079	1080	1081	1083	1087	1088	1089	1090	1091	1092	1093	1095	1096	1098	1099	1100	1102	1103	1104	1105	1106	1107	1108	1109	1110	1111	1112	1114	1115	1117	1119	1120	1121	1122	1123	1125	1127	1129	1131	1132	1133	1134	1135	1136	1138	1139	1140	1142	1143	1144	1145	1146	1148	1149	1150	1152	1153	1154	1156	1157	1159	1160	1162	1163	1166	1167	1168	1170	1171	1172	1174	1176	1177	1178	1179	1180	
97	97	167	1001	1002	1003	1004	1005	1006	1007	1008	1009	1011	1012	1013	1014	1015	1016	1017	1018	1019	1020	1021	1022	1023	1025	1026	1027	1028	1029	1030	1031	1032	1033	1034	1036	1037	1038	1039	1040	1041	1042	1043	1044	1045	1047	1048	1049	1050	1051	1052	1053	1054	1055	1056	1057	1058	1060	1061	1062	1063	1064	1066	1067	1068	1069	1070	1071	1073	1074	1075	1077	1078	1079	1082	1083	1084	1085	1086	1087	1088	1089	1090	1091	1092	1093	1094	1095	1096	1097	1098	1099	1101	1102	1103	1104	1105	1106	1107	1108	1109	1110	1111	1112	1113	1116	1117	1118	1119	1120	1121	1122	1123	1124	1125	1126	1127	1128	1129	1130	1131	1132	1133	1134	1135	1136	1137	1138	1139	1140	1141	1142	1143	1144	1145	1146	1147	1148	1149	1150	1151	1152	1153	1154	1155	1156	1157	1158	1159	1160	1161	1162	1163	1164	1165	1166	1167	1168	1169	1170	1171	1172	1173	1174	1175	1176	1177	1178	1179	1180	
98	98	72	1005	1007	1008	1010	1011	1012	1019	1020	1024	1025	1030	1034	1035	1038	1039	1043	1044	1047	1049	1052	1053	1055	1057	1060	1064	1066	1067	1069	1080	1081	1082	1087	1088	1093	1095	1098	1099	1102	1105	1106	1109	1110	1111	1114	1117	1118	1119	1121	1126	1127	1129	1132	1136	1138	1139	1140	1142	1145	1148	1152	1157	1158	1163	1164	1167	1169	1172	1173	1176	1177	1178	1180	
99	99	47	1002	1022	1025	1032	1033	1037	1040	1042	1048	1049	1052	1056	1057	1063	1064	1065	1069	1070	1074	1077	1080	1085	1089	1092	1095	1098	1102	1105	1106	1108	1110	1112	1113	1122	1125	1132	1133	1138	1149	1154	1157	1160	1163	1165	1168	1172	1174	
100	100	72	1001	1002	1007	1017	1025	1026	1028	1032	1034	1036	1038	1042	1043	1044	1045	1047	1051	1053	1055	1056	1060	1062	1065	1067	1069	1071	1072	1076	1077	1079	1080	1081	1084	1089	1090	1098	1099	1102	1103	1107	1109	1110	1112	1113	1114	1117	1120	1121	1124	1125	1126	1128	1132	1136	1138	1139	1141	1142	1144	1147	1148	1154	1156	1163	1164	1165	1168	1170	1173	1174	1178	1179	
101	101	112	1001	1002	1003	1004	1005	1007	1008	1009	1012	1013	1014	1015	1017	1018	1019	1020	1021	1022	1023	1025	1027	1030	1032	1033	1034	1035	1036	1038	1039	1041	1042	1043	1044	1045	1046	1048	1052	1053	1054	1058	1059	1062	1065	1067	1069	1070	1073	1074	1075	1078	1079	1080	1082	1083	1086	1087	1088	1089	1090	1091	1094	1095	1097	1098	1099	1104	1106	1107	1109	1111	1112	1114	1115	1116	1117	1118	1122	1123	1124	1125	1126	1129	1130	1131	1132	1134	1135	1136	1137	1139	1142	1143	1146	1147	1148	1149	1151	1153	1156	1158	1159	1160	1161	1164	1165	1168	1170	1172	1173	1174	1176	1177	
102	102	120	1005	1007	1008	1009	1010	1012	1013	1016	1017	1018	1019	1020	1027	1028	1029	1031	1032	1033	1034	1035	1036	1037	1038	1040	1041	1043	1044	1045	1046	1047	1048	1049	1052	1053	1054	1055	1060	1061	1063	1064	1065	1066	1067	1068	1069	1073	1074	1075	1076	1077	1078	1079	1080	1081	1082	1083	1084	1086	1087	1088	1090	1091	1092	1095	1096	1099	1100	1101	1102	1104	1105	1106	1108	1109	1111	1112	1116	1118	1119	1120	1121	1122	1123	1124	1126	1127	1128	1130	1132	1133	1134	1136	1137	1138	1139	1140	1142	1143	1144	1145	1146	1147	1151	1153	1154	1155	1157	1158	1160	1162	1164	1165	1167	1170	1173	1174	1175	1176	1177	1179	
103	103	42	1007	1011	1016	1017	1019	1026	1030	1031	1032	1035	1042	1044	1053	1058	1065	1067	1073	1074	1081	1082	1086	1096	1105	1113	1114	1120	1121	1123	1125	1131	1132	1138	1140	1148	1149	1151	1153	1156	1162	1163	1170	1180	
104	104	77	1001	1003	1004	1006	1007	1011	1014	1016	1018	1020	1027	1029	1032	1034	1040	1042	1045	1046	1048	1050	1053	1054	1059	1061	1065	1066	1067	1069	1072	1074	1077	1078	1080	1084	1088	1089	1093	1096	1097	1098	1099	1100	1101	1102	1104	1108	1110	1112	1114	1119	1121	1126	1127	1128	1129	1132	1140	1141	1143	1144	1147	1149	1150	1151	1152	1153	1154	1155	1157	1159	1165	1167	1172	1174	1176	1178	1180	
105	105	104	1001	1003	1005	1007	1010	1015	1016	1018	1019	1020	1021	1023	1024	1030	1031	1032	1033	1035	1036	1037	1039	1044	1045	1046	1047	1048	1049	1050	1051	1053	1054	1056	1058	1061	1062	1064	1066	1067	1070	1071	1073	1076	1077	1081	1082	1083	1085	1086	1087	1088	1090	1091	1095	1097	1098	1099	1101	1102	1104	1108	1109	1116	1118	1119	1120	1121	1123	1124	1125	1126	1128	1132	1133	1134	1135	1136	1137	1138	1139	1140	1141	1145	1147	1150	1151	1153	1154	1155	1158	1160	1162	1163	1165	1167	1168	1171	1172	1173	1175	1176	1177	1178	1179	1180	
106	106	90	1001	1002	1004	1005	1007	1012	1014	1015	1016	1018	1019	1021	1022	1024	1027	1028	1034	1036	1038	1041	1043	1044	1046	1049	1053	1054	1056	1058	1060	1062	1063	1065	1066	1068	1069	1070	1071	1074	1077	1078	1081	1083	1087	1089	1090	1091	1092	1093	1094	1095	1099	1100	1102	1104	1109	1111	1115	1119	1121	1122	1123	1124	1125	1128	1129	1130	1134	1135	1136	1138	1139	1144	1145	1146	1147	1153	1154	1158	1159	1160	1161	1162	1167	1168	1173	1174	1176	1177	1178	1179	
107	107	170	1001	1002	1003	1004	1005	1006	1008	1009	1010	1011	1012	1013	1014	1015	1016	1017	1018	1020	1021	1022	1023	1024	1025	1026	1027	1028	1029	1030	1031	1032	1033	1034	1035	1036	1037	1038	1039	1040	1041	1042	1043	1044	1047	1048	1049	1050	1051	1052	1053	1054	1055	1056	1057	1058	1059	1060	1061	1063	1064	1065	1066	1067	1068	1069	1070	1071	1072	1073	1074	1075	1076	1077	1078	1079	1080	1081	1082	1083	1084	1085	1086	1087	1088	1090	1091	1092	1093	1094	1095	1096	1097	1099	1100	1101	1102	1103	1104	1105	1106	1107	1108	1109	1110	1111	1112	1113	1114	1115	1116	1117	1118	1119	1120	1121	1122	1123	1124	1125	1126	1127	1128	1129	1130	1131	1132	1133	1134	1135	1136	1138	1139	1140	1141	1142	1143	1144	1145	1146	1147	1149	1150	1151	1152	1153	1154	1155	1156	1157	1158	1159	1160	1161	1162	1163	1164	1165	1166	1168	1169	1170	1171	1172	1173	1174	1175	1176	1177	1178	1179	1180	
108	108	159	1001	1002	1003	1004	1005	1006	1007	1008	1009	1010	1011	1012	1013	1014	1015	1016	1017	1018	1019	1020	1021	1022	1023	1024	1025	1026	1027	1028	1029	1030	1031	1032	1033	1034	1036	1037	1038	1039	1040	1041	1042	1043	1044	1046	1047	1048	1049	1050	1051	1052	1053	1054	1055	1056	1057	1058	1060	1061	1062	1063	1064	1065	1067	1068	1069	1070	1071	1073	1074	1075	1076	1077	1080	1081	1082	1084	1085	1086	1087	1089	1090	1091	1092	1093	1094	1095	1096	1098	1099	1101	1102	1104	1105	1107	1109	1110	1112	1113	1114	1115	1116	1118	1120	1121	1122	1123	1124	1125	1126	1128	1129	1130	1131	1132	1133	1134	1136	1137	1138	1139	1140	1141	1142	1143	1144	1145	1146	1148	1149	1150	1151	1152	1153	1154	1155	1156	1157	1158	1159	1160	1161	1162	1163	1164	1165	1166	1167	1168	1169	1171	1172	1173	1174	1175	1176	1177	1178	1179	1180	
109	109	157	1001	1002	1003	1005	1006	1007	1008	1009	1010	1011	1012	1013	1014	1015	1016	1018	1019	1020	1021	1022	1023	1024	1025	1026	1028	1029	1030	1032	1033	1034	1035	1036	1037	1038	1039	1040	1043	1044	1045	1046	1047	1048	1050	1051	1052	1053	1054	1055	1056	1057	1059	1060	1061	1062	1063	1064	1065	1066	1067	1068	1069	1070	1071	1072	1073	1074	1075	1076	1077	1078	1079	1080	1081	1082	1083	1084	1085	1086	1087	1088	1089	1090	1091	1092	1093	1094	1095	1096	1097	1098	1099	1100	1101	1102	1103	1105	1106	1107	1108	1109	1110	1111	1112	1113	1114	1115	1116	1117	1118	1119	1121	1123	1124	1125	1126	1128	1129	1130	1131	1133	1134	1137	1138	1139	1140	1141	1142	1143	1144	1145	1146	1148	1149	1150	1152	1153	1154	1155	1156	1157	1158	1160	1161	1162	1163	1165	1167	1168	1169	1170	1171	1173	1174	1175	1176	1177	1179	
110	110	49	1004	1005	1009	1012	1013	1019	1024	1025	1027	1028	1030	1033	1034	1039	1040	1044	1047	1048	1049	1059	1060	1062	1064	1068	1074	1079	1080	1084	1088	1093	1098	1099	1101	1107	1109	1113	1117	1122	1126	1133	1142	1143	1149	1152	1155	1161	1163	1166	1170	
111	111	179	1001	1002	1003	1004	1005	1006	1007	1008	1009	1010	1011	1012	1013	1014	1015	1016	1017	1018	1019	1020	1021	1022	1023	1024	1025	1026	1027	1028	1029	1030	1031	1032	1033	1034	1035	1036	1037	1038	1039	1040	1041	1042	1043	1044	1045	1046	1047	1048	1049	1050	1051	1052	1053	1054	1055	1056	1057	1058	1059	1060	1061	1062	1063	1064	1065	1066	1067	1068	1069	1070	1071	1072	1073	1074	1075	1076	1077	1078	1079	1080	1081	1082	1083	1084	1085	1086	1087	1088	1089	1090	1091	1092	1093	1094	1095	1096	1097	1098	1099	1100	1101	1102	1103	1104	1105	1106	1107	1108	1109	1110	1111	1112	1113	1114	1115	1116	1117	1118	1119	1120	1121	1122	1123	1124	1125	1126	1127	1128	1129	1130	1131	1132	1133	1134	1135	1136	1137	1138	1139	1140	1141	1142	1144	1145	1146	1147	1148	1149	1150	1151	1152	1153	1154	1155	1156	1157	1158	1159	1160	1161	1162	1163	1164	1165	1166	1167	1168	1169	1170	1171	1172	1173	1174	1175	1176	1177	1178	1179	1180	
112	112	173	1001	1002	1003	1004	1005	1006	1007	1008	1009	1010	1011	1012	1013	1014	1015	1016	1017	1018	1019	1020	1022	1023	1024	1025	1026	1027	1028	1029	1030	1031	1032	1033	1034	1035	1036	1037	1038	1039	1040	1041	1042	1043	1044	1045	1047	1048	1049	1051	1052	1053	1054	1055	1056	1057	1058	1059	1060	1061	1062	1063	1064	1065	1066	1067	1068	1069	1070	1071	1072	1073	1074	1075	1076	1077	1078	1079	1080	1081	1082	1083	1084	1085	1086	1087	1088	1089	1090	1091	1092	1093	1094	1095	1097	1098	1100	1101	1102	1103	1104	1105	1106	1107	1108	1109	1110	1111	1112	1113	1114	1115	1116	1117	1118	1119	1120	1121	1122	1123	1124	1125	1126	1127	1128	1129	1130	1131	1132	1133	1134	1135	1136	1137	1138	1139	1140	1142	1143	1144	1145	1146	1147	1148	1149	1150	1151	1152	1153	1154	1155	1156	1157	1158	1159	1160	1161	1162	1163	1164	1165	1166	1167	1168	1169	1170	1171	1173	1174	1175	1176	1177	1178	1179	1180	
113	113	89	1001	1002	1003	1004	1006	1007	1014	1016	1017	1020	1024	1025	1026	1029	1031	1032	1033	1034	1035	1038	1039	1041	1044	1045	1047	1050	1051	1052	1054	1056	1057	1059	1064	1065	1066	1067	1070	1073	1074	1075	1076	1077	1080	1081	1082	1085	1093	1096	1097	1098	1103	1107	1108	1110	1111	1112	1113	1114	1115	1117	1119	1121	1123	1124	1125	1127	1128	1132	1133	1134	1136	1137	1138	1143	1151	1152	1156	1157	1158	1159	1161	1162	1163	1165	1166	1169	1174	1175	1178	
114	114	154	1002	1003	1004	1005	1007	1008	1009	1010	1011	1012	1013	1015	1016	1018	1019	1020	1021	1022	1025	1026	1027	1029	1030	1031	1033	1034	1035	1038	1040	1041	1042	1043	1044	1045	1046	1047	1048	1049	1050	1051	1052	1053	1054	1055	1056	1058	1059	1060	1061	1062	1063	1064	1065	1066	1067	1068	1069	1070	1071	1072	1073	1075	1076	1077	1078	1080	1081	1082	1083	1084	1085	1086	1087	1088	1089	1090	1091	1092	1093	1094	1095	1096	1097	1099	1100	1101	1102	1103	1104	1105	1106	1107	1108	1110	1111	1112	1114	1115	1116	1117	1118	1119	1120	1123	1125	1126	1128	1129	1130	1131	1132	1133	1134	1135	1136	1137	1138	1140	1141	1142	1143	1145	1146	1148	1149	1150	1151	1152	1153	1154	1155	1156	1157	1158	1159	1160	1161	1162	1163	1164	1165	1166	1167	1168	1169	1170	1172	1173	1175	1176	1177	1178	1179	1180	
115	115	50	1002	1005	1008	1010	1012	1018	1019	1029	1033	1035	1039	1041	1044	1045	1052	1059	1060	1067	1069	1070	1073	1075	1087	1092	1093	1101	1102	1104	1105	1106	1111	1113	1130	1132	1133	1135	1137	1143	1146	1147	1154	1157	1160	1161	1162	1168	1169	1170	1173	1177	
116	116	88	1001	1003	1005	1006	1007	1008	1010	1012	1013	1016	1018	1019	1020	1024	1025	1027	1029	1030	1034	1037	1039	1041	1043	1046	1047	1048	1049	1052	1053	1058	1059	1065	1067	1068	1071	1072	1073	1074	1077	1078	1079	1080	1081	1083	1088	1089	1093	1095	1098	1100	1104	1109	1113	1115	1116	1118	1120	1121	1123	1125	1126	1127	1128	1133	1134	1136	1137	1139	1142	1145	1146	1148	1152	1155	1157	1158	1165	1166	1167	1168	1171	1172	1175	1176	1177	1178	1179	1180	
117	117	76	1001	1002	1003	1004	1008	1009	1010	1012	1013	1017	1018	1019	1020	1021	1030	1031	1034	1035	1036	1037	1038	1039	1043	1048	1050	1052	1058	1061	1062	1064	1065	1066	1068	1069	1072	1073	1075	1077	1082	1083	1084	1092	1093	1095	1097	1098	1100	1104	1105	1107	1109	1112	1114	1115	1116	1118	1123	1126	1131	1133	1136	1137	1138	1139	1143	1148	1151	1152	1153	1156	1160	1171	1172	1177	1178	1180	
118	118	143	1001	1002	1003	1004	1005	1006	1007	1008	1009	1010	1011	1012	1014	1016	1018	1019	1021	1023	1024	1025	1026	1028	1029	1030	1031	1032	1033	1034	1036	1037	1038	1039	1040	1041	1042	1043	1044	1045	1047	1048	1049	1051	1052	1054	1055	1057	1058	1059	1060	1061	1063	1064	1065	1066	1068	1069	1070	1071	1072	1074	1075	1076	1077	1078	1079	1082	1083	1084	1086	1087	1088	1090	1092	1093	1094	1096	1097	1098	1099	1100	1102	1103	1105	1106	1107	1109	1112	1113	1114	1116	1119	1121	1123	1124	1126	1128	1129	1130	1131	1132	1133	1134	1135	1136	1137	1138	1140	1141	1143	1144	1145	1146	1147	1148	1149	1150	1151	1152	1153	1154	1155	1156	1157	1158	1160	1161	1163	1164	1165	1166	1167	1168	1169	1170	1171	1172	1173	1174	1176	1177	1178	1179	1180	
119	119	102	1001	1002	1003	1005	1006	1009	1010	1013	1017	1018	1019	1020	1021	1024	1026	1031	1033	1035	1039	1040	1041	1042	1043	1044	1045	1046	1048	1050	1051	1054	1055	1056	1057	1060	1061	1063	1065	1066	1068	1069	1071	1072	1073	1074	1075	1076	1079	1080	1087	1089	1092	1093	1095	1098	1104	1105	1106	1108	1110	1113	1115	1116	1117	1120	1121	1124	1126	1128	1129	1130	1133	1135	1138	1139	1141	1142	1143	1145	1146	1147	1148	1149	1154	1155	1156	1158	1160	1163	1164	1165	1166	1168	1169	1170	1171	1172	1173	1174	1175	1178	1179	1180	
120	120	57	1004	1005	1009	1012	1013	1018	1020	1021	1023	1031	1039	1050	1051	1054	1056	1057	1060	1063	1064	1066	1070	1073	1082	1083	1088	1090	1095	1100	1104	1109	1112	1115	1117	1120	1123	1124	1128	1130	1133	1134	1135	1138	1139	1142	1143	1146	1150	1151	1162	1163	1166	1167	1168	1172	1173	1174	1178	
