-1	1	2	3	4	5	6	7	8	9	10	11	12	13	14	15	16	17	18	19	20	21	22	23	24	25	26	27	28	29	30	31	32	33	34	35	36	37	38	39	40	41	42	43	44	45	46	47	48	49	50	51	52	53	54	55	56	57	58	59	60	61	62	63	64	65	66	67	68	69	70	71	72	73	74	75	76	77	78	79	80	81	82	83	84	85	86	87	88	89	90	91	92	93	94	95	96	97	98	99	100	101	102	103	104	105	106	107	108	109	110	111	112	113	114	115	116	117	118	119	120	
1001	900	997	897	521	125	479	157	821	37	556	111	275	501	496	931	199	249	848	199	578	892	516	977	959	667	155	48	747	649	555	238	559	366	649	267	247	397	446	333	992	110	907	744	358	497	534	721	675	517	357	511	551	48	266	507	172	535	680	639	49	1000	710	430	570	102	681	459	470	981	6	308	25	903	416	336	730	278	479	606	703	827	722	928	424	15	742	776	986	456	303	618	685	789	374	619	296	797	684	656	684	581	311	441	494	345	258	87	56	582	313	988	202	541	126	786	685	522	485	951	625	
1002	407	416	624	928	237	324	226	411	971	810	370	717	224	404	577	636	98	822	681	727	431	578	228	449	81	582	39	648	146	977	681	303	9	89	352	217	163	681	215	640	413	729	456	29	481	182	48	872	696	364	699	457	167	633	670	616	588	203	636	363	547	573	346	566	540	622	807	40	655	602	414	915	675	686	319	812	459	534	749	260	995	161	888	334	729	255	710	610	903	306	613	985	616	843	877	482	529	230	372	901	858	848	577	406	909	112	317	411	942	68	583	905	803	358	7	37	431	559	669	967	
1003	633	555	723	994	363	128	211	991	985	414	191	92	651	55	783	290	903	259	362	353	401	357	952	882	793	496	901	62	734	163	726	243	162	724	369	193	326	20	880	967	728	215	887	548	393	264	687	787	116	938	17	293	996	409	278	549	701	778	615	753	286	177	665	669	565	138	603	828	699	610	587	289	386	342	621	826	700	988	797	623	734	57	616	234	93	674	734	383	543	495	451	805	726	757	62	774	136	27	225	996	994	712	234	812	887	507	609	399	507	538	763	582	901	71	750	55	12	688	207	750	
1004	734	569	165	414	553	934	166	637	305	154	360	572	48	390	881	783	406	723	451	831	133	431	938	226	654	669	276	82	819	552	274	618	799	16	183	23	275	265	550	987	99	663	65	32	632	431	167	859	951	882	269	463	282	691	217	475	389	435	826	246	731	826	372	883	674	193	851	232	237	78	350	339	753	144	822	822	850	932	63	58	502	967	14	43	562	933	43	115	380	769	41	457	992	893	948	611	631	621	34	337	118	599	781	700	363	109	288	703	380	975	752	485	171	138	557	451	221	518	225	767	
1005	975	360	978	699	585	465	138	87	401	308	874	125	322	84	542	401	190	527	978	272	142	979	938	446	747	875	416	731	773	667	753	482	12	936	153	82	702	411	728	672	64	352	228	68	480	522	801	627	138	706	495	405	754	207	148	872	194	120	209	237	68	992	320	41	426	25	870	902	83	764	806	3	953	255	327	890	273	384	270	713	59	937	647	491	867	461	536	903	534	547	182	945	737	152	109	288	879	289	794	824	1	290	27	144	67	976	409	63	405	214	740	83	943	206	672	306	272	253	920	444	
1006	124	464	361	853	821	758	567	924	35	436	270	536	317	671	376	759	188	492	659	851	347	396	73	903	134	821	226	267	654	579	384	489	925	726	891	992	460	766	742	233	509	316	570	968	126	715	961	733	131	439	350	788	143	349	771	634	292	187	995	650	993	721	593	279	659	720	705	466	96	626	125	293	296	571	346	81	92	598	309	349	524	890	640	897	987	407	714	722	350	876	421	190	621	947	89	82	985	743	641	858	703	460	709	786	155	576	56	626	312	152	115	783	423	30	865	127	287	306	652	637	
1007	839	608	391	915	88	175	556	660	634	533	185	353	851	236	206	23	555	291	397	674	138	986	634	829	122	194	633	938	943	786	668	663	36	797	797	274	600	66	707	391	81	116	736	839	775	900	938	171	276	171	384	89	11	748	552	846	743	393	606	165	677	765	527	535	44	58	151	123	939	428	128	216	781	958	837	513	441	571	950	584	52	184	620	494	155	208	375	985	475	295	901	448	492	987	742	539	446	296	934	910	418	444	835	119	740	923	712	214	448	643	865	349	506	881	800	616	882	390	992	703	
1008	333	951	753	141	302	265	84	138	712	666	106	348	210	660	493	49	475	163	343	324	650	429	731	807	184	430	904	433	462	482	559	318	769	388	379	695	237	95	289	329	640	299	208	898	38	91	834	569	214	188	787	294	650	968	634	970	308	516	134	975	648	975	522	691	469	348	340	762	304	657	843	538	250	57	967	467	992	967	581	246	500	61	995	508	378	467	833	251	606	731	337	605	548	485	200	169	591	935	981	806	998	727	377	61	773	668	696	615	280	249	279	799	61	484	670	49	18	726	49	754	
1009	555	569	346	50	685	608	200	201	524	365	988	729	433	932	43	272	595	962	598	630	250	416	28	993	737	773	922	506	201	873	896	839	204	143	686	186	63	939	166	890	996	885	931	888	23	420	635	413	39	822	833	450	167	582	278	688	766	56	65	226	468	306	100	639	862	163	737	972	227	488	605	82	431	652	884	619	400	392	837	459	168	659	431	597	555	316	436	371	322	62	109	474	686	219	639	733	216	988	76	408	209	960	60	336	413	339	326	442	518	344	426	738	422	115	665	445	85	256	471	864	
1010	56	311	834	440	429	559	631	459	307	206	943	320	466	388	278	798	873	129	397	751	878	488	178	513	83	733	515	316	219	125	361	557	629	693	34	362	855	990	911	983	992	791	703	833	527	988	827	641	975	629	741	828	999	426	771	816	253	69	80	393	428	992	812	885	630	138	322	508	363	372	283	988	9	960	570	68	534	340	807	272	853	555	408	596	894	181	109	749	569	961	858	348	979	672	843	804	162	219	859	750	918	383	221	874	585	232	638	465	824	700	803	521	274	330	551	489	617	243	384	998	
1011	927	787	565	610	75	604	209	122	978	787	383	666	89	331	776	430	823	149	656	69	405	69	653	31	74	539	593	96	947	84	915	605	649	482	315	999	195	81	37	430	614	699	288	391	329	55	336	585	646	398	784	116	102	390	740	635	68	722	117	740	637	601	430	102	966	78	992	698	567	393	961	261	719	172	697	516	720	664	696	577	4	56	186	758	448	382	821	695	519	134	85	525	970	88	134	64	951	857	570	132	272	956	386	583	886	228	498	874	957	494	737	959	433	549	550	354	177	30	906	538	
1012	21	713	602	449	63	658	787	67	386	914	669	701	18	227	621	330	573	931	705	816	481	306	842	94	284	148	977	107	380	273	53	337	617	33	532	587	416	139	896	706	609	7	548	790	963	595	159	963	198	820	888	82	929	293	291	609	813	908	802	830	82	707	616	760	64	964	282	206	561	913	503	189	990	955	417	323	935	409	700	625	238	412	943	849	670	16	465	533	976	342	182	248	846	191	162	824	28	11	693	444	284	588	743	298	441	212	334	557	214	790	309	853	47	540	31	63	440	605	13	575	
1013	385	109	811	754	751	116	610	84	334	12	748	967	739	545	212	322	356	224	899	680	826	306	343	960	156	488	676	967	617	375	145	660	22	982	46	949	842	461	661	560	213	128	879	292	216	92	800	977	849	426	998	509	413	802	485	761	332	289	951	419	887	478	346	333	661	841	258	174	959	670	985	232	744	337	604	306	65	825	864	662	508	682	812	709	415	933	833	218	491	51	232	725	750	811	906	945	526	368	62	239	103	6	446	788	446	110	539	121	143	512	131	921	500	144	384	425	127	324	634	779	
1014	797	639	947	509	117	554	110	496	416	922	551	706	758	141	972	193	255	613	217	738	408	257	211	883	69	527	95	191	159	65	108	666	424	605	446	974	933	641	125	37	180	775	350	239	237	325	136	207	294	761	369	409	25	827	666	831	425	371	993	909	877	460	853	897	540	641	183	687	282	216	271	35	330	940	708	680	780	719	920	65	80	767	492	454	204	120	712	873	283	891	525	858	711	621	342	544	552	35	484	696	981	789	810	427	642	745	65	435	979	665	413	766	184	191	255	135	737	576	683	425	
1015	535	93	117	380	508	656	398	117	388	439	19	638	498	920	573	301	830	157	953	217	206	613	896	44	442	235	989	743	564	365	487	299	135	535	968	165	240	17	605	226	843	807	943	116	175	527	416	363	916	320	186	135	843	273	621	972	935	72	56	599	915	292	946	873	764	221	729	370	401	938	891	48	856	643	723	303	882	241	22	827	730	723	518	700	242	130	534	457	398	6	576	473	85	450	812	13	110	118	689	18	503	76	177	622	732	69	120	344	541	885	573	565	848	132	373	65	226	62	579	627	
1016	574	60	20	531	270	211	296	867	258	640	230	451	374	431	933	245	572	398	943	535	35	142	91	623	380	678	709	315	239	284	785	476	678	758	688	796	400	624	706	45	809	342	613	380	383	277	300	790	472	789	60	177	946	617	91	254	900	794	905	726	203	833	340	339	55	420	182	960	936	651	330	731	467	59	263	818	713	690	756	300	921	28	909	706	788	78	125	181	722	889	413	65	788	761	875	435	274	999	534	423	726	779	969	790	296	326	374	221	883	999	205	257	903	588	269	58	784	652	162	693	
1017	331	16	407	505	957	615	518	733	486	495	122	298	82	526	165	192	880	624	510	396	188	654	684	234	446	402	561	70	893	345	621	724	759	522	749	314	733	191	651	434	611	842	80	628	286	82	344	651	961	949	997	438	825	360	686	330	312	132	8	463	399	155	877	128	15	301	717	391	681	108	443	440	300	142	322	444	936	588	359	233	313	78	456	176	598	610	909	440	402	5	350	297	963	784	614	747	977	438	470	896	585	46	349	415	523	756	263	386	1000	173	787	330	416	531	57	226	851	709	547	874	
1018	890	236	589	425	527	367	773	494	816	721	669	44	324	833	390	214	764	247	846	30	604	51	935	253	547	431	956	743	992	640	81	730	150	472	571	816	857	144	230	382	873	485	302	84	670	672	391	813	573	314	665	697	754	351	870	10	694	371	878	323	44	698	38	80	934	564	692	217	885	105	510	265	537	866	531	775	918	953	649	498	847	433	129	794	975	200	561	909	798	595	256	527	552	387	87	646	421	944	846	133	364	115	301	198	993	432	380	614	377	76	620	180	740	731	512	465	954	653	726	911	
1019	521	571	107	77	843	406	557	809	202	147	114	454	421	659	743	985	680	785	680	930	753	432	506	729	800	764	278	556	78	991	175	751	725	749	471	123	48	769	748	786	396	921	905	722	280	936	730	280	801	667	943	399	473	742	165	785	625	591	849	284	388	738	903	601	478	935	914	833	300	482	125	369	974	714	833	840	259	852	960	135	379	624	721	248	35	572	45	665	885	607	682	51	342	721	261	174	980	954	781	224	671	520	790	62	846	516	580	193	6	959	200	597	231	241	455	582	320	779	1	388	
1020	950	168	873	708	291	690	879	359	380	608	255	311	387	656	392	86	537	944	501	713	873	28	507	28	319	473	145	982	283	699	992	142	899	52	245	798	400	62	220	904	7	747	223	382	186	835	448	461	432	150	195	581	347	450	960	210	872	919	856	759	373	233	77	140	486	198	231	541	760	57	652	366	305	670	136	427	855	711	37	132	609	702	812	193	659	747	77	74	598	129	508	163	631	740	964	342	727	590	840	873	755	555	192	889	964	505	105	231	161	635	528	490	388	528	296	373	459	935	2	379	
1021	486	68	784	779	556	301	602	782	564	720	272	297	939	111	849	887	963	418	657	472	465	544	551	841	907	230	26	457	766	134	45	734	263	609	992	831	289	687	938	563	343	926	68	434	98	474	479	193	877	236	345	756	23	502	564	952	240	374	135	503	728	433	225	383	388	914	235	405	283	819	757	966	272	387	364	742	888	600	10	220	967	895	783	510	174	306	167	225	48	129	692	204	580	116	926	685	837	872	271	716	617	880	699	799	511	438	344	933	669	602	835	983	537	602	4	132	982	187	466	76	
1022	999	770	71	284	423	620	647	778	11	406	43	108	847	797	86	412	824	433	15	73	848	737	18	778	742	815	319	14	866	957	905	459	199	984	682	838	850	243	493	426	802	951	732	844	416	546	371	143	697	206	365	163	729	964	5	772	338	872	368	344	318	831	329	936	818	262	676	210	451	588	431	423	821	603	798	113	146	603	343	991	312	712	189	812	430	460	376	645	287	72	637	778	312	976	410	630	583	844	293	338	5	446	349	223	54	833	481	243	781	550	672	670	637	77	761	325	390	562	12	486	
1023	694	855	93	175	440	662	358	863	515	373	197	382	2	120	707	890	121	693	993	395	669	248	170	977	279	719	275	842	301	7	431	171	26	815	873	956	200	579	360	969	370	820	962	407	366	62	570	132	331	410	164	313	632	405	140	580	765	1	977	505	638	674	735	706	901	676	597	263	927	643	228	319	282	138	82	231	348	712	398	450	568	904	292	658	573	465	883	333	368	909	246	660	459	5	80	489	998	125	323	423	453	476	138	734	738	431	973	494	916	55	893	692	15	584	881	267	326	194	521	997	
1024	813	633	75	582	745	960	457	5	220	305	860	307	224	457	448	466	332	323	862	501	825	112	347	169	920	707	79	347	810	60	508	594	680	427	845	287	84	992	649	459	384	304	488	175	710	67	101	274	143	787	557	694	904	767	775	68	217	514	748	554	744	861	673	602	78	420	786	476	664	912	282	903	569	816	704	212	973	574	436	283	929	759	291	482	690	154	279	66	148	317	490	565	180	172	244	190	639	372	507	519	571	112	211	729	863	609	7	959	39	99	142	924	891	901	801	846	33	921	268	291	
1025	101	242	387	445	593	78	446	827	314	408	944	415	799	165	873	650	882	611	426	611	721	314	405	523	78	382	164	459	371	325	717	843	818	268	725	621	844	439	2	706	248	608	973	947	70	584	48	914	877	292	12	609	338	385	15	691	962	283	972	482	161	443	866	345	228	855	978	3	764	766	267	404	676	324	760	671	141	243	813	239	568	547	814	937	196	731	585	322	888	616	36	597	67	717	34	416	522	12	706	568	315	604	496	185	839	492	384	538	348	862	505	273	668	432	391	179	968	135	491	711	
1026	444	750	212	449	188	595	887	166	307	629	274	575	440	954	841	249	607	854	718	379	499	2	264	625	562	695	672	910	254	190	452	646	160	969	487	91	768	239	888	126	98	700	298	976	867	519	532	850	885	105	58	42	688	34	60	622	737	838	894	862	151	680	736	669	107	478	262	592	544	429	450	803	468	30	496	72	421	81	251	393	871	1	926	32	301	337	806	117	623	165	614	856	531	508	355	423	958	988	129	978	708	942	133	173	591	123	477	302	741	840	820	831	365	102	371	398	619	494	244	300	
1027	643	744	739	505	759	165	996	177	371	592	319	398	401	633	643	828	948	759	457	643	539	897	620	422	361	119	540	865	97	256	564	546	240	717	712	594	139	390	443	947	195	139	344	851	902	942	895	402	168	151	450	585	770	968	952	891	961	651	514	368	586	712	341	728	549	643	167	189	823	550	93	244	725	475	668	22	693	652	575	489	71	70	545	428	133	891	523	412	479	663	192	96	177	926	30	67	89	316	8	859	372	533	10	70	616	750	493	429	495	955	836	595	946	987	126	679	308	816	765	343	
1028	764	869	192	399	201	537	812	612	815	867	44	816	291	762	982	220	101	369	72	875	339	334	942	472	517	232	480	520	497	845	607	977	80	658	209	860	744	268	467	727	363	655	127	805	376	117	495	354	113	273	520	946	429	693	82	721	30	489	151	305	285	436	914	55	420	559	570	406	293	64	95	41	938	941	61	299	173	883	446	457	48	997	53	362	143	808	288	534	573	871	117	509	596	714	697	169	809	228	340	271	255	341	249	786	427	413	45	497	896	67	934	665	692	221	822	629	2	777	159	606	
1029	11	514	990	446	287	947	841	718	601	759	694	262	947	736	658	238	343	848	215	594	718	845	579	739	977	388	491	127	502	17	329	860	124	45	219	683	338	681	447	834	806	706	228	386	2	693	514	459	427	413	45	684	852	555	190	639	952	950	770	468	552	739	791	13	84	126	213	987	485	170	361	599	322	469	968	459	593	744	673	626	945	861	892	108	453	233	186	983	419	581	140	275	302	231	9	84	810	47	994	638	614	711	353	596	982	209	90	681	81	536	848	259	760	648	970	716	777	71	184	419	
1030	64	281	698	562	885	926	433	181	269	437	748	350	159	118	161	970	494	314	852	562	509	678	94	929	941	42	883	815	284	958	971	749	288	415	419	946	653	415	637	126	363	723	725	285	91	49	846	126	299	905	836	332	592	267	315	788	780	409	584	64	113	983	415	524	549	616	485	271	510	507	718	693	71	46	882	282	643	697	883	641	9	438	330	726	273	111	786	633	847	457	165	220	821	192	975	310	550	731	8	90	920	930	453	353	777	445	825	175	974	542	488	61	879	801	396	818	63	171	660	807	
1031	113	33	787	929	147	627	981	99	921	700	224	908	108	298	628	274	736	995	834	732	296	325	816	574	195	628	646	963	566	231	312	651	850	660	701	285	103	723	527	718	889	105	236	754	858	926	692	994	584	665	564	127	528	810	691	166	827	520	291	533	344	780	962	20	219	118	401	920	245	671	293	796	419	367	884	761	227	223	74	776	892	241	709	621	269	735	358	134	289	98	497	819	482	36	766	345	316	615	369	962	987	255	510	368	839	694	738	258	887	527	190	101	180	661	813	702	248	948	840	295	
1032	520	816	200	651	477	780	576	245	351	515	564	835	780	228	104	254	894	564	596	743	388	808	88	977	460	691	419	351	442	747	712	41	476	535	2	451	729	483	538	263	199	24	830	525	996	685	852	847	607	635	920	322	344	815	266	890	773	897	3	396	191	877	249	234	557	911	882	643	703	173	694	329	557	584	727	487	104	170	101	883	537	958	861	616	610	453	570	71	570	949	319	127	157	847	252	690	882	704	751	914	454	800	684	20	962	314	176	315	521	627	211	632	525	279	844	546	618	848	577	752	
1033	176	183	982	442	393	399	24	941	642	546	184	24	669	22	454	478	911	425	993	877	120	253	449	705	612	85	726	783	481	503	942	413	570	434	331	208	139	546	324	53	261	226	230	436	436	393	297	538	736	441	503	254	297	868	227	47	942	519	399	203	720	971	960	323	394	241	934	989	292	726	526	370	761	8	290	162	413	360	525	172	723	520	223	715	461	639	944	885	757	178	802	725	284	14	671	676	186	491	781	75	717	307	879	108	381	435	303	354	727	657	656	246	472	447	689	4	269	559	582	621	
1034	816	801	341	15	535	18	136	680	865	258	201	862	600	406	851	330	236	130	916	932	124	292	919	857	262	667	848	497	491	976	253	170	206	955	331	871	847	489	663	885	66	212	87	63	557	212	16	88	3	261	200	394	546	809	718	252	100	551	193	505	940	499	847	959	687	521	120	397	437	116	585	777	823	884	133	776	772	944	849	103	47	951	6	138	347	661	5	3	50	196	430	309	122	305	66	81	849	913	650	329	898	244	63	835	888	977	955	809	243	794	663	327	473	544	119	772	54	314	739	492	
1035	387	399	44	52	394	406	704	772	245	778	451	765	528	87	277	36	587	921	321	842	266	138	679	408	385	1	559	676	847	944	536	364	66	924	200	994	540	962	36	865	557	344	434	679	168	714	821	300	274	543	897	154	177	19	352	237	977	101	349	788	117	244	222	561	644	45	383	781	833	896	485	792	47	405	839	456	445	601	924	503	527	85	937	330	654	648	506	367	985	84	108	679	291	327	376	69	686	715	554	189	672	735	730	472	613	231	810	551	878	770	778	494	225	27	729	467	601	203	573	767	
1036	292	925	973	313	481	556	96	154	172	560	402	2	536	420	850	311	8	379	829	371	543	847	912	481	66	913	69	771	690	953	661	845	591	544	237	207	362	363	179	7	569	371	939	77	489	243	429	427	206	930	793	837	839	26	350	29	40	248	511	155	719	549	760	971	219	756	447	310	154	61	806	597	507	305	800	699	619	551	202	875	675	503	588	499	409	21	264	607	846	151	578	129	193	2	336	519	706	779	684	501	641	954	560	437	568	803	322	748	782	736	184	263	550	185	765	893	839	734	829	807	
1037	86	693	541	152	689	686	331	259	411	436	204	744	849	746	270	322	425	17	111	130	461	184	125	647	257	285	868	544	574	245	683	99	941	457	624	932	488	362	406	534	341	134	156	677	756	227	464	479	851	36	292	720	824	266	695	461	583	748	47	76	685	506	989	810	956	342	617	236	15	708	905	171	609	315	940	721	953	356	620	41	881	939	35	902	191	285	132	10	611	393	134	747	482	625	637	345	491	459	305	602	392	322	987	489	143	155	845	525	457	277	729	686	898	928	701	862	667	353	989	221	
1038	869	377	5	583	109	465	375	489	96	551	862	705	831	668	330	454	773	77	568	20	925	479	8	479	609	425	382	860	608	49	6	612	463	337	362	874	787	475	486	319	182	299	750	547	649	428	678	943	161	318	161	129	493	719	654	480	462	119	80	345	743	256	725	617	872	117	698	212	982	666	549	397	53	733	763	14	448	908	267	899	952	327	218	314	428	759	648	949	144	311	403	204	409	714	490	924	431	134	421	725	804	127	812	331	148	886	301	706	694	979	514	424	186	177	946	765	971	74	766	982	
1039	538	399	787	348	224	558	117	885	882	76	508	853	713	811	544	852	333	292	655	336	370	355	46	542	251	456	483	153	61	1000	330	586	880	411	647	24	513	935	132	386	99	37	163	291	368	458	350	188	963	33	932	889	807	102	343	877	477	854	668	727	282	22	635	625	31	689	840	462	237	846	256	189	137	977	24	299	804	721	411	589	206	186	114	118	876	356	849	918	560	683	792	772	528	256	119	821	697	8	157	710	749	964	667	262	122	705	932	551	358	712	280	823	808	177	977	818	161	627	613	802	
1040	479	62	625	215	806	359	566	893	512	664	535	560	407	123	910	728	91	927	47	61	527	861	905	825	796	337	571	868	413	643	536	814	682	655	646	992	225	354	892	948	641	623	802	110	281	809	381	243	73	625	507	874	479	409	419	319	973	442	449	439	656	763	841	721	796	20	682	898	583	922	470	732	739	339	94	536	904	492	794	657	954	537	442	451	558	606	127	508	394	347	317	938	286	685	773	725	390	339	910	670	97	997	916	663	143	316	788	133	510	294	446	884	869	985	388	74	509	178	194	543	
1041	542	831	891	910	704	563	321	630	764	761	434	736	172	951	773	627	562	51	893	618	221	737	772	788	23	442	791	525	278	663	961	565	553	902	524	351	6	84	85	53	721	156	88	682	391	703	565	728	588	540	737	891	402	10	319	510	908	652	504	244	874	284	841	690	109	699	452	187	429	615	370	492	368	342	848	33	414	707	391	351	643	703	512	979	549	481	535	899	167	393	583	524	590	609	807	812	977	181	220	137	630	77	607	609	602	824	696	635	193	371	915	462	480	779	994	745	566	775	739	955	
1042	298	556	436	401	903	28	83	895	101	835	441	384	797	772	437	287	594	242	554	263	49	578	399	48	497	888	269	869	924	564	974	675	22	645	499	404	606	982	487	333	698	233	19	357	976	386	841	95	203	557	301	281	963	667	560	342	376	56	79	601	831	184	620	428	246	4	219	815	725	463	608	732	5	975	775	331	758	512	980	130	228	874	68	255	977	478	179	321	961	596	919	420	809	90	85	331	905	480	315	970	212	575	326	340	78	619	525	675	390	830	381	999	500	120	335	81	364	620	87	680	
1043	228	981	940	345	543	233	896	264	546	419	789	429	965	425	605	996	119	837	413	296	493	174	815	876	383	958	7	803	547	715	156	7	135	210	825	32	193	921	837	539	905	915	616	373	57	450	711	96	123	263	921	542	36	550	195	3	448	313	400	616	726	25	149	676	429	692	397	638	391	675	369	273	421	403	610	919	891	847	113	505	670	500	927	829	467	765	952	554	257	688	286	992	930	880	635	699	382	804	327	338	105	552	211	499	886	395	588	881	516	593	468	376	32	994	814	272	178	979	945	688	
1044	891	735	837	17	440	486	972	963	835	406	412	616	209	820	40	557	691	950	179	291	801	472	884	873	179	783	389	570	112	997	358	137	410	476	391	618	465	685	950	67	519	547	854	211	900	156	745	545	236	752	910	656	877	21	462	322	629	922	572	354	220	667	76	503	413	356	70	678	547	578	810	750	346	782	757	258	715	379	485	730	956	866	810	60	599	283	566	898	210	975	390	555	655	20	73	510	589	345	696	451	878	619	55	533	250	495	860	206	805	456	389	849	764	819	22	566	38	393	211	585	
1045	502	283	740	673	624	142	742	304	761	200	276	178	929	678	95	617	957	840	510	689	788	376	101	485	260	331	478	633	761	133	991	545	182	866	557	522	247	562	248	375	45	988	726	840	667	694	44	46	26	484	706	953	48	391	615	925	422	160	949	658	761	398	493	500	352	628	430	123	696	406	3	603	757	269	227	782	427	912	917	352	980	982	642	12	410	634	445	646	422	342	441	984	274	555	323	752	701	232	96	922	749	305	375	2	577	730	514	293	607	164	945	569	916	702	943	650	250	96	345	350	
1046	117	429	779	916	415	407	639	730	215	602	737	684	844	197	270	537	163	99	958	808	769	752	176	50	654	312	947	218	26	690	727	792	596	462	811	38	880	371	16	138	520	540	214	750	935	996	86	324	770	575	727	134	376	962	869	253	947	766	351	464	463	857	216	464	299	174	216	497	38	998	955	204	268	583	299	467	745	924	578	443	157	309	386	961	352	56	560	215	639	328	606	342	704	613	400	888	691	204	426	654	74	537	208	559	682	410	838	322	466	365	857	54	572	517	550	96	626	209	609	46	
1047	638	592	242	837	886	617	16	804	40	473	67	660	394	975	724	396	317	209	309	316	864	485	901	904	192	898	389	381	830	360	675	412	344	253	524	973	605	418	152	381	947	990	336	723	372	977	107	447	841	923	154	764	124	469	152	448	868	16	422	594	949	838	686	803	175	598	286	712	785	35	255	271	732	671	31	519	500	76	932	53	133	19	858	845	314	801	22	910	396	479	748	728	296	817	246	522	170	1	126	447	210	452	639	265	820	813	454	26	972	657	310	534	585	675	621	77	761	153	385	631	
1048	535	423	808	759	218	645	591	377	671	382	898	520	565	198	28	873	545	415	778	675	785	243	618	973	130	146	772	489	949	231	829	257	192	6	882	457	18	825	675	693	881	124	200	820	255	485	864	869	57	456	799	889	970	313	439	546	456	411	267	914	294	137	432	311	362	795	717	902	799	315	149	557	501	697	122	677	384	404	252	864	447	625	442	359	709	761	544	399	557	822	922	917	738	102	704	424	253	52	178	766	435	763	190	721	237	644	615	747	265	746	544	224	801	708	10	756	715	411	347	941	
1049	596	352	73	354	176	83	771	905	850	848	722	244	937	989	714	160	551	728	223	122	889	734	95	113	224	904	144	147	974	208	122	237	149	734	582	359	597	420	232	726	157	872	528	460	724	771	911	101	432	229	384	468	95	755	933	206	428	244	588	612	748	57	209	319	401	963	109	719	655	665	839	421	285	649	947	833	134	239	696	566	112	445	511	725	749	418	504	432	849	173	239	704	451	299	471	952	776	264	13	852	291	483	97	828	209	68	896	797	525	970	302	354	847	960	274	535	587	169	890	46	
1050	164	17	462	620	217	566	737	897	580	46	156	804	641	893	316	179	881	457	999	146	180	736	329	933	616	275	520	233	96	946	370	294	408	698	142	679	192	621	104	197	184	657	177	377	315	587	390	177	255	173	303	597	492	86	723	634	810	41	754	126	232	609	787	53	890	59	216	404	859	148	551	308	836	989	745	545	323	156	616	460	223	981	21	597	170	448	600	949	433	333	756	667	713	357	49	734	850	499	372	226	880	668	708	598	319	578	374	197	423	119	628	716	536	280	449	988	656	767	856	383	
1051	766	262	769	850	985	204	543	855	883	978	395	399	244	505	707	977	193	23	110	711	772	424	440	739	630	331	496	491	530	219	944	776	420	223	301	59	594	437	193	657	466	386	813	433	788	468	242	875	993	868	177	460	260	606	329	631	519	859	666	398	538	249	608	161	72	577	186	470	66	994	131	873	968	164	737	638	220	191	316	637	298	837	649	117	966	301	584	573	132	977	698	735	365	107	623	837	888	939	231	80	360	420	79	839	37	328	543	77	309	633	9	375	660	2	660	468	426	541	907	181	
1052	774	912	38	669	783	436	350	735	373	899	996	980	932	187	682	250	111	726	223	831	818	441	295	792	187	700	238	880	886	202	558	368	88	979	948	650	334	769	729	938	464	703	800	743	736	185	787	574	191	136	187	176	370	932	792	565	664	607	565	185	264	183	136	462	512	924	49	586	953	76	800	451	170	347	412	776	945	695	98	209	1	739	722	978	745	305	352	316	689	110	689	972	435	993	836	296	15	428	260	767	358	550	643	689	508	583	929	215	736	918	509	748	654	160	220	716	231	890	416	4	
1053	56	794	722	223	47	370	158	315	520	214	329	639	654	898	228	870	819	319	581	348	485	551	246	940	839	16	414	948	749	287	589	344	415	166	154	588	498	473	798	118	819	646	182	483	54	692	341	169	582	493	865	156	70	166	919	173	103	550	873	848	683	453	423	261	505	40	836	18	2	138	666	807	364	237	552	873	916	945	459	995	985	236	675	66	543	627	144	112	402	903	508	251	227	732	787	535	1000	750	880	369	182	381	601	981	10	770	743	395	913	602	246	157	797	203	628	117	49	997	760	429	
1054	867	976	542	423	193	120	428	993	577	943	98	936	9	908	458	270	206	833	1000	221	863	455	680	135	995	955	645	700	293	535	315	956	569	779	167	813	935	862	726	631	904	528	187	358	86	818	501	240	145	448	168	216	951	373	571	242	83	128	354	648	394	630	412	708	546	199	176	911	76	310	891	481	59	379	525	353	237	723	358	440	58	291	283	314	883	376	749	709	116	467	12	708	133	667	39	182	509	364	751	731	528	222	69	694	476	857	297	489	806	944	725	670	362	379	257	130	698	73	120	247	
1055	301	987	274	133	201	268	425	811	640	70	25	924	289	923	543	761	329	286	374	928	495	514	153	344	734	602	785	461	231	803	225	200	573	711	400	579	709	83	838	676	13	747	819	992	356	797	189	162	475	339	352	300	323	317	2	469	766	198	439	723	314	134	59	747	4	984	951	607	601	988	174	271	243	624	799	179	737	483	141	336	56	442	502	569	529	246	377	536	587	453	916	597	179	897	357	230	88	670	991	216	676	399	71	101	632	748	999	726	903	525	34	810	375	106	409	248	451	93	630	826	
1056	680	848	451	680	92	542	266	171	233	855	591	734	485	289	381	566	623	881	896	487	379	850	290	280	443	393	33	280	331	929	186	889	485	298	444	532	935	160	110	141	202	849	243	200	324	174	432	972	960	646	210	352	253	463	349	931	700	742	947	672	182	561	945	458	310	140	993	908	90	409	427	429	703	779	941	961	749	492	749	555	233	765	748	218	803	863	277	801	655	784	270	748	319	704	999	296	425	676	305	914	437	306	57	11	698	190	476	298	41	60	469	402	513	448	845	573	365	627	162	137	
1057	278	75	251	399	884	955	842	240	483	77	581	304	523	175	943	513	130	433	721	926	351	367	305	472	869	325	762	27	754	572	36	992	793	922	389	988	286	294	848	921	408	332	869	539	315	669	593	6	614	652	368	886	490	860	672	615	477	342	824	94	294	177	601	159	98	162	531	408	141	135	611	542	965	47	435	367	364	301	106	400	932	228	606	543	120	308	224	508	456	533	31	780	717	828	552	822	694	940	740	658	107	7	970	469	472	293	326	298	396	468	170	518	338	585	428	43	607	174	456	856	
1058	101	744	54	849	243	81	686	360	656	8	489	422	846	845	672	986	863	54	222	796	749	319	482	361	332	57	209	369	331	177	891	942	963	90	333	95	550	765	823	607	965	488	335	216	459	700	950	763	341	292	81	300	822	635	779	729	709	109	81	476	290	737	214	498	370	589	247	290	55	187	138	682	83	27	843	734	830	544	703	99	102	639	965	300	311	973	729	442	140	665	683	817	508	338	255	824	288	154	878	81	163	243	597	802	715	169	109	579	352	696	627	258	779	159	944	235	945	270	484	235	
1059	196	487	471	776	420	280	17	13	696	289	771	461	910	538	223	357	82	981	702	521	789	786	239	259	77	308	970	163	5	28	350	889	638	877	568	831	269	383	749	562	519	992	249	170	939	591	401	296	703	219	710	240	766	844	315	991	8	792	722	743	970	945	225	248	319	293	122	281	487	30	355	279	856	178	60	925	626	526	63	541	55	335	333	126	579	529	726	911	800	348	56	866	501	115	109	508	32	551	806	141	681	212	749	995	634	329	561	228	116	406	907	195	395	521	345	594	796	402	680	514	
1060	376	431	663	15	554	682	215	496	219	108	835	76	56	737	567	173	300	771	527	328	126	899	315	137	185	714	541	994	853	193	784	928	28	422	363	935	575	895	470	824	313	404	429	903	756	704	874	793	467	824	607	494	952	208	285	396	720	762	967	596	643	712	498	65	368	420	841	533	624	670	172	358	65	422	624	474	103	234	589	671	886	442	964	622	979	274	208	977	964	392	47	34	829	726	224	430	444	10	679	626	679	965	702	836	692	313	535	878	185	415	640	446	597	999	965	337	599	40	516	546	
1061	395	61	589	65	923	249	977	520	360	29	341	82	941	239	458	320	510	680	282	994	70	746	455	321	456	851	270	108	420	899	534	951	452	2	548	377	495	190	121	76	222	756	814	11	262	213	278	831	869	451	398	282	760	883	424	760	660	805	366	562	60	530	997	685	59	198	47	83	138	150	974	273	772	596	798	240	96	848	890	783	366	649	18	705	550	284	779	67	813	116	648	385	113	916	688	578	904	153	999	105	52	26	273	253	1	156	52	843	578	625	974	722	561	250	711	215	237	509	640	379	
1062	784	380	138	235	814	286	780	954	545	395	426	636	738	217	377	326	757	952	259	581	816	208	407	901	333	588	597	896	69	518	278	666	376	210	371	586	707	167	125	371	161	3	165	563	461	934	686	748	822	347	759	785	716	130	277	955	922	841	233	30	341	157	798	365	172	795	541	989	937	867	196	129	959	672	740	241	163	481	738	848	648	932	681	534	878	275	758	644	147	975	876	950	117	693	185	781	326	102	169	614	568	83	257	93	771	793	398	350	70	841	239	405	10	483	496	212	877	340	489	773	
1063	269	39	401	52	190	905	945	627	179	373	59	921	510	556	15	374	302	755	233	963	926	876	242	21	784	204	403	82	644	790	505	123	315	136	167	290	409	404	776	278	83	339	429	644	933	789	462	880	215	723	812	349	345	88	838	201	468	941	730	116	275	733	887	171	786	649	232	232	38	44	315	652	949	81	331	872	135	100	428	344	325	350	205	290	97	461	794	709	406	371	786	396	177	838	782	445	129	120	620	70	691	704	187	232	225	985	343	998	60	617	719	463	735	980	37	106	414	98	294	418	
1064	63	667	826	527	305	711	578	872	463	554	555	146	640	669	672	672	498	543	741	812	916	32	572	630	558	668	678	152	15	178	999	78	111	669	637	660	86	82	610	552	653	531	624	642	164	628	268	825	899	517	310	960	789	719	416	968	90	426	838	632	212	869	837	883	980	895	782	73	814	887	756	320	34	15	308	812	500	583	957	532	70	583	169	463	476	179	147	791	721	446	281	101	673	681	955	926	198	651	4	725	103	469	569	336	477	974	664	519	320	637	315	722	954	565	109	978	970	470	20	147	
1065	297	887	736	294	44	786	872	662	743	608	968	18	830	312	609	760	880	467	251	48	15	629	329	631	721	642	623	405	766	236	698	873	819	866	872	723	743	866	232	330	948	849	386	608	88	354	385	186	172	590	192	788	829	756	908	709	881	74	376	439	596	866	118	306	820	447	309	288	682	674	62	764	82	80	188	831	180	239	530	428	796	89	991	861	543	727	248	396	79	498	213	174	376	158	159	125	380	121	7	70	652	330	427	819	161	605	45	401	466	614	916	988	430	115	687	33	740	751	759	268	
1066	501	500	396	106	2	115	636	547	630	87	59	263	828	238	486	472	823	789	244	889	607	30	203	27	845	248	593	125	908	88	197	392	224	303	639	673	388	828	974	872	46	132	232	313	333	487	823	272	854	948	202	515	147	600	241	739	406	107	974	755	917	499	424	323	70	846	121	855	20	985	106	644	162	886	550	651	656	174	949	322	380	747	634	526	410	202	102	989	791	87	822	804	674	33	483	84	693	47	273	242	475	515	66	655	562	790	883	13	242	844	120	883	566	266	580	995	371	189	155	170	
1067	708	307	104	949	41	47	921	309	756	279	851	969	193	21	433	621	211	857	559	718	656	655	422	607	119	527	578	487	992	62	179	135	187	739	73	683	651	85	355	392	748	699	746	357	107	667	241	204	909	775	960	810	779	940	442	21	12	717	819	318	819	89	414	359	131	416	709	695	840	931	106	667	960	149	950	439	122	300	81	966	877	692	849	190	924	959	414	48	880	69	381	599	191	98	11	166	612	385	974	974	359	219	630	656	327	389	769	121	412	352	223	356	266	578	675	636	651	526	315	721	
1068	719	282	402	475	19	76	133	863	70	338	619	40	716	423	903	105	163	161	480	235	551	140	309	620	384	3	633	64	826	857	96	86	252	656	48	279	379	752	91	42	183	465	668	724	717	412	976	86	431	975	471	855	690	344	322	483	46	60	240	44	107	488	484	937	2	760	425	828	537	614	665	776	116	605	33	866	656	798	465	151	369	875	452	383	927	546	379	792	180	653	222	782	913	160	989	482	218	738	596	817	687	47	734	78	477	893	803	162	28	53	221	947	833	181	191	707	255	732	255	642	
1069	941	454	551	693	792	741	531	900	549	266	94	852	99	435	126	322	280	170	693	161	81	650	978	664	564	97	27	499	852	983	594	872	509	750	165	421	345	122	355	497	579	82	515	424	161	231	863	923	679	269	241	215	826	881	213	916	817	986	624	81	363	922	367	510	221	798	986	211	211	76	618	135	562	261	713	91	755	75	554	536	514	109	513	486	199	369	547	863	853	81	553	723	457	617	145	477	669	927	918	237	822	36	681	928	51	962	399	141	743	943	229	97	169	105	146	30	617	290	804	455	
1070	711	182	279	598	475	968	931	957	873	479	741	346	457	831	738	558	522	134	694	654	602	546	759	307	314	934	39	464	918	969	862	748	379	424	671	449	625	877	785	380	779	663	329	150	588	284	575	106	381	717	470	56	541	625	656	553	200	676	769	164	707	257	2	265	766	270	882	948	218	71	632	51	430	309	675	412	701	185	197	681	386	796	22	253	111	744	373	812	98	716	76	573	209	508	477	875	655	256	263	997	968	678	46	739	249	570	818	738	323	373	46	849	26	27	732	285	849	113	175	410	
1071	247	649	355	233	259	334	323	239	694	232	5	304	987	285	561	837	373	94	9	7	80	545	995	732	915	817	391	850	868	844	27	460	236	6	605	75	509	605	705	886	745	804	884	220	749	587	992	897	494	207	840	864	770	102	463	273	507	558	388	771	607	846	697	99	195	501	460	590	114	538	541	835	112	595	513	732	108	642	391	310	718	157	121	959	300	37	645	360	395	137	292	220	324	92	338	712	717	84	256	658	698	61	399	735	276	285	46	879	673	121	237	132	139	80	402	220	685	886	820	346	
1072	500	319	900	707	710	224	600	937	773	833	648	742	86	502	105	564	618	601	958	979	375	363	754	703	408	580	526	942	937	389	687	757	725	492	468	370	811	513	550	535	950	302	256	189	741	195	178	312	474	803	521	954	974	953	513	362	941	447	549	710	158	105	318	438	958	573	907	91	957	717	448	272	65	513	898	680	834	638	521	704	30	244	215	990	237	615	384	147	775	371	754	557	733	142	512	368	942	752	689	341	155	702	590	451	397	744	781	478	925	183	111	701	828	555	640	408	396	4	984	866	
1073	152	93	283	62	956	948	161	717	30	848	57	397	219	913	152	826	84	673	847	22	998	867	342	477	570	189	687	899	202	336	175	571	93	845	545	994	429	715	980	227	375	670	29	123	907	529	304	64	357	63	675	582	906	46	443	418	623	278	4	946	871	337	739	188	771	779	230	591	791	76	830	944	491	931	52	221	455	653	610	887	354	231	315	507	781	616	133	689	555	882	462	649	564	827	301	723	730	919	386	902	164	864	497	708	585	504	539	564	511	446	86	439	605	248	278	454	453	112	619	932	
1074	466	861	105	417	749	685	198	250	79	758	656	482	158	308	423	835	213	140	470	3	171	828	696	908	675	236	760	35	319	885	81	328	981	625	856	453	991	956	7	115	638	249	796	873	375	672	593	455	209	126	476	282	805	941	698	800	631	862	976	830	820	460	674	528	244	411	431	354	546	793	373	612	922	459	481	747	339	771	554	94	133	769	567	53	892	376	85	785	493	683	637	960	680	487	614	864	255	802	575	78	814	652	119	231	588	149	857	702	513	639	474	439	648	430	477	373	455	861	97	871	
1075	691	193	663	298	582	100	86	109	542	942	546	371	534	367	498	547	774	747	156	306	548	121	916	979	236	856	416	86	437	39	337	789	38	611	837	19	978	702	523	622	304	942	726	431	517	836	678	736	486	422	179	461	153	328	147	837	939	334	14	91	455	45	664	96	109	771	960	59	450	283	934	404	455	429	242	317	228	382	234	346	294	676	428	667	582	293	797	959	988	993	817	875	812	852	837	284	144	304	632	41	550	75	817	84	523	477	301	291	600	621	904	898	740	212	214	251	347	514	266	641	
1076	895	127	793	714	29	110	617	613	756	575	462	678	142	706	321	501	373	768	25	115	305	694	95	227	182	435	414	201	853	154	898	857	554	834	66	915	743	171	617	150	190	395	529	243	380	107	561	4	853	860	65	564	250	45	274	848	258	337	532	975	240	869	306	446	929	712	793	246	225	518	289	314	815	518	555	732	749	490	740	880	868	142	824	515	872	437	187	629	256	593	388	581	202	250	699	755	964	657	12	84	309	77	740	593	125	790	723	946	346	368	587	137	588	73	200	153	652	318	449	57	
1077	459	870	939	866	179	698	339	283	151	403	580	890	585	24	940	993	412	930	227	561	452	854	712	628	692	889	901	436	640	629	476	811	543	812	818	890	502	954	747	262	97	287	966	231	442	525	930	579	167	176	465	387	960	316	468	588	462	835	32	369	554	622	999	847	341	915	993	601	35	833	693	725	214	856	787	662	624	116	372	188	497	868	628	881	378	773	198	748	664	781	592	732	790	45	593	837	468	294	89	319	404	567	48	176	879	13	898	110	539	461	696	410	424	822	458	465	395	283	157	373	
1078	951	711	99	506	609	459	910	893	698	273	36	896	341	380	103	52	231	163	335	98	479	568	214	397	495	549	397	971	459	457	173	924	674	61	880	598	979	187	712	472	58	489	272	606	131	954	211	813	461	294	393	719	651	44	857	144	751	733	995	34	640	210	845	142	918	856	617	236	147	67	805	413	404	761	915	831	704	425	418	897	224	780	13	552	176	642	738	353	325	456	181	15	488	689	766	183	594	394	616	323	824	314	964	276	945	194	917	139	84	146	93	857	520	956	681	254	583	44	8	759	
1079	944	706	851	923	325	526	393	487	747	852	498	282	841	716	276	296	131	63	66	553	931	53	902	452	167	486	448	119	858	37	756	718	964	921	447	354	246	470	306	20	65	61	138	50	719	735	214	713	533	271	883	717	454	96	590	996	835	652	264	361	618	872	318	48	133	244	977	517	509	87	274	26	278	114	123	216	948	212	779	558	366	222	904	136	155	240	601	74	930	164	332	373	558	776	78	720	306	922	817	635	97	384	771	976	393	949	69	356	457	19	240	668	448	501	639	467	560	947	969	11	
1080	140	21	474	301	767	20	207	955	339	385	725	922	280	924	751	963	333	95	300	869	244	64	222	371	986	337	85	967	363	844	474	295	534	667	312	472	772	479	925	561	407	63	58	825	217	444	639	850	634	290	211	968	959	226	570	37	159	286	928	527	151	36	836	293	128	646	25	550	703	913	161	218	638	973	699	341	778	164	799	465	53	15	967	2	916	661	936	128	563	437	649	625	655	935	348	406	772	766	538	711	688	664	612	496	912	969	967	934	67	804	568	525	620	828	776	612	315	122	257	708	
1081	320	2	804	435	285	128	624	681	642	502	363	536	197	613	811	638	179	207	692	100	668	921	296	200	329	800	133	876	481	269	543	311	661	691	768	499	720	8	253	366	323	427	771	37	792	141	426	126	469	323	472	645	715	707	121	257	856	60	830	231	498	187	555	208	925	748	686	839	759	925	372	245	897	777	198	968	152	116	309	985	670	170	753	150	723	717	120	320	943	767	893	229	52	868	135	208	848	459	884	127	505	455	678	493	652	809	764	17	335	561	580	888	117	469	712	279	890	848	494	283	
1082	454	212	468	609	503	524	551	366	139	620	787	183	349	874	422	148	803	590	625	747	140	368	409	651	123	683	448	1	172	450	339	769	916	67	925	519	765	505	77	686	354	846	923	137	232	208	640	680	830	419	910	685	463	344	886	80	365	701	217	192	400	580	49	867	735	200	633	23	662	174	458	521	464	441	855	599	671	776	891	49	219	459	978	29	239	260	789	484	450	491	898	22	420	949	804	709	983	517	534	177	377	171	662	783	87	677	120	152	339	451	215	255	553	847	379	315	127	413	656	678	
1083	943	252	869	457	236	827	817	525	618	22	461	502	217	561	424	164	58	468	501	316	416	21	338	977	878	883	431	117	410	390	447	688	872	21	995	447	129	408	445	17	261	240	170	502	39	323	596	826	481	332	703	89	400	243	306	890	544	473	616	681	403	423	80	704	22	631	17	429	165	202	890	602	672	779	257	249	213	181	723	294	537	665	932	786	441	490	902	717	998	581	767	92	624	90	366	755	66	488	439	620	655	929	112	217	234	145	26	790	860	733	196	283	514	329	20	945	661	363	144	906	
1084	622	596	869	314	489	836	450	139	682	349	108	455	909	111	589	724	129	901	278	875	948	912	295	325	174	617	739	188	132	246	160	123	926	703	102	792	387	985	421	769	51	26	924	37	62	158	703	149	667	658	41	3	787	39	90	649	727	257	755	996	599	465	744	274	340	343	588	459	544	116	91	181	885	263	204	578	836	191	30	677	215	960	46	762	648	177	221	254	268	598	446	839	162	257	409	173	392	590	233	722	160	198	605	757	151	45	493	173	583	184	371	172	909	825	669	986	693	966	264	140	
1085	182	447	13	591	349	468	147	58	634	349	837	660	239	435	580	801	706	743	623	951	618	782	659	565	155	159	818	449	13	282	236	137	601	796	660	180	439	720	453	67	324	656	68	906	215	76	423	771	934	545	342	188	173	342	89	287	207	940	947	44	199	668	629	802	409	637	470	595	725	990	738	825	92	513	296	523	374	744	456	909	307	900	292	375	568	388	343	324	589	843	372	901	836	533	104	591	205	59	138	99	144	429	882	957	490	688	640	271	163	984	542	583	983	216	209	422	725	815	764	906	
1086	805	637	814	44	550	604	96	244	790	209	20	904	374	389	303	189	358	68	207	72	828	10	305	779	4	676	842	834	240	320	482	214	705	367	638	143	647	769	821	599	661	538	286	180	257	764	152	750	571	93	985	787	867	42	107	95	488	285	212	56	838	211	949	41	528	960	597	724	775	935	255	534	217	989	889	118	533	598	774	318	14	2	631	269	182	593	701	987	229	476	706	823	578	798	417	134	201	131	211	349	446	831	868	129	105	42	421	132	611	251	891	923	320	699	463	445	644	468	248	327	
1087	465	102	766	148	600	984	933	525	901	600	80	125	880	45	815	382	186	74	143	994	708	669	717	224	329	635	749	382	173	426	410	369	781	471	327	795	601	656	301	708	608	21	718	604	202	923	449	280	988	104	271	675	416	30	206	407	651	666	115	84	443	292	118	928	32	20	840	791	177	963	152	597	363	720	798	698	78	84	472	134	793	368	676	205	983	37	780	884	665	140	448	157	870	191	913	367	832	255	986	666	169	344	820	681	358	850	130	944	715	562	442	224	23	552	485	89	178	41	648	384	
1088	8	924	570	511	145	219	215	647	511	877	737	345	223	458	391	330	627	488	742	17	603	271	935	416	409	563	695	999	540	978	507	706	984	687	82	117	860	742	247	948	260	129	351	863	240	642	496	94	100	386	675	49	441	761	827	484	828	511	342	73	781	450	724	830	451	617	173	600	559	73	576	56	270	93	570	349	714	764	707	474	683	838	887	570	986	830	99	49	455	966	143	253	692	936	451	837	89	865	885	33	377	459	722	834	141	627	322	354	951	871	609	375	90	364	315	268	136	520	360	17	
1089	3	769	789	721	891	978	521	178	552	280	718	436	733	612	922	73	321	488	359	238	597	194	780	632	454	383	992	466	685	858	68	682	965	845	624	460	660	998	521	295	302	678	586	839	847	583	576	866	40	508	2	776	228	861	913	452	98	74	53	72	373	248	960	808	699	858	631	485	939	850	717	150	707	424	794	834	105	842	293	617	80	309	390	515	869	650	615	296	26	861	923	426	218	290	231	808	22	481	840	357	544	276	606	752	167	654	360	957	466	6	648	788	8	147	248	320	279	11	269	971	
1090	775	234	56	203	225	728	561	486	713	981	546	643	660	691	245	977	759	835	888	244	98	529	676	666	1000	306	343	340	493	35	653	625	569	83	866	199	861	380	11	915	579	246	45	291	27	325	70	11	155	92	59	333	551	137	410	92	634	683	881	282	131	385	582	736	323	493	512	663	949	122	470	869	591	682	759	666	577	634	497	571	52	769	118	54	901	447	948	599	377	659	444	691	523	640	62	243	372	881	634	243	650	506	314	875	820	337	574	294	149	292	400	770	911	364	393	543	395	747	852	699	
1091	979	298	37	213	359	533	88	76	894	17	867	227	92	751	735	595	651	596	592	456	51	249	383	991	373	429	591	617	406	976	943	640	314	385	912	618	183	731	184	284	804	731	118	353	753	589	447	499	992	375	559	385	973	350	228	34	147	752	576	328	567	82	853	632	496	867	30	98	599	992	251	172	115	761	237	412	440	468	819	445	657	913	853	465	132	302	623	576	38	107	760	464	454	689	683	374	54	118	453	348	335	252	441	171	492	540	745	587	114	860	93	297	174	961	712	631	215	73	89	946	
1092	151	528	64	68	220	962	777	443	732	599	9	199	280	641	202	990	18	352	542	581	838	12	245	157	950	266	692	919	230	418	728	76	290	384	577	488	629	186	778	279	212	306	360	80	370	549	513	665	61	354	46	427	536	591	508	992	530	225	632	19	407	138	529	263	382	416	627	338	3	587	336	874	118	463	322	105	259	291	607	198	747	169	275	84	692	583	252	686	564	493	74	67	67	513	982	647	266	599	941	786	726	901	436	469	618	381	454	786	676	268	476	731	142	99	812	223	872	940	278	944	
1093	256	51	463	274	310	742	916	693	798	191	81	550	367	86	999	168	726	493	644	484	80	673	803	757	266	114	363	246	886	569	397	226	352	698	616	692	266	722	991	937	230	690	246	291	194	549	561	904	976	278	742	378	134	774	179	552	980	581	339	276	916	438	141	126	511	96	781	514	389	161	720	413	461	854	618	598	862	649	410	178	572	363	992	120	40	610	253	471	601	484	756	564	960	916	128	792	43	964	991	602	423	252	805	57	179	42	380	717	283	699	34	790	234	401	83	69	140	806	880	906	
1094	735	536	5	216	132	311	865	149	431	589	813	80	515	488	253	962	487	956	497	944	803	313	756	106	690	246	184	51	473	845	697	985	887	910	863	157	166	33	735	612	496	231	907	343	725	864	65	736	365	850	850	535	320	56	309	684	702	793	491	357	52	91	436	602	436	423	466	687	425	567	243	642	569	117	477	165	915	494	309	318	186	647	753	942	171	534	663	815	548	348	613	146	702	26	627	607	981	162	973	981	37	647	678	261	695	992	409	771	908	328	713	340	409	938	316	630	764	643	948	468	
1095	776	238	241	144	450	526	496	299	759	147	489	227	403	542	382	868	447	193	582	553	784	526	858	128	395	717	495	529	512	42	499	161	92	422	971	354	860	301	581	37	927	345	89	171	659	325	37	416	82	683	65	721	206	674	512	312	771	963	705	461	428	275	884	655	785	285	633	331	447	409	829	20	152	992	702	836	165	961	610	842	810	33	883	541	865	766	829	336	825	125	395	270	839	653	415	903	957	780	793	868	795	680	329	944	4	576	216	751	371	68	604	827	389	762	971	933	425	699	691	521	
1096	181	974	997	426	706	75	755	723	457	987	244	953	467	754	448	595	721	23	932	116	13	181	155	822	454	234	840	550	743	96	522	871	98	50	169	492	641	898	232	504	701	257	300	128	803	430	740	348	348	250	186	937	843	315	17	722	524	848	462	529	692	164	940	712	284	39	339	37	113	570	465	806	497	377	131	224	934	269	277	463	743	763	809	833	360	871	13	715	990	189	792	345	784	137	478	391	139	253	850	758	996	131	755	676	123	396	858	306	94	841	315	988	259	928	426	428	43	833	152	504	
1097	440	78	910	941	606	785	229	199	116	535	509	913	279	49	706	996	794	857	133	962	528	589	980	849	618	381	811	588	536	82	338	867	451	359	64	602	282	381	321	64	179	321	613	632	989	697	801	829	91	63	393	898	140	940	110	527	672	345	996	139	206	90	8	470	108	700	344	350	534	193	611	470	803	321	11	673	964	691	408	165	775	437	703	245	531	616	58	911	668	711	930	824	417	873	154	621	36	653	446	291	546	790	283	913	316	743	881	772	189	664	823	451	605	658	838	101	749	272	48	216	
1098	662	714	219	634	998	656	30	595	329	992	440	158	147	370	25	86	514	558	114	304	656	582	129	310	967	270	705	428	436	385	954	74	943	150	116	673	746	11	706	649	632	72	565	25	881	447	502	377	355	538	97	301	882	302	542	354	395	935	49	551	813	453	772	388	18	733	524	933	965	490	25	261	419	397	882	997	247	403	409	796	545	14	570	59	895	447	330	473	231	626	805	221	515	874	616	682	142	119	897	8	214	677	428	304	874	679	287	968	446	436	104	384	85	873	598	44	190	719	269	371	
1099	134	397	431	989	122	797	518	363	125	908	536	925	933	721	618	204	719	660	723	781	756	317	685	766	931	459	142	904	904	895	488	325	876	930	293	164	748	923	191	986	30	446	46	172	465	10	475	106	84	634	934	198	187	70	979	405	629	650	290	813	97	648	767	48	498	722	271	303	777	738	964	571	274	845	490	200	257	997	491	604	735	215	392	814	327	525	818	610	174	116	80	868	707	264	657	34	42	78	180	615	615	283	142	237	762	427	332	364	374	220	946	440	558	700	707	159	554	136	721	244	
1100	16	456	125	684	847	574	924	476	215	493	412	448	196	229	129	21	959	228	725	655	582	159	921	604	66	909	865	859	729	945	427	526	493	17	817	758	565	206	685	463	99	499	949	4	182	232	111	811	656	185	686	252	283	883	837	382	967	615	507	11	423	19	840	549	605	180	584	505	651	208	238	363	148	676	586	322	81	433	142	517	720	332	589	630	891	446	541	102	349	329	302	785	706	669	651	619	159	249	937	43	239	974	62	928	760	784	860	754	798	542	134	522	30	381	882	563	269	608	872	826	
1101	139	570	109	898	895	588	513	643	648	797	38	227	166	662	606	481	9	715	196	531	80	328	66	218	468	958	374	883	632	231	389	352	556	342	384	151	435	633	470	65	921	491	466	413	417	30	774	909	653	966	625	618	767	220	621	596	544	849	692	332	288	273	476	334	909	522	88	449	527	29	426	809	963	988	845	359	863	485	272	790	838	838	24	225	827	329	588	460	451	690	927	745	310	679	241	212	415	887	15	608	612	806	477	779	560	664	777	527	375	603	794	315	874	963	457	818	220	432	758	18	
1102	562	334	80	707	152	531	473	640	157	269	44	938	252	416	327	78	766	870	447	563	682	38	964	353	844	69	228	409	96	388	766	713	953	713	666	223	653	587	983	40	155	497	5	185	985	426	21	310	719	346	710	537	111	859	593	829	929	778	886	827	682	892	112	349	453	873	431	337	702	344	661	425	650	891	804	305	570	156	109	864	586	439	275	146	541	738	578	901	3	819	522	946	270	385	145	839	65	237	64	499	306	434	803	489	282	955	887	217	906	412	592	467	840	460	168	742	106	690	743	56	
1103	197	231	438	499	136	7	854	731	6	691	427	265	649	993	281	329	506	231	650	606	468	148	505	824	498	12	644	502	51	592	903	973	538	941	479	801	115	451	724	500	690	201	346	405	478	960	201	482	671	181	228	617	756	442	944	291	488	495	446	682	925	613	170	245	705	644	980	330	217	518	823	59	347	83	448	340	32	182	537	835	354	911	383	369	98	587	873	936	374	441	474	390	41	279	937	25	411	164	590	563	266	158	952	40	113	424	661	638	960	588	697	893	540	431	283	854	552	909	500	24	
1104	434	257	857	590	972	939	138	910	229	997	471	15	309	494	181	898	143	184	732	228	555	440	263	524	348	63	17	334	954	152	531	11	963	131	876	156	829	729	48	773	560	89	811	143	354	955	160	928	994	419	5	806	209	648	498	610	334	365	898	586	945	279	304	210	810	864	726	788	435	748	90	573	779	722	834	258	428	725	993	970	328	804	170	54	591	87	21	951	892	331	792	150	857	447	832	970	360	264	16	693	820	322	312	272	807	560	114	896	45	549	409	641	561	980	195	794	494	109	665	241	
1105	74	252	25	348	345	778	793	598	338	73	775	2	363	331	301	165	698	715	58	772	523	240	332	708	627	767	244	389	956	901	491	49	977	853	372	57	245	447	961	570	135	18	99	675	441	475	476	739	273	726	599	89	399	493	211	851	856	439	84	963	987	378	482	351	394	196	350	840	75	782	66	158	671	763	424	521	938	943	854	946	389	795	144	924	513	48	294	205	821	482	152	890	913	616	848	170	179	440	975	465	346	600	546	840	930	939	438	435	896	808	570	571	118	521	404	189	88	731	142	515	
1106	193	218	521	335	774	996	474	157	235	959	220	996	429	315	698	168	274	990	761	473	854	72	229	339	601	627	244	701	699	626	891	938	659	977	192	205	189	878	759	192	482	247	841	7	900	669	106	376	218	391	291	413	968	353	135	598	218	381	201	280	59	395	46	75	457	590	687	827	836	527	426	348	647	638	976	20	53	910	810	51	8	113	336	350	678	483	803	245	813	3	84	177	553	408	220	146	491	840	5	160	332	518	401	961	450	165	794	794	802	424	153	889	143	788	819	35	457	777	880	833	
1107	684	134	560	565	705	558	521	152	975	365	750	932	740	517	566	402	18	141	675	768	602	239	394	445	513	481	339	881	928	310	186	496	617	573	716	120	870	498	534	857	939	428	27	301	623	599	740	272	320	850	429	682	221	612	502	690	311	443	487	701	874	405	95	351	384	74	591	418	32	81	490	45	69	843	776	278	913	909	27	851	116	434	874	910	296	576	420	215	599	577	823	774	398	773	858	793	731	758	943	530	862	412	733	717	628	938	901	576	666	473	475	188	152	155	16	996	923	803	326	380	
1108	971	579	435	829	390	505	147	866	495	189	705	880	730	575	824	113	257	193	779	944	681	100	659	563	191	143	357	742	29	434	568	857	625	570	589	38	64	805	768	923	71	97	62	383	802	831	647	642	329	30	414	197	759	421	359	485	700	737	353	706	358	161	187	605	60	269	84	209	435	798	29	968	21	554	130	441	766	519	722	33	896	674	650	113	994	232	177	142	828	629	679	310	958	426	135	161	242	733	407	70	976	492	101	456	560	801	76	513	821	229	376	798	616	742	294	458	42	755	24	527	
1109	234	975	130	830	655	634	119	821	136	918	430	989	398	870	76	122	967	245	756	303	450	425	607	895	506	27	314	390	23	604	256	450	857	755	519	572	470	164	767	659	542	922	872	379	230	552	675	354	298	85	484	307	246	246	830	359	822	473	536	592	268	111	871	240	922	473	908	618	304	694	783	142	369	595	60	651	274	621	29	888	394	755	480	603	344	703	995	310	129	895	61	567	225	759	382	240	972	153	273	998	21	519	313	29	919	984	203	67	715	338	75	36	209	984	145	951	50	220	92	270	
1110	661	367	763	367	92	724	369	673	300	367	274	525	425	893	832	314	850	284	333	312	921	979	326	117	211	654	549	330	475	739	510	832	852	17	301	671	607	458	766	39	521	557	908	920	217	521	814	96	57	135	679	259	218	768	502	544	749	495	822	193	407	783	214	243	420	576	291	847	128	142	780	207	833	451	430	581	497	127	617	161	876	901	171	786	261	463	524	336	85	700	634	383	510	233	550	517	420	694	518	343	966	963	980	433	660	506	199	854	121	798	400	991	219	965	472	559	872	482	800	926	
1111	614	609	611	768	24	134	464	389	98	294	345	994	334	382	93	297	721	407	121	968	551	3	721	175	327	846	48	206	936	722	865	929	660	740	863	958	20	798	242	198	524	532	75	803	65	218	683	217	640	309	431	711	864	18	838	936	531	853	693	365	329	595	595	613	502	849	857	648	13	358	436	896	789	510	423	314	659	937	818	531	120	67	407	46	380	717	951	637	898	189	136	782	166	9	138	448	421	129	282	125	492	78	678	939	252	270	83	934	12	433	699	992	327	368	107	156	128	821	788	287	
1112	78	823	608	806	934	407	353	240	533	98	6	104	134	24	886	585	522	487	96	789	820	950	760	976	732	857	785	142	32	197	301	31	648	404	323	73	624	202	193	327	916	233	395	194	990	114	242	773	276	501	791	973	424	779	634	856	816	954	167	77	271	377	736	229	555	797	897	256	249	139	239	827	197	886	187	32	791	475	382	343	370	796	268	316	791	978	590	1	802	966	859	53	907	649	56	525	823	123	320	498	423	257	636	731	362	227	302	284	359	221	859	135	478	779	495	195	912	530	709	826	
1113	429	144	583	754	454	364	495	540	541	144	175	52	414	936	343	530	158	917	614	272	118	328	534	871	59	303	681	994	237	247	755	59	382	859	410	382	118	172	564	163	413	642	824	647	352	329	976	349	856	1000	308	552	287	158	235	653	516	477	310	695	785	99	525	931	371	567	670	269	553	633	467	442	137	414	908	776	704	186	788	603	464	774	584	441	967	284	478	528	534	360	242	422	447	338	183	673	906	690	660	649	561	307	716	731	546	11	355	383	918	977	950	372	864	24	890	858	752	123	583	264	
1114	553	102	495	150	372	321	167	236	836	675	432	60	393	136	748	512	849	717	700	633	119	243	104	974	253	296	242	352	427	647	229	628	448	673	986	944	320	844	659	649	174	635	748	324	732	398	279	643	298	779	871	539	131	461	79	380	526	572	179	136	123	845	87	920	692	204	647	691	174	967	695	632	664	389	476	743	572	414	402	747	283	948	24	978	246	707	873	240	930	949	772	288	548	130	174	901	725	334	678	680	567	218	186	411	521	479	408	597	336	177	335	439	223	633	967	879	263	397	430	146	
1115	284	805	112	677	532	818	634	476	399	567	783	307	134	107	480	450	148	552	984	784	990	125	536	860	97	260	826	695	28	62	196	766	664	510	335	591	861	484	225	433	663	411	760	305	98	36	304	250	793	132	191	389	469	652	590	658	836	143	754	926	335	610	757	725	801	871	503	849	541	234	976	339	319	592	723	650	38	380	619	442	744	124	553	495	774	91	425	874	274	841	953	747	671	512	396	872	639	784	510	116	467	661	697	963	486	407	671	605	426	379	129	338	256	648	63	317	610	524	601	324	
1116	256	597	822	162	578	722	110	515	897	677	927	919	262	162	865	980	673	421	539	583	105	41	273	281	576	65	16	992	326	877	775	441	46	983	992	250	910	775	208	228	306	908	531	649	59	420	860	10	580	213	227	68	998	532	839	932	229	791	855	249	938	590	324	657	545	223	505	919	982	635	349	971	556	226	512	793	214	254	20	15	378	639	854	522	26	282	421	16	909	56	811	252	934	972	90	477	307	389	480	231	328	117	350	398	405	777	397	728	182	954	978	827	689	875	244	664	293	11	659	270	
1117	333	428	953	955	63	914	732	98	65	678	796	318	6	978	327	598	55	587	446	18	774	622	207	659	520	396	758	968	335	520	820	738	679	729	80	473	871	731	878	904	794	571	997	687	591	794	502	328	445	889	177	612	475	95	610	879	759	415	76	49	214	157	796	502	268	306	906	792	907	198	603	156	937	430	299	467	430	150	361	465	451	520	771	451	553	870	188	853	128	580	275	905	39	818	718	295	396	464	550	817	653	763	988	270	974	7	245	58	283	885	506	867	161	336	851	855	240	370	486	372	
1118	812	482	433	939	238	496	195	17	379	676	282	627	897	577	574	505	927	619	692	416	632	233	141	86	832	818	976	39	580	974	142	840	438	209	431	314	945	44	732	897	866	957	989	782	96	304	684	18	454	589	897	595	814	764	38	788	144	687	30	192	43	359	850	623	427	209	229	68	724	665	185	694	918	912	872	342	882	571	592	352	259	796	105	558	344	485	296	249	585	714	601	137	488	966	864	951	387	81	521	537	383	824	514	414	399	373	397	802	28	169	810	468	655	495	276	79	694	475	634	38	
1119	771	105	587	507	589	537	425	101	969	837	96	289	984	663	721	580	949	395	324	873	122	298	910	361	487	970	366	823	511	220	378	69	739	791	758	643	947	435	837	226	794	536	626	531	697	23	97	141	327	530	410	239	847	696	646	738	346	347	669	483	760	670	543	704	577	969	601	537	384	343	563	57	554	810	975	756	516	205	445	635	203	297	461	742	687	164	228	554	731	168	202	451	86	48	995	883	789	320	806	12	13	725	562	603	564	451	959	637	151	30	716	790	657	562	917	23	683	775	327	216	
1120	719	687	527	817	938	15	191	192	589	27	757	569	30	220	671	677	546	666	334	476	235	287	973	242	948	721	978	33	815	737	540	952	194	810	534	138	68	539	780	913	118	729	179	716	152	271	550	295	321	455	798	59	612	654	193	125	983	787	294	403	326	136	984	357	311	764	553	232	919	319	745	88	85	272	711	583	973	268	399	665	832	352	541	395	561	361	865	251	27	761	684	849	490	21	641	190	160	780	223	443	417	531	359	470	496	359	577	689	51	723	251	508	661	955	796	676	538	911	814	107	
1121	332	347	121	13	311	18	363	427	756	905	276	707	934	461	586	193	128	256	18	932	427	82	694	65	297	587	486	376	89	736	261	599	852	580	669	509	744	25	101	866	858	287	162	382	410	603	508	615	217	788	947	606	830	739	337	60	682	729	874	425	872	734	825	774	481	862	101	116	478	214	940	292	295	544	230	16	725	979	157	265	235	935	315	51	266	479	861	798	149	295	47	719	818	88	224	414	578	770	183	881	722	546	726	657	939	876	302	867	232	651	692	785	598	14	890	154	888	429	769	728	
1122	381	909	504	839	415	425	40	544	136	917	836	876	84	853	441	702	45	364	173	402	627	121	574	154	372	833	91	504	894	341	432	173	337	525	782	969	811	940	2	748	279	926	461	388	374	488	28	232	296	559	392	133	252	764	168	22	606	535	414	42	353	705	24	257	78	654	928	662	939	362	22	756	79	67	451	898	525	416	98	912	904	496	659	599	814	718	935	292	343	12	427	245	855	230	750	247	538	984	605	656	944	594	114	944	674	587	953	325	828	428	395	863	698	942	861	169	240	390	843	322	
1123	744	418	51	160	899	924	401	374	363	927	109	770	548	896	658	990	430	860	14	512	396	31	709	465	361	800	795	866	269	389	673	472	908	587	210	435	704	921	173	801	104	917	301	376	985	815	208	211	700	749	429	380	200	718	810	83	378	795	781	134	850	203	713	2	839	886	595	416	485	252	597	596	678	351	330	754	440	918	179	546	966	644	618	942	105	232	30	920	544	78	318	194	245	750	473	536	266	947	965	856	91	727	599	486	718	989	483	377	297	319	891	994	955	785	285	582	614	414	968	138	
1124	865	488	302	38	558	795	589	915	387	434	539	217	753	916	760	319	735	95	821	181	729	400	812	555	933	949	325	311	470	194	150	779	820	185	123	966	524	717	926	140	268	1000	729	336	570	19	497	505	245	159	605	330	692	266	512	119	454	556	371	325	210	546	630	361	823	730	960	236	606	552	342	757	871	249	792	999	250	350	498	692	160	19	586	763	584	784	165	926	773	632	791	95	968	601	578	884	739	491	62	904	830	812	651	740	693	651	275	766	233	851	659	761	30	907	331	37	381	220	100	648	
1125	594	834	373	986	670	482	844	342	27	13	339	355	817	461	995	677	30	592	813	487	203	59	519	160	638	513	26	891	108	436	422	599	674	851	688	30	803	85	362	161	716	572	916	404	318	101	890	982	868	336	325	884	590	643	703	767	917	443	449	754	489	782	79	192	295	907	415	6	318	691	253	941	52	908	859	267	340	995	183	986	460	738	565	825	700	74	207	817	569	147	498	443	602	537	307	456	930	633	706	113	504	629	798	336	956	828	936	599	875	54	564	512	757	670	342	308	420	41	625	495	
1126	982	750	492	961	126	563	590	476	142	258	151	385	947	131	524	628	781	460	888	955	447	416	367	64	646	6	702	912	255	244	898	346	486	788	342	812	765	694	242	411	650	845	752	721	788	390	823	460	391	54	918	44	133	820	809	805	351	759	904	70	757	745	641	185	835	276	194	908	389	940	275	335	780	558	916	80	17	102	843	891	153	423	377	878	97	247	541	988	348	273	712	63	771	503	787	587	612	887	614	201	31	541	771	970	28	490	171	925	289	260	103	323	203	510	713	696	115	865	251	812	
1127	138	224	723	616	590	546	210	274	908	540	683	442	362	489	922	604	355	181	529	53	479	339	666	86	875	278	475	682	538	307	758	260	884	366	457	101	239	949	828	221	171	435	313	399	962	942	385	282	104	906	132	244	607	270	25	290	622	720	159	390	291	829	266	800	423	668	643	825	609	636	569	955	749	130	557	237	366	320	437	550	305	442	478	591	653	530	87	870	864	55	964	16	75	386	288	415	209	489	87	877	324	767	683	391	865	291	613	781	221	800	743	537	303	181	279	846	551	502	430	595	
1128	827	73	200	539	224	504	400	708	21	942	672	632	950	305	383	215	413	650	646	639	6	158	474	985	348	518	784	168	554	980	336	287	717	176	301	257	576	106	228	999	288	24	347	14	241	690	124	344	592	644	473	660	778	588	538	552	533	917	206	293	430	786	910	19	235	231	472	967	658	245	10	171	682	189	597	341	680	911	213	338	988	235	158	485	405	55	545	514	626	930	167	416	931	248	5	654	959	631	120	333	599	122	731	159	891	724	375	182	987	464	963	368	361	870	388	9	157	240	950	697	
1129	982	516	184	999	422	948	864	63	40	446	482	277	825	87	907	203	495	425	800	634	429	485	839	535	430	876	56	988	175	850	468	924	536	892	941	331	948	475	631	325	626	906	702	22	330	109	439	506	28	978	851	774	773	372	777	470	835	589	147	600	476	748	740	369	26	656	192	304	585	732	717	816	292	515	209	609	965	773	324	752	892	59	687	5	817	87	749	422	741	288	425	611	182	557	736	506	618	727	904	276	983	500	729	743	911	10	379	797	177	392	209	725	622	251	357	681	770	968	99	712	
1130	988	34	156	919	828	760	382	217	818	669	56	140	206	284	612	628	454	821	28	768	758	287	577	28	859	68	832	422	524	252	562	55	498	511	515	429	522	893	717	999	361	312	669	409	680	845	758	88	631	767	493	656	998	756	525	116	978	492	476	453	677	175	725	456	650	550	487	809	471	758	991	108	347	584	354	29	162	420	653	374	655	911	296	418	649	202	615	935	729	158	307	665	219	916	554	109	763	82	554	811	914	59	820	192	793	861	30	130	765	26	65	373	588	879	293	213	191	217	497	965	
1131	592	775	208	117	764	767	351	718	192	643	538	268	812	652	634	970	520	139	654	777	61	594	172	358	686	788	787	439	935	649	726	494	485	7	124	444	390	614	558	650	362	434	912	52	810	463	555	943	328	32	970	125	167	440	364	846	581	301	842	153	806	617	242	867	450	579	571	215	242	245	537	488	535	287	811	731	924	901	579	32	213	277	494	377	64	403	45	724	970	32	595	966	893	80	968	593	265	587	525	319	777	574	137	183	352	547	164	640	803	142	834	580	336	658	66	511	15	579	279	223	
1132	933	454	918	965	245	401	909	401	270	156	820	66	416	943	408	843	468	787	524	173	962	648	491	247	710	877	372	132	433	170	528	972	404	643	456	405	690	6	314	795	854	679	653	725	883	737	698	506	827	616	999	76	970	388	390	197	116	473	755	767	259	485	150	808	293	578	669	909	590	284	630	238	315	733	395	147	687	112	6	229	848	706	624	560	372	623	693	359	537	52	322	353	186	569	394	283	433	186	516	182	417	406	633	522	771	543	565	803	604	627	916	362	668	466	831	288	210	961	375	71	
1133	631	145	401	175	198	747	213	334	124	902	542	243	347	660	63	95	453	788	709	314	44	963	419	709	192	693	932	354	442	365	364	235	882	169	199	785	420	330	575	726	560	370	552	508	50	839	742	375	927	95	425	489	161	476	840	541	764	690	476	510	914	686	966	384	60	514	348	871	19	446	40	87	854	569	617	948	428	17	134	379	548	927	360	937	747	574	759	482	486	709	752	212	657	851	766	366	79	939	991	195	514	496	208	811	718	859	691	899	433	603	671	92	790	131	929	834	842	866	242	302	
1134	511	833	830	990	628	811	155	433	613	352	276	931	832	72	41	447	703	269	530	985	796	554	248	939	428	860	116	454	752	513	216	443	800	639	867	434	344	381	177	507	343	200	537	260	133	855	832	762	974	927	607	739	285	374	497	708	714	962	88	326	654	490	424	582	151	632	587	549	583	381	70	805	810	613	932	998	336	941	994	431	951	18	963	857	13	115	469	624	988	586	188	475	791	23	805	607	12	54	158	95	723	946	228	415	406	682	548	912	400	642	782	646	323	205	799	465	21	762	14	641	
1135	861	617	117	865	887	761	350	776	528	276	335	857	604	185	80	858	108	769	740	310	431	668	183	881	232	609	732	301	922	427	757	454	761	712	740	373	787	67	67	939	383	5	39	180	812	999	898	70	373	579	184	74	475	572	474	594	620	259	26	404	667	451	398	918	40	104	568	834	354	787	61	708	561	9	709	602	721	637	83	355	500	330	221	955	407	630	998	606	432	444	218	138	230	584	570	522	761	560	329	793	148	665	61	860	321	248	586	59	179	819	436	897	361	902	563	9	714	426	196	932	
1136	155	918	104	538	1	938	235	301	146	950	49	425	125	147	650	924	50	414	816	427	713	180	287	69	544	426	85	652	64	788	460	753	290	4	158	911	94	981	273	579	525	168	963	370	112	751	903	484	575	905	856	399	167	893	294	119	102	994	751	565	25	918	792	182	272	557	948	669	471	837	187	827	193	151	383	558	248	425	923	888	280	810	189	730	549	965	557	480	721	954	902	798	307	81	93	947	125	929	608	989	188	992	938	590	477	107	948	29	374	840	581	104	523	314	380	209	371	981	357	734	
1137	499	923	86	591	359	14	368	241	207	605	510	517	55	893	187	307	676	554	752	11	558	461	877	962	641	256	558	433	341	382	475	791	789	758	629	542	254	305	150	308	449	121	801	483	986	829	18	442	305	890	390	197	489	253	262	83	983	126	192	911	333	959	911	226	256	302	252	270	855	358	468	382	749	901	356	484	401	393	795	474	643	436	231	886	130	586	163	208	36	633	687	501	597	360	488	529	532	315	10	873	370	974	115	815	172	944	369	977	731	178	7	60	843	623	796	780	168	199	725	24	
1138	671	316	348	428	195	736	6	520	278	887	589	126	129	658	95	982	274	424	795	66	111	221	990	558	980	764	497	341	1	939	514	202	392	510	810	172	13	263	864	630	695	492	716	805	670	745	238	19	709	568	288	612	297	550	121	415	291	743	636	271	547	573	800	923	741	165	929	595	241	451	375	236	93	432	693	741	854	32	397	787	783	9	489	162	16	648	605	309	595	270	548	703	27	707	529	35	918	338	727	586	709	230	874	451	561	939	176	855	808	24	786	597	128	651	415	395	419	253	499	103	
1139	344	963	269	809	270	485	914	914	476	214	848	889	607	67	426	674	477	804	955	837	768	454	194	865	326	761	113	67	877	385	398	463	821	664	185	599	430	748	743	746	795	309	511	662	135	953	979	33	135	667	665	652	856	818	362	369	259	974	234	623	342	217	834	764	326	43	555	346	433	766	140	917	600	683	285	316	676	436	732	261	233	68	568	838	193	820	85	577	906	416	264	232	322	9	715	226	337	548	602	804	609	51	223	28	194	690	3	10	641	181	46	775	481	295	530	386	994	310	387	913	
1140	966	361	373	729	915	920	778	800	539	135	437	61	715	617	862	505	665	617	80	747	986	481	247	521	781	69	698	19	895	491	360	194	416	38	703	321	846	995	371	587	592	619	813	437	934	450	300	925	160	967	504	28	948	637	372	456	244	594	43	573	855	894	391	852	774	926	750	868	617	58	678	497	500	99	442	466	21	49	942	7	407	476	127	291	67	314	639	550	549	560	871	39	461	60	269	24	264	779	217	521	342	894	235	26	269	50	711	187	46	784	715	766	854	458	976	192	336	583	791	996	
1141	617	38	345	659	957	51	501	862	467	449	905	732	327	761	294	588	223	642	416	986	989	268	611	701	343	481	396	417	21	597	145	134	995	503	731	920	57	513	307	688	447	197	259	563	148	304	422	666	329	436	282	114	737	808	645	60	916	946	646	504	637	616	581	757	280	403	214	852	799	758	394	382	831	86	831	747	655	937	921	853	129	164	224	68	836	800	900	795	313	852	998	155	244	129	513	679	710	282	657	823	129	378	643	496	83	147	949	492	646	452	231	23	271	307	762	786	134	731	336	683	
1142	783	53	764	629	512	380	610	341	555	165	873	725	527	325	567	554	589	486	838	122	504	489	958	291	520	657	571	678	114	842	250	634	266	722	785	543	628	246	944	423	582	992	571	540	74	176	577	182	491	393	426	123	166	990	428	76	796	284	790	254	20	233	241	430	702	693	276	777	597	640	823	483	293	101	83	725	454	629	32	21	574	399	494	425	374	726	184	99	70	795	181	916	475	789	313	634	666	503	892	324	101	17	73	472	861	833	946	938	888	507	42	784	734	542	347	3	783	618	889	25	
1143	655	543	689	60	647	640	982	607	463	353	448	305	761	733	463	265	774	224	105	323	98	777	998	738	176	890	107	609	744	961	564	327	871	740	101	921	942	312	562	612	197	211	381	940	185	827	344	726	123	350	356	29	315	547	617	763	197	89	487	557	419	495	316	917	531	772	183	922	202	400	653	946	873	154	858	219	528	291	427	271	320	354	857	998	69	418	639	392	43	514	632	123	40	571	771	953	499	167	937	950	420	191	49	513	740	630	352	153	958	813	607	402	422	334	440	783	664	901	722	618	
1144	331	997	594	545	485	767	341	952	357	865	222	211	191	732	624	589	991	608	540	803	297	669	727	492	985	515	960	333	956	408	304	144	542	312	979	725	213	266	926	377	534	208	906	423	815	39	464	989	885	800	900	624	327	982	495	442	66	456	360	235	295	594	955	69	442	39	613	69	947	810	895	575	794	710	265	64	767	657	856	122	792	912	83	372	471	335	898	424	939	841	608	226	773	991	251	469	462	844	321	759	632	368	374	888	530	82	515	71	895	396	337	414	561	130	190	696	745	571	231	975	
1145	284	583	90	768	273	511	807	100	965	719	909	890	491	131	206	500	78	433	307	799	950	778	137	102	372	584	634	382	953	967	639	194	138	190	540	104	390	232	628	683	538	214	791	26	621	575	497	225	880	587	565	759	369	228	338	928	600	646	460	828	328	217	270	224	722	357	447	283	719	477	19	139	45	934	372	633	12	522	271	434	713	32	332	39	819	375	145	616	740	323	838	213	433	734	270	341	862	803	612	562	220	559	612	228	860	569	780	445	113	659	818	309	769	617	256	120	52	314	230	572	
1146	813	126	951	356	910	350	601	652	504	833	877	509	357	119	542	401	828	607	184	188	619	274	244	744	213	681	928	14	13	809	342	78	804	614	68	73	80	303	356	621	229	232	148	785	696	797	737	586	682	838	784	621	369	317	854	301	949	112	840	695	386	179	997	349	545	286	874	376	684	927	94	337	234	697	976	602	39	445	605	304	656	919	631	915	358	405	426	146	745	748	449	977	678	644	744	372	308	516	131	480	571	640	599	104	566	506	479	934	491	176	235	946	1	461	91	232	601	842	778	413	
1147	717	97	626	620	122	321	292	388	146	510	955	997	98	256	193	834	869	923	574	564	412	313	874	523	997	214	546	827	706	861	279	546	844	42	995	506	311	599	221	570	175	970	719	857	35	279	382	598	922	554	201	409	123	360	486	286	761	31	490	100	623	923	888	745	576	522	91	576	682	514	543	197	532	849	581	456	270	485	717	745	263	374	849	819	821	729	383	147	144	22	512	963	832	812	655	386	593	459	508	711	324	602	609	406	840	770	932	737	624	987	447	651	886	758	204	761	864	370	901	218	
1148	651	715	761	46	208	429	280	504	292	956	431	564	695	277	285	883	37	822	53	538	800	324	21	711	137	540	76	622	69	184	402	745	62	93	85	823	159	867	185	308	372	268	431	578	529	137	17	909	402	649	860	925	467	603	279	120	321	247	779	775	673	272	860	690	383	452	96	38	473	823	725	469	269	932	743	86	368	518	506	559	833	166	861	81	134	278	872	659	637	70	991	849	397	548	775	638	422	257	129	104	630	658	709	379	534	484	881	121	77	252	985	400	515	781	793	76	544	843	809	31	
1149	176	776	614	291	293	124	158	507	556	465	983	639	235	41	591	399	651	458	490	118	674	638	233	614	950	103	760	272	227	353	405	217	783	837	685	698	595	371	977	343	285	951	714	874	156	880	584	848	443	965	81	788	322	744	480	211	89	416	60	960	702	25	107	377	529	983	223	866	510	539	752	920	499	380	113	776	755	106	71	545	826	600	327	448	538	72	495	139	893	923	217	615	204	137	396	533	871	501	699	803	598	676	65	911	375	952	309	154	337	697	851	370	49	899	739	824	331	413	630	676	
1150	529	782	541	172	24	453	254	921	480	129	653	386	552	198	205	441	738	509	342	14	114	492	420	320	111	837	478	517	816	324	319	331	9	315	178	87	46	928	394	911	255	73	624	675	28	591	368	113	219	697	814	330	848	954	237	358	820	990	264	111	657	248	245	261	548	992	30	94	820	860	722	656	731	172	60	233	459	610	490	623	282	170	873	100	177	358	582	613	785	341	176	403	263	773	381	985	970	230	666	142	522	217	991	94	755	609	297	332	451	321	570	395	456	535	886	109	101	287	200	43	
1151	114	269	647	59	120	102	798	506	828	252	154	47	664	399	583	816	113	343	748	404	715	591	900	909	944	591	414	485	253	281	569	333	78	430	604	188	283	234	421	29	59	325	785	852	560	363	764	42	490	503	457	511	945	755	35	984	93	251	805	377	161	699	391	404	776	381	538	586	646	584	390	586	41	950	426	184	657	284	468	200	326	911	474	219	626	941	280	129	295	34	42	152	378	76	901	11	600	441	913	215	983	408	897	562	208	325	510	12	404	473	113	235	517	73	552	234	766	13	235	969	
1152	636	391	675	200	486	74	187	486	530	1000	825	304	642	950	52	536	715	901	864	944	761	465	962	269	787	643	49	70	283	388	304	72	657	618	137	852	216	240	300	147	864	737	120	776	742	981	257	543	217	503	291	813	126	950	606	872	455	739	186	704	815	810	269	991	457	229	683	717	234	381	661	374	27	634	437	264	76	237	321	63	758	652	102	12	295	342	566	854	843	799	189	695	585	462	945	42	764	230	784	875	259	66	223	40	668	868	296	22	532	623	259	472	633	491	128	467	980	770	579	357	
1153	289	626	296	785	424	51	25	674	829	401	334	693	982	577	256	33	655	544	540	374	163	959	992	436	133	994	269	37	713	93	303	104	639	87	693	359	128	948	517	580	44	54	799	687	475	956	750	203	714	750	930	386	465	255	857	126	658	579	431	610	845	659	155	904	554	423	229	396	894	636	941	704	554	518	133	537	935	767	258	858	199	809	767	569	256	848	842	727	418	556	435	987	116	6	226	745	474	504	944	270	393	58	497	639	846	826	361	827	948	59	597	743	300	874	555	601	922	853	108	95	
1154	852	152	440	903	733	835	19	574	531	807	270	419	494	698	274	377	33	970	286	144	520	894	432	946	352	958	379	661	788	518	222	731	652	918	225	934	385	382	486	768	655	945	133	882	401	831	631	339	524	376	160	579	477	821	103	801	676	105	784	98	45	552	92	667	236	694	46	289	609	811	506	470	820	182	113	47	411	800	32	428	634	923	842	663	434	595	531	264	837	283	374	673	193	234	129	142	299	439	288	167	462	379	503	65	300	271	612	65	259	750	628	307	260	348	12	386	1	743	555	241	
1155	172	463	481	672	901	517	188	170	738	85	658	407	653	501	977	549	659	781	210	858	672	706	681	322	618	727	398	727	105	849	370	617	221	274	204	97	664	808	877	128	405	23	968	549	978	820	830	119	954	987	104	992	334	84	687	763	93	97	697	807	833	452	796	35	964	14	640	956	483	155	712	478	114	132	122	400	545	917	983	283	925	512	724	388	353	945	498	783	598	612	172	302	856	700	631	891	940	109	246	915	559	4	239	851	537	430	335	111	786	310	605	409	571	923	702	878	352	305	29	607	
1156	511	758	455	181	529	259	992	306	198	62	276	707	405	504	600	736	379	873	243	517	352	529	48	284	164	22	471	267	12	159	19	23	249	121	144	593	475	264	475	688	369	480	447	287	772	220	869	473	893	654	995	795	996	857	848	384	467	20	279	114	978	503	522	464	964	435	121	723	138	269	196	637	926	315	317	436	819	443	825	435	867	720	208	523	257	197	179	120	976	919	893	454	251	718	181	670	543	301	84	979	486	99	570	634	853	433	341	369	856	892	429	239	645	461	897	381	518	127	966	971	
1157	296	474	622	175	428	852	873	554	671	366	81	551	618	37	318	422	120	456	614	797	329	128	660	787	390	951	361	229	261	164	274	268	848	357	571	694	225	342	465	780	385	410	294	429	890	526	25	281	249	398	708	849	712	395	170	300	138	666	768	669	880	211	595	187	388	823	491	585	973	555	231	223	866	597	193	352	482	525	19	599	580	150	34	123	42	29	938	946	691	745	218	717	840	107	897	817	855	720	656	222	503	116	418	867	428	722	667	849	468	777	493	454	224	33	520	493	519	783	290	629	
1158	765	101	319	197	109	601	76	304	839	418	278	921	977	203	838	733	911	914	278	886	51	334	447	646	774	407	198	846	736	252	771	583	709	891	554	975	265	293	941	142	613	135	562	65	809	689	553	334	236	144	137	49	907	590	91	735	510	477	846	1	225	240	477	491	506	371	262	237	342	484	997	666	649	17	944	976	845	908	108	367	946	949	216	5	392	238	112	193	785	61	341	158	74	133	67	875	651	334	187	17	205	382	882	756	659	48	362	501	804	820	279	391	857	623	141	2	114	181	992	77	
1159	564	419	766	434	739	845	86	353	418	370	81	205	356	614	716	533	290	887	690	735	314	595	784	264	616	135	95	170	19	121	634	789	940	417	241	946	26	796	294	459	577	449	470	951	469	496	897	797	817	118	325	406	973	798	40	568	383	253	541	216	281	877	162	343	684	269	271	809	427	118	89	922	771	897	423	610	945	975	77	851	549	793	463	144	773	546	544	808	157	385	100	163	422	83	611	780	604	744	744	944	765	229	648	638	807	554	222	839	472	253	614	808	716	711	896	766	155	13	800	969	
1160	786	268	948	58	547	518	379	821	907	819	598	560	527	266	142	269	21	345	854	131	745	757	884	560	272	616	879	254	289	664	138	659	240	45	762	501	525	307	829	766	956	161	740	29	326	129	611	821	568	777	126	697	779	105	934	400	404	191	651	62	212	879	812	412	667	399	358	992	720	522	690	647	157	402	666	11	689	771	628	672	765	774	615	875	203	380	990	637	707	84	204	340	536	7	895	58	283	337	975	466	590	826	697	985	372	678	159	114	127	850	650	341	474	24	379	296	545	421	958	445	
1161	336	216	702	532	30	466	391	672	300	414	20	735	236	922	379	763	93	27	34	602	604	308	356	233	23	191	288	781	187	683	547	706	419	159	999	384	517	174	979	18	768	195	909	273	889	686	973	624	790	872	468	825	466	875	629	337	466	622	339	639	991	352	740	690	77	762	236	260	691	914	469	265	189	933	621	5	39	877	688	549	346	547	503	652	915	31	545	217	786	262	634	527	33	91	138	190	22	9	351	544	594	151	589	30	747	197	268	715	62	326	291	497	145	703	924	227	321	327	872	371	
1162	959	748	69	632	668	92	428	5	675	439	300	152	524	75	223	897	114	195	867	224	970	558	492	3	474	674	838	706	260	384	126	145	354	490	106	694	492	106	229	980	560	597	344	183	850	512	358	64	605	137	678	603	920	881	158	776	324	161	757	375	661	403	410	32	111	58	924	777	611	157	250	633	258	239	172	853	49	491	241	176	309	758	274	936	465	893	951	519	438	417	241	360	75	328	215	795	149	350	797	26	248	836	513	693	310	320	496	914	984	684	818	129	195	955	305	79	228	73	391	562	
1163	475	992	205	149	872	133	83	181	958	675	241	732	975	572	319	127	413	780	312	855	844	95	91	951	479	561	472	546	446	134	967	689	990	395	645	940	521	356	280	174	96	264	38	870	791	114	481	835	24	865	269	575	962	914	965	592	546	588	443	91	811	364	303	850	83	355	2	679	614	909	578	657	982	946	456	503	971	122	809	354	352	645	203	928	414	714	160	622	837	145	207	246	584	633	337	90	264	918	946	703	724	110	65	645	456	323	353	486	819	718	744	861	525	394	344	338	817	998	517	571	
1164	439	566	732	189	94	111	250	279	885	574	524	277	416	404	411	820	210	471	244	415	549	694	324	600	670	581	635	865	408	681	524	1000	128	438	980	595	193	167	657	496	273	797	61	8	348	461	323	772	639	443	377	920	399	571	734	560	947	617	294	801	343	39	292	569	851	400	759	849	748	18	200	745	545	417	339	197	488	834	932	239	322	485	124	501	580	255	340	317	144	350	961	710	339	174	472	217	464	75	780	79	405	448	255	788	380	816	93	669	326	396	119	310	491	700	134	175	76	361	413	480	
1165	722	388	154	532	709	227	264	735	281	396	422	878	441	757	312	140	804	396	791	108	755	555	464	522	314	230	733	631	314	18	47	969	566	273	844	586	469	203	654	184	880	831	325	477	253	130	934	936	771	263	779	220	718	865	645	543	133	805	815	589	202	242	485	518	602	181	964	301	318	304	564	315	929	484	316	116	875	359	429	328	230	583	626	340	903	768	493	130	622	498	69	662	385	430	415	899	902	322	547	542	552	764	561	776	764	396	468	770	37	916	37	92	812	420	866	518	356	473	41	843	
1166	518	456	859	727	950	927	112	889	80	936	771	507	532	909	503	681	246	627	247	969	833	390	452	503	941	118	633	398	443	16	922	994	248	15	322	59	193	732	605	645	479	484	517	486	355	569	809	24	891	492	490	639	860	585	80	173	259	539	629	853	471	842	824	100	249	562	725	254	112	775	578	64	414	389	677	66	534	660	292	24	58	532	205	753	848	645	168	815	357	835	818	280	69	336	219	92	185	762	106	617	378	390	375	467	725	397	209	791	328	231	466	34	884	301	999	518	595	987	284	773	
1167	21	576	441	540	545	765	498	663	750	107	721	456	379	860	990	357	564	139	941	87	256	593	526	376	358	776	877	462	490	284	511	103	194	879	902	981	141	28	734	628	814	662	649	601	934	578	656	662	720	625	532	883	409	851	324	255	648	273	511	832	962	937	844	223	224	767	664	743	261	562	568	503	251	77	680	326	710	55	379	935	547	893	619	581	522	398	908	809	817	592	604	881	371	761	14	67	762	112	535	435	200	669	120	513	132	487	133	167	523	268	653	577	965	230	460	69	121	612	573	805	
1168	902	76	739	150	422	307	892	837	923	987	224	718	799	397	897	145	91	297	451	117	642	95	627	276	292	45	26	664	852	272	580	470	203	582	395	122	870	436	290	723	502	531	767	200	151	528	928	987	691	196	994	165	583	209	534	26	799	639	621	766	621	541	949	113	96	284	564	807	971	160	332	771	986	952	280	29	373	761	358	665	686	126	405	802	949	619	689	606	838	241	813	508	945	572	297	260	11	76	212	422	571	433	427	877	112	699	234	445	329	928	42	35	308	583	316	556	811	300	821	953	
1169	589	587	361	295	141	719	119	214	591	403	574	968	789	390	18	446	257	358	920	563	517	13	193	85	102	918	883	688	814	834	9	117	385	951	261	359	912	416	747	567	733	386	567	905	886	214	409	158	621	939	855	907	599	942	316	681	652	588	936	86	679	271	105	693	374	704	304	737	132	532	207	1000	605	505	169	646	962	530	418	711	982	986	41	569	903	374	659	824	9	566	563	956	928	853	806	401	500	598	515	549	242	314	411	272	585	359	773	831	450	843	886	704	803	602	967	509	509	564	23	843	
1170	579	2	698	16	635	530	490	979	18	613	364	962	186	511	510	15	37	234	619	61	833	732	803	53	844	584	903	81	337	214	128	552	843	191	696	521	154	468	40	995	764	479	196	668	445	44	908	512	186	569	620	701	51	956	735	668	95	468	375	939	229	658	904	433	671	761	550	137	49	124	964	3	499	919	278	855	331	786	489	660	711	25	658	856	994	334	596	320	228	427	998	754	879	555	764	513	95	505	540	378	833	315	772	660	840	439	59	141	188	359	877	547	540	938	235	135	261	955	314	185	
1171	894	594	88	639	415	130	248	170	141	162	178	730	168	42	662	962	239	665	492	766	165	528	764	160	644	608	730	629	450	881	942	51	300	900	315	662	296	724	830	513	319	664	57	299	819	948	673	66	141	978	765	228	915	730	336	11	408	713	25	745	300	657	241	373	933	637	4	348	334	632	955	459	151	207	193	44	789	268	325	376	971	92	168	140	401	603	631	631	885	238	451	666	224	298	232	608	314	508	770	432	671	544	287	441	140	165	344	110	837	72	289	371	409	17	260	711	424	867	913	273	
1172	16	98	623	558	828	340	749	122	896	887	827	301	443	529	843	718	668	624	745	803	802	207	324	133	511	259	252	631	307	486	755	851	397	404	721	878	103	420	579	733	635	977	317	527	912	586	376	781	522	799	676	72	497	685	994	449	784	963	323	447	73	390	381	828	415	930	704	145	812	370	139	147	308	785	861	894	905	866	473	618	985	990	968	571	725	140	469	357	259	61	286	374	614	400	783	30	852	355	723	558	705	52	261	365	179	943	827	329	669	281	893	212	63	668	325	76	958	419	327	319	
1173	825	442	694	515	797	544	290	638	481	107	629	672	835	32	547	495	899	688	768	52	942	117	243	678	963	162	139	964	876	934	425	519	719	738	767	886	597	576	831	452	690	287	719	127	823	565	243	954	525	92	692	734	771	952	551	501	817	231	625	575	365	146	994	464	718	524	727	209	552	48	109	189	792	872	195	856	856	531	239	699	276	94	195	995	118	695	905	883	831	461	405	527	248	148	971	627	760	792	792	562	918	152	973	195	177	109	505	241	45	555	710	859	498	623	847	179	376	665	769	930	
1174	188	504	852	83	844	298	744	827	943	722	91	918	103	734	797	590	887	874	964	704	356	528	776	117	782	600	999	137	207	997	657	35	619	648	646	470	697	777	767	328	249	355	771	49	374	864	235	198	270	141	72	415	143	494	707	949	548	413	461	265	225	679	64	488	139	183	374	979	660	672	328	255	157	541	178	775	996	995	733	451	193	386	445	499	379	335	428	700	73	790	174	359	110	294	367	862	4	997	562	912	12	710	276	487	756	207	720	832	490	224	267	755	233	769	27	12	857	476	396	657	
1175	315	115	756	510	787	230	355	877	521	875	847	522	475	441	490	541	362	636	924	936	806	725	567	909	763	129	745	857	731	281	995	669	653	554	528	635	724	301	984	830	499	506	790	213	783	104	614	113	253	768	722	133	694	444	767	846	615	129	764	146	614	972	243	14	475	597	251	714	907	677	653	576	219	245	325	670	379	994	332	784	744	252	476	209	998	46	283	75	422	467	331	357	101	806	281	124	997	482	5	470	296	132	921	235	281	486	702	964	166	53	236	969	475	358	328	549	528	764	466	805	
1176	485	751	305	790	102	181	426	52	979	837	181	546	195	166	566	366	452	976	729	744	979	269	260	399	423	463	793	252	119	22	347	466	56	760	135	515	859	526	909	247	991	533	383	937	611	114	970	394	198	634	618	874	843	265	122	779	615	569	372	601	77	5	958	847	420	902	479	732	831	94	512	966	949	147	405	517	802	454	254	667	614	205	9	10	773	406	195	656	702	301	207	399	287	360	998	775	346	152	296	895	681	11	809	673	191	472	295	423	642	618	635	731	187	417	606	771	808	229	990	148	
1177	52	314	166	150	150	2	833	272	528	498	318	593	758	784	145	812	36	428	557	289	766	200	209	237	38	368	2	670	694	196	689	490	487	428	350	977	25	147	685	167	780	326	776	126	935	63	933	580	334	205	914	281	337	214	806	380	35	512	409	366	41	605	487	887	468	309	328	831	519	16	772	600	861	508	510	898	29	139	206	791	136	281	251	137	197	581	233	904	650	814	927	48	469	720	828	802	667	742	940	226	58	602	613	969	994	331	615	668	114	686	603	805	944	801	186	129	560	844	282	89	
1178	305	653	852	459	381	546	701	190	303	880	889	416	232	272	276	677	572	419	180	148	552	380	654	767	4	566	208	995	956	289	119	65	273	378	898	452	373	784	343	875	823	846	228	954	483	126	352	836	798	178	395	212	921	569	131	581	851	400	8	957	508	903	475	25	799	286	218	166	352	231	319	372	695	157	171	687	731	94	93	441	602	541	487	506	920	283	626	865	94	623	680	24	501	851	235	691	219	25	365	977	149	118	591	759	30	134	558	753	831	408	994	426	832	387	313	813	317	641	900	837	
1179	331	56	354	574	869	80	749	428	940	801	151	701	525	950	389	733	952	445	870	975	844	921	463	895	988	481	575	753	611	10	215	126	852	416	997	776	774	755	89	579	998	975	534	119	773	252	581	499	251	872	647	533	491	265	498	919	313	280	582	812	706	378	456	539	907	793	119	27	925	834	173	312	631	784	863	692	564	953	929	281	599	559	580	278	516	786	442	361	257	212	747	181	749	494	752	596	143	129	776	958	994	263	666	594	200	338	458	43	77	109	759	823	493	978	749	629	96	76	942	165	
1180	999	334	493	340	212	799	632	137	121	842	1	966	48	199	881	760	735	295	741	869	304	600	356	124	282	121	872	486	328	687	66	923	575	263	715	160	918	28	312	927	913	843	837	368	31	678	654	759	750	934	994	742	26	20	441	76	837	250	239	486	796	29	825	845	94	269	528	432	131	609	556	947	330	661	714	272	651	509	953	342	374	358	649	807	828	323	589	398	229	342	835	976	337	895	690	250	387	746	483	692	434	980	771	325	714	294	359	831	412	69	537	348	817	601	963	792	92	548	641	297	
