30
1	1	17	1001	1003	1006	1007	1009	1010	1012	1013	1015	1017	1018	1020	1021	1022	1026	1028	1029	
2	2	25	1001	1003	1004	1005	1006	1007	1008	1009	1010	1011	1012	1013	1014	1016	1017	1019	1020	1021	1022	1023	1025	1026	1028	1029	1030	
3	3	21	1001	1002	1003	1004	1005	1006	1008	1009	1011	1012	1013	1016	1019	1020	1021	1022	1023	1025	1026	1027	1029	
4	4	24	1001	1002	1003	1005	1006	1007	1008	1009	1010	1012	1015	1016	1017	1018	1019	1020	1021	1022	1023	1024	1025	1026	1027	1029	
5	5	15	1002	1003	1006	1007	1008	1009	1016	1017	1020	1024	1026	1027	1028	1029	1030	
6	6	30	1001	1002	1003	1004	1005	1006	1007	1008	1009	1010	1011	1012	1013	1014	1015	1016	1017	1018	1019	1020	1021	1022	1023	1024	1025	1026	1027	1028	1029	1030	
7	7	29	1001	1003	1004	1005	1006	1007	1008	1009	1010	1011	1012	1013	1014	1015	1016	1017	1018	1019	1020	1021	1022	1023	1024	1025	1026	1027	1028	1029	1030	
8	8	12	1002	1005	1006	1009	1011	1013	1014	1017	1019	1026	1028	1030	
9	9	24	1001	1005	1006	1007	1008	1009	1010	1011	1012	1013	1014	1015	1016	1017	1018	1020	1022	1023	1025	1026	1027	1028	1029	1030	
10	10	21	1002	1003	1004	1005	1006	1007	1008	1014	1016	1017	1018	1019	1020	1021	1022	1024	1025	1026	1027	1028	1030	
11	11	15	1002	1004	1005	1007	1008	1009	1011	1012	1015	1017	1018	1020	1021	1023	1029	
12	12	25	1001	1002	1003	1005	1006	1007	1008	1009	1010	1012	1013	1015	1016	1017	1018	1019	1020	1021	1022	1023	1024	1025	1026	1027	1030	
13	13	19	1002	1004	1006	1007	1008	1009	1012	1013	1014	1015	1018	1019	1021	1022	1024	1025	1026	1028	1030	
14	14	26	1001	1003	1004	1005	1006	1007	1008	1009	1010	1011	1012	1013	1014	1015	1016	1017	1018	1019	1022	1023	1025	1026	1027	1028	1029	1030	
15	15	16	1001	1003	1007	1008	1012	1013	1014	1016	1017	1021	1022	1024	1025	1028	1029	1030	
16	16	7	1001	1003	1007	1016	1018	1022	1024	
17	17	8	1004	1005	1007	1009	1011	1014	1023	1028	
18	18	11	1003	1004	1006	1007	1008	1011	1016	1021	1023	1029	1030	
19	19	11	1004	1006	1008	1016	1019	1021	1022	1023	1026	1028	1030	
20	20	8	1001	1006	1014	1016	1018	1019	1020	1025	
21	21	30	1001	1002	1003	1004	1005	1006	1007	1008	1009	1010	1011	1012	1013	1014	1015	1016	1017	1018	1019	1020	1021	1022	1023	1024	1025	1026	1027	1028	1029	1030	
22	22	26	1001	1002	1003	1004	1005	1006	1009	1010	1011	1012	1013	1014	1015	1017	1018	1019	1021	1022	1023	1024	1025	1026	1027	1028	1029	1030	
23	23	12	1003	1004	1006	1010	1012	1013	1016	1017	1018	1020	1025	1027	
24	24	8	1003	1009	1013	1016	1017	1026	1028	1030	
25	25	16	1001	1002	1003	1005	1006	1007	1013	1014	1015	1016	1021	1022	1024	1027	1028	1030	
26	26	15	1001	1002	1003	1006	1007	1009	1010	1011	1015	1016	1018	1021	1022	1024	1027	
27	27	13	1001	1005	1007	1010	1011	1014	1015	1017	1020	1022	1024	1027	1030	
28	28	26	1001	1003	1004	1005	1006	1007	1008	1009	1010	1011	1012	1013	1014	1015	1016	1019	1020	1021	1022	1023	1024	1025	1027	1028	1029	1030	
29	29	20	1002	1003	1004	1006	1008	1010	1011	1013	1014	1017	1019	1022	1023	1024	1025	1026	1027	1028	1029	1030	
30	30	22	1001	1002	1003	1004	1005	1006	1007	1008	1009	1010	1012	1014	1015	1016	1017	1022	1024	1025	1026	1027	1028	1029	
