120
1	1	75	1002	1003	1004	1009	1013	1014	1015	1016	1021	1024	1027	1032	1034	1035	1038	1039	1041	1042	1044	1046	1051	1052	1054	1055	1057	1061	1063	1064	1068	1069	1071	1072	1073	1074	1077	1087	1089	1092	1093	1099	1100	1103	1105	1106	1107	1110	1112	1113	1120	1126	1128	1131	1132	1134	1135	1139	1141	1143	1148	1149	1150	1152	1153	1155	1158	1161	1163	1164	1165	1166	1167	1169	1170	1175	1180	
2	2	166	1001	1002	1003	1004	1005	1006	1007	1008	1009	1010	1011	1012	1013	1014	1015	1016	1017	1018	1019	1021	1023	1024	1025	1026	1027	1028	1030	1031	1032	1033	1034	1035	1036	1037	1038	1039	1041	1042	1044	1045	1046	1047	1048	1049	1050	1052	1053	1054	1055	1056	1058	1059	1060	1061	1062	1063	1064	1065	1066	1067	1068	1069	1070	1071	1072	1073	1075	1076	1077	1078	1079	1080	1081	1082	1083	1084	1085	1086	1087	1088	1089	1090	1091	1092	1093	1094	1095	1096	1097	1098	1099	1100	1101	1102	1103	1104	1105	1106	1107	1108	1109	1110	1111	1112	1113	1114	1116	1117	1118	1119	1120	1121	1122	1123	1124	1125	1127	1128	1129	1130	1131	1132	1133	1134	1135	1136	1137	1138	1139	1140	1141	1142	1143	1144	1145	1146	1147	1148	1149	1150	1151	1152	1153	1155	1156	1157	1158	1159	1160	1162	1163	1164	1165	1167	1168	1169	1170	1171	1172	1174	1175	1176	1177	1178	1179	1180	
3	3	43	1006	1008	1009	1013	1018	1019	1020	1023	1031	1042	1043	1044	1054	1059	1060	1063	1065	1078	1079	1081	1082	1086	1094	1114	1119	1123	1127	1128	1135	1139	1140	1146	1150	1156	1160	1164	1165	1168	1170	1171	1174	1177	1178	
4	4	49	1001	1004	1005	1006	1013	1015	1016	1017	1020	1030	1034	1039	1040	1043	1052	1054	1060	1061	1065	1071	1074	1075	1078	1088	1089	1104	1106	1109	1118	1121	1126	1127	1129	1135	1137	1141	1143	1144	1148	1151	1154	1158	1162	1168	1169	1170	1175	1176	1179	
5	5	163	1001	1002	1003	1004	1005	1006	1007	1008	1009	1010	1011	1012	1013	1014	1015	1016	1017	1018	1019	1020	1021	1022	1023	1024	1025	1026	1027	1028	1029	1030	1031	1032	1033	1034	1035	1036	1037	1038	1040	1041	1042	1043	1044	1045	1046	1047	1048	1049	1050	1051	1052	1053	1054	1055	1056	1057	1058	1059	1060	1061	1062	1063	1064	1065	1066	1067	1068	1069	1070	1072	1073	1074	1075	1076	1077	1078	1079	1080	1082	1083	1084	1085	1086	1088	1090	1091	1093	1094	1095	1097	1098	1099	1100	1101	1102	1103	1104	1105	1106	1107	1108	1109	1110	1111	1112	1113	1115	1116	1117	1118	1120	1121	1122	1125	1127	1128	1129	1130	1131	1132	1133	1134	1135	1136	1137	1139	1140	1141	1142	1143	1144	1145	1146	1147	1150	1151	1152	1153	1154	1156	1157	1158	1159	1160	1161	1162	1163	1164	1165	1166	1167	1168	1169	1170	1171	1172	1173	1174	1176	1177	1178	1179	1180	
6	6	178	1001	1003	1004	1005	1006	1007	1008	1009	1010	1011	1012	1013	1014	1015	1016	1017	1018	1019	1020	1021	1022	1023	1024	1025	1026	1027	1028	1029	1030	1031	1032	1033	1034	1035	1036	1037	1038	1039	1040	1041	1042	1043	1044	1045	1046	1047	1048	1049	1050	1051	1052	1053	1054	1055	1056	1057	1058	1059	1060	1061	1062	1063	1064	1065	1066	1067	1068	1069	1070	1071	1072	1073	1074	1075	1076	1077	1078	1079	1080	1081	1082	1083	1084	1085	1086	1087	1088	1089	1090	1091	1093	1094	1095	1096	1097	1098	1099	1100	1101	1102	1103	1104	1105	1106	1107	1108	1109	1110	1111	1112	1113	1114	1115	1116	1117	1118	1119	1120	1121	1122	1123	1124	1125	1126	1127	1128	1129	1130	1131	1132	1133	1134	1135	1136	1137	1138	1139	1140	1141	1142	1143	1144	1145	1146	1147	1148	1149	1150	1151	1152	1153	1154	1155	1156	1157	1158	1159	1160	1161	1162	1163	1164	1165	1166	1167	1168	1169	1170	1171	1172	1173	1174	1175	1176	1177	1178	1179	1180	
7	7	73	1005	1006	1011	1013	1014	1024	1027	1029	1031	1032	1033	1035	1037	1038	1047	1048	1054	1055	1057	1058	1059	1060	1067	1070	1073	1078	1079	1080	1081	1083	1086	1090	1093	1096	1101	1102	1103	1105	1108	1109	1113	1114	1117	1121	1122	1123	1127	1128	1132	1133	1140	1141	1143	1144	1146	1147	1149	1150	1152	1153	1155	1156	1159	1162	1163	1165	1168	1170	1174	1175	1177	1178	1179	
8	8	132	1003	1004	1005	1008	1009	1011	1012	1013	1015	1018	1021	1023	1024	1025	1026	1028	1029	1030	1031	1035	1036	1037	1038	1040	1041	1042	1043	1044	1046	1047	1048	1049	1050	1051	1052	1053	1054	1055	1057	1059	1061	1062	1063	1064	1067	1069	1070	1071	1072	1073	1075	1077	1078	1081	1082	1083	1084	1086	1087	1088	1089	1092	1094	1095	1096	1097	1098	1099	1101	1102	1103	1104	1106	1107	1108	1110	1112	1113	1115	1116	1117	1118	1119	1120	1121	1122	1124	1125	1126	1127	1128	1130	1131	1132	1134	1136	1137	1138	1139	1141	1143	1144	1145	1146	1148	1149	1150	1151	1153	1154	1155	1156	1157	1158	1159	1160	1161	1163	1164	1165	1166	1167	1168	1169	1170	1172	1173	1174	1175	1177	1178	1180	
9	9	136	1001	1003	1004	1005	1006	1007	1008	1009	1010	1011	1012	1013	1016	1017	1018	1019	1020	1021	1024	1025	1026	1027	1029	1030	1032	1033	1034	1035	1036	1037	1040	1041	1042	1043	1044	1045	1048	1049	1050	1052	1055	1056	1057	1058	1059	1060	1062	1063	1064	1065	1066	1067	1068	1069	1071	1073	1074	1075	1077	1078	1079	1080	1081	1082	1083	1084	1085	1086	1087	1088	1089	1090	1091	1092	1096	1097	1100	1103	1104	1105	1106	1107	1108	1109	1110	1111	1112	1114	1115	1118	1120	1122	1123	1124	1125	1127	1128	1129	1130	1133	1135	1136	1137	1138	1139	1140	1141	1142	1147	1148	1149	1150	1151	1152	1153	1154	1155	1156	1157	1158	1159	1160	1161	1162	1163	1164	1165	1169	1170	1171	1172	1173	1174	1176	1177	1178	
10	10	95	1001	1002	1003	1005	1006	1008	1010	1013	1015	1017	1019	1020	1022	1024	1025	1027	1031	1035	1036	1038	1041	1043	1050	1051	1052	1053	1054	1057	1058	1060	1061	1062	1063	1064	1065	1068	1069	1073	1074	1077	1078	1080	1083	1086	1087	1088	1089	1090	1091	1093	1095	1096	1097	1098	1101	1102	1103	1105	1106	1108	1109	1111	1114	1117	1119	1121	1123	1125	1128	1129	1130	1131	1132	1133	1134	1138	1140	1142	1143	1147	1148	1149	1152	1153	1154	1162	1166	1167	1168	1172	1176	1177	1178	1179	1180	
11	11	109	1002	1003	1005	1007	1009	1010	1011	1012	1015	1018	1019	1020	1021	1023	1024	1025	1026	1034	1035	1036	1037	1038	1039	1041	1042	1045	1046	1047	1049	1050	1053	1054	1055	1056	1057	1059	1060	1061	1063	1064	1066	1067	1069	1070	1071	1075	1078	1079	1080	1081	1084	1087	1088	1092	1093	1095	1096	1097	1098	1101	1102	1103	1105	1107	1108	1110	1111	1113	1114	1116	1117	1119	1123	1124	1125	1127	1128	1129	1132	1133	1134	1136	1137	1138	1139	1140	1141	1143	1145	1147	1148	1151	1152	1153	1154	1156	1158	1159	1161	1162	1164	1166	1168	1169	1173	1174	1176	1177	1180	
12	12	104	1001	1002	1003	1004	1005	1007	1009	1010	1012	1013	1014	1016	1017	1021	1023	1024	1026	1028	1029	1035	1037	1038	1040	1049	1051	1052	1053	1054	1056	1059	1062	1063	1065	1067	1068	1069	1070	1073	1074	1075	1076	1078	1079	1081	1082	1084	1085	1086	1088	1089	1090	1096	1097	1098	1099	1100	1101	1102	1103	1105	1106	1109	1111	1112	1114	1116	1117	1118	1119	1121	1122	1124	1129	1131	1133	1134	1137	1138	1139	1140	1143	1144	1147	1151	1152	1155	1156	1158	1159	1160	1161	1163	1164	1165	1166	1167	1168	1171	1173	1176	1177	1178	1179	1180	
13	13	123	1002	1004	1005	1006	1007	1008	1010	1011	1012	1013	1014	1015	1016	1018	1020	1022	1025	1027	1028	1029	1030	1033	1034	1038	1039	1042	1043	1046	1047	1048	1049	1051	1052	1053	1054	1055	1056	1058	1059	1060	1061	1062	1063	1065	1066	1067	1068	1070	1072	1073	1076	1077	1078	1079	1080	1081	1082	1083	1086	1087	1088	1089	1090	1091	1093	1094	1095	1096	1097	1098	1100	1101	1102	1103	1104	1107	1108	1109	1111	1112	1113	1114	1115	1117	1119	1120	1121	1122	1124	1125	1126	1127	1129	1130	1131	1139	1142	1143	1144	1145	1146	1147	1148	1152	1153	1154	1155	1159	1160	1162	1163	1164	1169	1170	1172	1173	1174	1175	1176	1177	1178	1179	1180	
14	14	129	1002	1003	1004	1005	1006	1011	1012	1014	1017	1018	1019	1020	1023	1024	1025	1026	1027	1029	1030	1031	1032	1034	1035	1037	1038	1039	1041	1042	1044	1045	1048	1049	1050	1051	1052	1053	1054	1055	1056	1057	1058	1059	1060	1061	1062	1063	1068	1069	1070	1071	1073	1074	1075	1076	1077	1078	1079	1080	1081	1082	1083	1084	1085	1087	1088	1089	1090	1091	1093	1094	1097	1098	1100	1101	1102	1103	1104	1105	1106	1110	1111	1112	1113	1114	1115	1121	1122	1125	1126	1127	1128	1132	1133	1134	1135	1136	1138	1139	1140	1142	1143	1144	1145	1148	1150	1151	1152	1153	1154	1155	1156	1157	1158	1159	1160	1161	1162	1163	1164	1165	1166	1167	1168	1169	1171	1173	1176	1179	1180	
15	15	76	1001	1003	1005	1007	1008	1009	1011	1013	1014	1016	1019	1020	1025	1027	1028	1029	1034	1036	1038	1039	1040	1042	1045	1046	1049	1052	1057	1058	1059	1060	1061	1062	1065	1068	1070	1072	1078	1080	1084	1086	1087	1089	1096	1098	1100	1101	1102	1107	1108	1111	1113	1120	1122	1123	1126	1128	1134	1135	1142	1144	1146	1149	1152	1153	1155	1158	1162	1164	1168	1169	1170	1171	1173	1174	1175	1176	
16	16	48	1004	1010	1014	1022	1032	1034	1039	1042	1045	1047	1049	1053	1056	1058	1059	1077	1081	1087	1088	1090	1102	1106	1107	1108	1109	1110	1113	1115	1118	1121	1127	1130	1136	1141	1146	1154	1156	1157	1158	1159	1162	1163	1166	1170	1171	1173	1179	1180	
17	17	160	1001	1002	1005	1006	1007	1008	1009	1011	1012	1013	1014	1015	1016	1017	1018	1019	1020	1021	1022	1023	1025	1026	1027	1028	1029	1030	1033	1034	1035	1036	1037	1038	1039	1041	1042	1043	1044	1045	1046	1047	1048	1049	1050	1051	1052	1053	1054	1055	1056	1057	1058	1060	1061	1062	1064	1066	1067	1068	1069	1071	1072	1074	1075	1076	1077	1078	1079	1080	1081	1082	1083	1084	1085	1086	1088	1089	1090	1091	1092	1093	1094	1095	1096	1097	1098	1099	1100	1101	1102	1103	1104	1105	1106	1107	1108	1109	1110	1111	1112	1113	1114	1115	1116	1117	1118	1119	1120	1121	1122	1123	1124	1125	1126	1127	1128	1129	1130	1131	1132	1133	1136	1137	1138	1139	1140	1141	1142	1146	1147	1148	1149	1150	1151	1152	1153	1154	1156	1157	1158	1159	1160	1161	1162	1164	1165	1166	1167	1168	1169	1170	1171	1172	1173	1174	1175	1176	1177	1178	1179	1180	
18	18	136	1001	1002	1004	1006	1007	1008	1009	1011	1012	1013	1014	1016	1017	1018	1019	1020	1021	1022	1025	1026	1027	1028	1032	1033	1034	1035	1036	1037	1039	1042	1048	1049	1050	1052	1053	1054	1055	1057	1058	1060	1061	1062	1063	1064	1065	1066	1067	1068	1069	1070	1071	1072	1073	1074	1075	1079	1080	1081	1082	1083	1084	1085	1088	1089	1090	1092	1093	1095	1096	1097	1098	1099	1100	1101	1102	1103	1104	1105	1107	1108	1109	1113	1114	1115	1116	1117	1120	1121	1122	1123	1124	1127	1128	1129	1131	1132	1133	1134	1135	1136	1137	1138	1139	1140	1141	1142	1143	1144	1145	1146	1148	1150	1151	1152	1153	1154	1155	1156	1158	1159	1160	1162	1163	1164	1165	1166	1168	1169	1170	1171	1172	1173	1175	1176	1178	1179	
19	19	146	1001	1002	1004	1006	1008	1009	1010	1011	1012	1013	1014	1017	1018	1019	1020	1021	1022	1023	1024	1025	1026	1028	1029	1030	1031	1032	1033	1034	1036	1037	1038	1040	1041	1042	1043	1044	1045	1046	1047	1048	1049	1050	1051	1052	1054	1055	1057	1058	1059	1065	1066	1069	1070	1071	1072	1073	1074	1075	1076	1077	1078	1079	1081	1082	1084	1086	1087	1088	1089	1090	1092	1093	1094	1095	1096	1097	1098	1099	1100	1104	1105	1106	1107	1108	1109	1110	1111	1112	1113	1114	1115	1116	1117	1118	1119	1120	1121	1122	1123	1124	1125	1127	1129	1130	1131	1132	1133	1134	1135	1136	1137	1140	1141	1143	1145	1146	1148	1149	1150	1151	1152	1153	1154	1155	1159	1160	1161	1162	1163	1164	1165	1166	1167	1168	1169	1170	1171	1172	1173	1174	1175	1176	1177	1178	1179	1180	
20	20	89	1002	1003	1006	1007	1009	1011	1012	1013	1016	1019	1021	1022	1023	1026	1030	1031	1032	1033	1034	1035	1036	1037	1040	1041	1043	1044	1045	1047	1048	1054	1060	1061	1062	1063	1064	1065	1067	1069	1070	1072	1073	1078	1082	1083	1085	1087	1092	1098	1099	1101	1103	1106	1110	1111	1112	1114	1115	1116	1119	1120	1121	1122	1124	1127	1128	1132	1135	1139	1142	1144	1145	1146	1147	1148	1150	1151	1158	1160	1161	1162	1166	1167	1168	1170	1172	1173	1174	1178	1179	
21	21	150	1002	1003	1004	1005	1006	1007	1008	1009	1010	1011	1012	1013	1014	1015	1016	1017	1018	1019	1020	1021	1022	1024	1025	1026	1027	1028	1029	1030	1032	1033	1034	1035	1036	1037	1039	1040	1041	1043	1044	1045	1046	1048	1049	1050	1051	1053	1054	1055	1056	1057	1058	1059	1062	1063	1064	1065	1066	1067	1068	1070	1071	1072	1073	1075	1077	1078	1079	1081	1082	1083	1084	1085	1086	1087	1088	1089	1090	1091	1092	1094	1095	1096	1097	1098	1100	1101	1102	1104	1105	1106	1107	1108	1110	1111	1112	1113	1116	1119	1120	1121	1122	1123	1124	1126	1128	1129	1130	1132	1133	1135	1136	1137	1138	1139	1141	1142	1143	1144	1145	1146	1147	1148	1150	1151	1152	1154	1155	1156	1157	1158	1159	1160	1161	1163	1164	1165	1166	1167	1168	1169	1170	1171	1173	1174	1175	1176	1177	1178	1179	1180	
22	22	115	1002	1003	1004	1006	1008	1009	1011	1012	1013	1015	1016	1019	1020	1023	1026	1028	1029	1031	1032	1033	1035	1038	1039	1042	1043	1047	1048	1049	1050	1051	1053	1054	1055	1056	1057	1058	1061	1062	1063	1064	1065	1067	1068	1070	1071	1073	1075	1076	1078	1079	1080	1081	1083	1084	1085	1086	1087	1088	1090	1091	1092	1093	1095	1096	1097	1100	1101	1102	1103	1104	1105	1106	1110	1111	1112	1115	1118	1119	1122	1124	1125	1126	1127	1128	1129	1130	1131	1133	1135	1136	1137	1138	1139	1141	1142	1143	1145	1147	1149	1150	1152	1153	1154	1155	1156	1160	1163	1165	1168	1169	1171	1174	1177	1178	1179	
23	23	44	1001	1007	1008	1017	1019	1020	1021	1026	1029	1038	1039	1040	1048	1056	1060	1064	1069	1079	1080	1086	1087	1088	1090	1092	1093	1095	1100	1102	1104	1105	1106	1120	1126	1140	1141	1148	1153	1160	1162	1163	1168	1175	1179	1180	
24	24	146	1002	1003	1004	1005	1006	1007	1009	1011	1012	1014	1015	1016	1017	1018	1019	1024	1025	1026	1028	1030	1031	1032	1033	1034	1035	1036	1037	1038	1039	1040	1041	1043	1044	1045	1046	1047	1048	1049	1050	1051	1052	1053	1054	1055	1056	1059	1060	1061	1062	1063	1064	1066	1067	1068	1069	1070	1071	1072	1075	1076	1078	1080	1081	1082	1083	1086	1088	1089	1090	1091	1092	1093	1094	1095	1096	1097	1098	1101	1102	1103	1104	1105	1106	1109	1110	1111	1112	1113	1114	1115	1116	1117	1118	1119	1120	1121	1122	1123	1124	1125	1126	1127	1128	1130	1131	1132	1133	1134	1135	1136	1137	1139	1140	1141	1143	1144	1146	1147	1148	1149	1150	1151	1152	1153	1154	1155	1156	1157	1158	1159	1160	1161	1162	1163	1164	1165	1166	1167	1168	1169	1170	1171	1172	1173	1175	1176	
25	25	94	1002	1008	1013	1017	1020	1022	1025	1026	1028	1029	1030	1033	1036	1038	1039	1042	1044	1045	1046	1049	1050	1055	1059	1061	1062	1063	1064	1065	1069	1070	1072	1077	1078	1079	1080	1081	1082	1084	1085	1087	1088	1089	1090	1093	1094	1097	1098	1102	1104	1107	1112	1114	1115	1119	1120	1121	1124	1125	1126	1129	1131	1132	1134	1137	1139	1141	1142	1143	1144	1145	1146	1147	1148	1149	1150	1151	1152	1153	1156	1158	1159	1160	1161	1164	1165	1167	1168	1169	1170	1171	1173	1175	1176	1178	
26	26	76	1003	1006	1008	1011	1013	1014	1016	1017	1018	1021	1023	1027	1028	1029	1031	1032	1033	1035	1038	1043	1044	1045	1049	1050	1056	1058	1059	1063	1067	1070	1073	1074	1075	1077	1079	1081	1090	1092	1094	1097	1098	1101	1102	1106	1109	1116	1121	1122	1125	1128	1130	1132	1134	1137	1139	1140	1141	1143	1144	1145	1148	1149	1150	1152	1156	1158	1159	1160	1163	1164	1168	1169	1172	1177	1178	1179	
27	27	70	1004	1005	1006	1007	1008	1009	1014	1017	1018	1019	1022	1023	1024	1028	1032	1038	1041	1042	1043	1044	1045	1046	1047	1056	1063	1064	1068	1070	1071	1072	1078	1079	1083	1084	1091	1093	1095	1097	1098	1100	1102	1103	1104	1109	1117	1118	1122	1123	1126	1127	1131	1133	1140	1141	1142	1144	1145	1147	1152	1161	1162	1163	1164	1166	1170	1171	1172	1175	1177	1178	
28	28	131	1002	1003	1004	1005	1006	1007	1008	1009	1010	1011	1012	1013	1014	1015	1016	1017	1019	1021	1024	1026	1027	1029	1031	1032	1034	1035	1041	1042	1043	1044	1045	1047	1051	1052	1053	1054	1056	1057	1058	1060	1061	1062	1064	1065	1066	1067	1068	1069	1071	1072	1073	1074	1077	1078	1079	1080	1081	1083	1084	1085	1086	1087	1090	1091	1093	1095	1096	1097	1099	1101	1102	1104	1105	1106	1107	1109	1110	1112	1113	1114	1115	1116	1117	1120	1122	1123	1125	1126	1127	1128	1130	1131	1132	1133	1134	1135	1136	1137	1138	1139	1140	1141	1144	1145	1146	1147	1148	1149	1150	1151	1152	1154	1155	1157	1158	1160	1161	1162	1163	1164	1165	1166	1167	1168	1169	1174	1175	1176	1177	1179	1180	
29	29	71	1003	1004	1009	1012	1013	1019	1020	1021	1024	1031	1033	1036	1038	1039	1042	1043	1047	1049	1050	1051	1055	1061	1063	1064	1065	1070	1075	1076	1078	1079	1080	1083	1085	1088	1091	1093	1098	1106	1107	1109	1110	1116	1117	1119	1122	1124	1130	1131	1136	1137	1139	1143	1146	1148	1149	1152	1154	1155	1156	1158	1159	1162	1164	1165	1166	1171	1172	1174	1176	1177	1178	
30	30	136	1001	1004	1005	1006	1009	1010	1011	1013	1014	1016	1018	1019	1021	1022	1023	1024	1025	1028	1029	1030	1033	1034	1035	1036	1037	1038	1039	1041	1042	1043	1045	1046	1047	1048	1049	1050	1051	1052	1054	1055	1056	1057	1058	1060	1061	1062	1063	1064	1066	1067	1068	1069	1070	1071	1072	1073	1076	1078	1079	1080	1081	1084	1085	1086	1087	1088	1089	1090	1091	1092	1093	1094	1095	1096	1097	1098	1099	1100	1102	1103	1104	1105	1106	1107	1108	1109	1110	1111	1112	1113	1114	1117	1118	1121	1122	1123	1125	1126	1127	1128	1129	1130	1131	1132	1134	1138	1141	1142	1143	1144	1145	1146	1147	1148	1149	1150	1151	1152	1153	1155	1156	1158	1159	1160	1162	1163	1165	1166	1172	1173	1174	1175	1176	1177	1179	1180	
31	31	83	1002	1004	1006	1009	1010	1012	1014	1017	1022	1028	1029	1031	1033	1034	1035	1036	1037	1041	1045	1046	1048	1050	1051	1053	1054	1055	1056	1059	1060	1063	1065	1066	1068	1073	1074	1079	1081	1082	1084	1086	1094	1096	1097	1098	1103	1104	1109	1110	1112	1114	1116	1117	1120	1123	1125	1127	1128	1129	1130	1132	1133	1134	1139	1141	1143	1144	1146	1148	1152	1154	1156	1157	1160	1161	1163	1164	1165	1169	1170	1175	1176	1178	1179	
32	32	47	1001	1004	1005	1006	1014	1015	1022	1023	1030	1032	1034	1039	1044	1045	1048	1051	1056	1064	1065	1070	1073	1076	1082	1084	1095	1103	1107	1110	1111	1121	1128	1131	1133	1135	1136	1145	1146	1147	1153	1158	1160	1170	1171	1173	1175	1177	1180	
33	33	168	1001	1002	1003	1004	1006	1007	1008	1009	1010	1011	1012	1013	1014	1016	1017	1018	1020	1021	1022	1023	1024	1025	1026	1027	1028	1029	1030	1031	1032	1033	1034	1035	1036	1037	1038	1039	1040	1041	1042	1043	1044	1045	1047	1048	1049	1050	1051	1053	1054	1055	1056	1057	1058	1059	1060	1062	1063	1064	1065	1066	1067	1068	1069	1070	1071	1072	1073	1074	1075	1076	1077	1078	1079	1080	1081	1082	1083	1084	1085	1086	1087	1088	1090	1091	1092	1093	1094	1095	1096	1097	1098	1099	1100	1101	1102	1103	1104	1105	1106	1107	1108	1110	1111	1112	1113	1115	1116	1117	1119	1120	1121	1122	1123	1124	1125	1126	1127	1128	1129	1130	1131	1132	1133	1134	1136	1137	1138	1139	1140	1141	1142	1143	1144	1145	1146	1147	1148	1149	1150	1151	1152	1153	1154	1155	1157	1158	1159	1160	1161	1162	1163	1164	1165	1166	1167	1168	1169	1170	1171	1172	1173	1174	1175	1176	1177	1178	1179	1180	
34	34	171	1001	1002	1003	1004	1005	1006	1007	1008	1009	1010	1011	1012	1014	1015	1016	1017	1018	1019	1020	1021	1022	1023	1024	1025	1026	1027	1028	1029	1030	1031	1032	1033	1034	1035	1036	1037	1038	1039	1041	1042	1044	1045	1046	1047	1048	1049	1050	1051	1052	1053	1054	1055	1056	1057	1058	1059	1060	1061	1062	1063	1064	1065	1066	1067	1068	1069	1070	1071	1072	1073	1074	1075	1076	1077	1078	1079	1080	1081	1082	1083	1084	1085	1086	1087	1088	1089	1090	1091	1092	1093	1094	1095	1096	1098	1099	1100	1101	1102	1103	1105	1107	1108	1109	1110	1111	1112	1113	1114	1115	1116	1117	1118	1119	1120	1121	1122	1123	1124	1125	1126	1127	1128	1129	1130	1131	1132	1133	1134	1136	1137	1139	1140	1141	1142	1143	1144	1145	1146	1147	1148	1149	1150	1151	1152	1153	1155	1156	1157	1158	1159	1160	1161	1162	1163	1164	1165	1166	1167	1168	1169	1170	1171	1172	1173	1174	1175	1176	1177	1178	1179	1180	
35	35	72	1001	1005	1007	1017	1022	1023	1024	1028	1030	1031	1033	1035	1036	1037	1039	1040	1041	1042	1043	1047	1049	1053	1057	1058	1059	1061	1063	1064	1065	1067	1070	1074	1077	1078	1082	1084	1085	1088	1095	1098	1100	1102	1103	1104	1105	1107	1112	1113	1115	1119	1122	1126	1127	1136	1137	1139	1140	1141	1142	1148	1149	1151	1154	1159	1165	1166	1167	1171	1176	1178	1179	1180	
36	36	63	1001	1003	1004	1008	1009	1012	1013	1015	1016	1024	1028	1029	1030	1031	1032	1036	1037	1041	1044	1046	1049	1050	1051	1052	1058	1059	1061	1062	1064	1065	1066	1071	1073	1074	1079	1082	1083	1090	1093	1101	1103	1108	1116	1120	1121	1126	1130	1131	1132	1134	1136	1138	1143	1150	1157	1158	1166	1168	1174	1175	1176	1179	1180	
37	37	132	1001	1002	1003	1007	1008	1009	1010	1011	1012	1013	1014	1015	1016	1017	1019	1020	1021	1022	1023	1026	1027	1028	1030	1032	1033	1034	1035	1038	1039	1041	1042	1043	1044	1047	1048	1049	1050	1051	1052	1053	1054	1055	1058	1059	1060	1061	1062	1064	1066	1067	1068	1069	1070	1071	1072	1073	1075	1076	1077	1078	1079	1080	1081	1082	1083	1085	1086	1089	1091	1092	1093	1094	1095	1097	1099	1100	1101	1102	1103	1107	1108	1109	1110	1113	1114	1118	1119	1120	1121	1122	1125	1126	1127	1130	1133	1134	1135	1136	1137	1138	1140	1141	1142	1143	1144	1145	1148	1149	1150	1151	1152	1156	1157	1158	1160	1161	1162	1163	1164	1165	1166	1167	1168	1171	1172	1173	1175	1176	1177	1178	1179	1180	
38	38	102	1002	1005	1009	1010	1013	1014	1016	1017	1020	1021	1022	1023	1025	1029	1031	1032	1035	1037	1038	1039	1040	1041	1044	1048	1049	1051	1054	1055	1056	1057	1059	1060	1062	1069	1072	1073	1075	1076	1077	1079	1080	1082	1083	1086	1087	1089	1092	1093	1094	1095	1096	1097	1098	1100	1101	1104	1107	1108	1109	1111	1112	1113	1114	1115	1116	1117	1120	1123	1124	1126	1128	1129	1130	1131	1132	1134	1136	1139	1140	1143	1145	1146	1148	1150	1151	1152	1153	1155	1158	1159	1160	1162	1163	1165	1168	1169	1172	1173	1174	1176	1177	1179	
39	39	127	1001	1002	1003	1005	1006	1007	1008	1009	1010	1012	1013	1017	1018	1020	1021	1022	1024	1025	1026	1027	1030	1032	1033	1034	1035	1036	1037	1038	1039	1040	1042	1043	1044	1045	1047	1050	1051	1053	1054	1055	1056	1057	1059	1060	1061	1062	1063	1064	1066	1067	1069	1071	1072	1075	1076	1077	1078	1079	1081	1082	1083	1084	1085	1086	1087	1089	1091	1092	1095	1097	1098	1100	1101	1102	1104	1105	1106	1107	1108	1109	1111	1112	1114	1115	1116	1117	1118	1121	1122	1123	1125	1126	1127	1128	1129	1131	1133	1134	1135	1137	1138	1139	1140	1141	1142	1143	1146	1147	1148	1150	1152	1154	1155	1156	1159	1161	1163	1164	1165	1166	1168	1171	1172	1175	1176	1179	1180	
40	40	72	1001	1002	1003	1005	1007	1008	1011	1013	1017	1019	1021	1026	1027	1028	1032	1037	1038	1040	1043	1044	1047	1049	1054	1055	1056	1057	1062	1063	1064	1066	1067	1068	1069	1070	1071	1073	1075	1081	1082	1083	1086	1087	1088	1093	1105	1106	1108	1111	1112	1113	1114	1119	1122	1125	1126	1130	1131	1133	1139	1140	1141	1142	1149	1150	1153	1157	1158	1165	1172	1173	1177	1180	
41	41	54	1003	1006	1008	1010	1016	1021	1023	1025	1027	1028	1029	1031	1032	1037	1043	1044	1048	1049	1055	1063	1064	1069	1070	1075	1085	1090	1092	1095	1100	1105	1106	1109	1113	1116	1120	1123	1125	1128	1131	1138	1140	1148	1152	1154	1155	1157	1163	1164	1165	1169	1171	1175	1176	1179	
42	42	41	1008	1016	1020	1024	1026	1027	1028	1029	1032	1051	1053	1059	1061	1062	1068	1073	1074	1077	1085	1088	1089	1104	1115	1126	1131	1133	1134	1139	1140	1144	1151	1155	1158	1160	1165	1166	1169	1173	1175	1176	1179	
43	43	153	1001	1002	1003	1004	1005	1006	1007	1008	1009	1010	1011	1012	1014	1015	1016	1017	1018	1019	1020	1021	1022	1023	1024	1025	1026	1027	1028	1029	1030	1034	1035	1037	1038	1039	1040	1041	1042	1043	1044	1045	1047	1048	1049	1051	1052	1054	1055	1056	1057	1059	1060	1061	1062	1063	1064	1065	1066	1067	1068	1071	1072	1073	1074	1075	1076	1077	1078	1079	1081	1082	1084	1085	1086	1087	1088	1089	1092	1093	1094	1095	1096	1097	1098	1099	1100	1101	1102	1103	1104	1105	1106	1107	1108	1110	1111	1112	1113	1114	1115	1116	1117	1118	1119	1120	1121	1122	1123	1124	1125	1127	1128	1129	1130	1131	1132	1133	1134	1135	1136	1137	1138	1139	1141	1142	1143	1144	1146	1148	1149	1150	1151	1152	1154	1155	1156	1157	1158	1159	1163	1164	1165	1166	1167	1168	1169	1170	1171	1172	1173	1174	1177	1178	1179	
44	44	39	1004	1005	1007	1009	1011	1018	1021	1036	1039	1041	1046	1050	1058	1059	1067	1070	1077	1078	1079	1092	1103	1106	1110	1111	1113	1117	1122	1127	1144	1148	1149	1151	1154	1156	1161	1163	1169	1176	1177	
45	45	165	1001	1002	1003	1004	1005	1006	1007	1008	1009	1010	1011	1012	1013	1014	1015	1016	1017	1018	1019	1020	1021	1022	1024	1025	1026	1027	1028	1029	1030	1031	1032	1033	1034	1035	1036	1037	1038	1039	1040	1041	1042	1043	1044	1046	1047	1048	1049	1050	1051	1052	1053	1055	1057	1058	1059	1061	1062	1063	1065	1066	1067	1068	1069	1070	1072	1073	1074	1075	1076	1077	1079	1080	1081	1082	1083	1084	1085	1086	1087	1088	1089	1090	1092	1093	1094	1095	1096	1097	1098	1099	1100	1101	1102	1103	1104	1106	1107	1108	1109	1110	1112	1113	1114	1115	1116	1118	1119	1120	1121	1122	1123	1124	1125	1126	1127	1128	1129	1130	1131	1132	1133	1134	1135	1136	1137	1138	1139	1140	1141	1142	1143	1145	1146	1147	1148	1149	1150	1151	1152	1153	1154	1155	1156	1157	1158	1159	1160	1161	1162	1163	1164	1165	1166	1167	1168	1169	1171	1172	1173	1174	1175	1176	1177	1178	1179	
46	46	62	1005	1006	1007	1008	1012	1014	1016	1020	1022	1023	1024	1033	1042	1043	1044	1046	1050	1051	1052	1053	1055	1070	1072	1079	1080	1081	1083	1087	1089	1092	1097	1100	1111	1116	1117	1118	1120	1122	1124	1126	1131	1132	1133	1135	1136	1138	1145	1146	1148	1155	1156	1157	1158	1159	1160	1165	1167	1168	1172	1173	1174	1176	
47	47	39	1001	1004	1009	1010	1015	1017	1023	1027	1028	1035	1040	1062	1063	1066	1072	1073	1074	1075	1077	1079	1082	1084	1086	1088	1089	1092	1100	1103	1110	1112	1137	1139	1142	1144	1151	1166	1167	1174	1178	
48	48	117	1001	1003	1005	1006	1008	1010	1011	1013	1016	1017	1018	1019	1020	1021	1025	1026	1030	1032	1033	1035	1036	1038	1039	1040	1042	1044	1045	1047	1048	1049	1050	1052	1057	1058	1059	1062	1063	1065	1066	1067	1071	1072	1073	1074	1078	1079	1081	1082	1083	1084	1086	1087	1088	1090	1091	1092	1093	1094	1095	1096	1098	1100	1101	1102	1103	1104	1105	1106	1107	1109	1110	1111	1112	1116	1117	1118	1119	1120	1122	1124	1125	1126	1127	1128	1129	1130	1131	1132	1135	1138	1139	1140	1141	1142	1143	1145	1146	1147	1148	1151	1152	1153	1154	1156	1158	1159	1160	1162	1163	1164	1169	1171	1175	1177	1178	1179	1180	
49	49	170	1001	1002	1003	1005	1006	1007	1009	1010	1011	1012	1013	1014	1015	1016	1017	1019	1020	1021	1022	1023	1024	1025	1026	1027	1028	1029	1030	1032	1033	1034	1035	1036	1037	1038	1039	1040	1041	1042	1043	1044	1045	1046	1047	1048	1049	1050	1051	1052	1053	1054	1055	1056	1057	1058	1059	1061	1062	1063	1064	1065	1066	1067	1068	1070	1071	1072	1073	1074	1075	1076	1077	1078	1079	1080	1081	1082	1083	1084	1085	1086	1087	1088	1089	1090	1091	1092	1093	1094	1095	1096	1097	1098	1099	1100	1101	1102	1103	1105	1107	1108	1109	1110	1111	1112	1113	1114	1115	1116	1117	1118	1119	1120	1121	1122	1123	1124	1125	1126	1127	1128	1129	1130	1131	1133	1134	1135	1136	1137	1138	1139	1140	1141	1142	1144	1145	1146	1147	1148	1149	1150	1151	1152	1153	1154	1155	1156	1157	1158	1159	1160	1161	1162	1163	1164	1165	1166	1167	1168	1169	1170	1171	1172	1173	1174	1175	1176	1177	1178	1179	1180	
50	50	150	1001	1002	1004	1006	1007	1009	1011	1012	1013	1014	1015	1016	1017	1018	1019	1020	1021	1022	1024	1025	1027	1028	1029	1030	1031	1032	1033	1035	1036	1037	1038	1039	1042	1045	1046	1047	1048	1049	1051	1052	1054	1055	1057	1058	1059	1060	1061	1062	1063	1064	1065	1067	1069	1070	1071	1072	1073	1074	1075	1077	1078	1079	1081	1082	1084	1085	1086	1087	1088	1089	1090	1091	1092	1093	1095	1096	1097	1098	1099	1101	1102	1103	1104	1106	1107	1108	1110	1111	1112	1113	1114	1115	1116	1117	1118	1119	1120	1121	1122	1123	1124	1125	1126	1128	1129	1130	1131	1132	1133	1134	1135	1136	1138	1139	1140	1141	1142	1143	1144	1145	1146	1147	1148	1149	1150	1151	1152	1153	1154	1156	1157	1158	1159	1160	1161	1162	1163	1164	1165	1166	1168	1169	1170	1171	1174	1175	1176	1177	1178	1180	
51	51	56	1004	1010	1016	1017	1018	1021	1023	1025	1027	1034	1040	1043	1045	1049	1054	1057	1059	1061	1065	1066	1068	1072	1073	1074	1077	1094	1096	1097	1099	1102	1103	1112	1121	1122	1132	1137	1138	1141	1142	1144	1146	1147	1148	1149	1151	1153	1154	1159	1160	1163	1167	1168	1172	1174	1177	1180	
52	52	102	1001	1002	1003	1005	1006	1007	1008	1009	1011	1012	1013	1014	1016	1017	1019	1020	1024	1026	1030	1032	1033	1034	1035	1037	1039	1040	1042	1043	1044	1047	1049	1050	1051	1053	1056	1057	1058	1061	1063	1065	1066	1067	1068	1070	1071	1074	1077	1082	1084	1085	1090	1091	1092	1093	1094	1096	1097	1098	1100	1101	1106	1108	1111	1114	1115	1116	1117	1118	1119	1120	1121	1123	1125	1129	1132	1133	1134	1135	1139	1141	1142	1143	1144	1147	1148	1149	1151	1152	1155	1158	1159	1160	1161	1163	1164	1165	1168	1172	1173	1174	1179	1180	
53	53	151	1001	1002	1003	1004	1005	1006	1008	1009	1010	1011	1012	1013	1014	1015	1016	1017	1018	1019	1020	1022	1023	1024	1025	1026	1027	1028	1029	1030	1031	1032	1033	1034	1035	1036	1037	1038	1039	1040	1041	1042	1043	1044	1045	1046	1047	1048	1049	1050	1051	1052	1053	1054	1057	1060	1061	1062	1063	1064	1065	1066	1067	1069	1070	1071	1072	1073	1074	1075	1076	1077	1078	1080	1082	1083	1084	1085	1087	1088	1089	1090	1091	1093	1094	1095	1096	1097	1098	1099	1100	1101	1102	1105	1106	1107	1110	1112	1113	1114	1115	1116	1117	1118	1123	1125	1127	1128	1129	1132	1133	1134	1135	1136	1137	1138	1140	1141	1142	1144	1145	1146	1147	1148	1149	1150	1151	1152	1153	1154	1155	1157	1158	1159	1162	1163	1164	1165	1166	1167	1168	1169	1170	1171	1172	1173	1174	1175	1176	1177	1178	1179	1180	
54	54	42	1003	1004	1005	1006	1007	1012	1019	1021	1022	1026	1029	1033	1036	1037	1039	1048	1049	1052	1056	1058	1059	1069	1074	1077	1080	1081	1086	1087	1092	1096	1097	1105	1111	1120	1136	1143	1145	1149	1154	1174	1176	1177	
55	55	157	1001	1002	1004	1005	1006	1007	1008	1010	1012	1013	1014	1015	1016	1017	1018	1019	1020	1021	1022	1023	1024	1025	1026	1027	1029	1030	1031	1032	1033	1034	1035	1036	1037	1038	1039	1040	1041	1042	1043	1044	1045	1046	1047	1048	1049	1050	1051	1052	1053	1054	1055	1056	1057	1058	1059	1061	1063	1064	1066	1067	1068	1069	1070	1071	1072	1073	1075	1077	1078	1079	1080	1081	1083	1084	1085	1086	1087	1088	1089	1090	1091	1094	1095	1096	1097	1098	1099	1100	1101	1102	1103	1104	1106	1107	1108	1109	1110	1111	1112	1113	1115	1116	1117	1119	1120	1121	1122	1123	1124	1125	1126	1128	1129	1130	1131	1132	1133	1134	1135	1137	1139	1140	1141	1142	1143	1145	1146	1147	1148	1149	1151	1152	1153	1155	1156	1157	1158	1159	1160	1161	1162	1163	1164	1165	1167	1168	1169	1170	1171	1172	1174	1175	1176	1177	1178	1179	1180	
56	56	47	1005	1006	1013	1015	1021	1024	1027	1029	1033	1034	1036	1039	1042	1046	1047	1058	1065	1071	1076	1078	1083	1092	1094	1097	1103	1105	1115	1116	1117	1124	1126	1128	1134	1135	1137	1140	1144	1147	1154	1158	1159	1165	1175	1176	1177	1178	1180	
57	57	75	1001	1002	1005	1010	1011	1012	1013	1015	1016	1017	1019	1020	1021	1022	1027	1031	1033	1036	1037	1038	1039	1040	1041	1042	1043	1049	1050	1052	1063	1065	1066	1069	1071	1072	1075	1076	1080	1082	1083	1084	1085	1091	1093	1099	1100	1106	1107	1108	1110	1115	1116	1120	1122	1123	1124	1129	1132	1134	1137	1138	1139	1141	1143	1146	1148	1150	1153	1160	1161	1167	1168	1170	1172	1173	1175	
58	58	59	1001	1003	1006	1010	1011	1013	1016	1019	1035	1037	1041	1043	1044	1048	1050	1051	1056	1057	1059	1061	1062	1066	1068	1071	1074	1076	1077	1082	1083	1085	1086	1088	1092	1101	1102	1107	1108	1110	1113	1120	1122	1127	1130	1133	1135	1137	1142	1144	1145	1149	1150	1151	1152	1154	1163	1167	1170	1171	1174	
59	59	177	1001	1002	1003	1004	1005	1006	1007	1008	1009	1010	1011	1012	1013	1014	1015	1016	1017	1018	1019	1020	1021	1022	1023	1024	1025	1026	1027	1028	1029	1030	1031	1032	1033	1034	1035	1036	1037	1038	1039	1040	1041	1042	1043	1044	1045	1046	1047	1049	1050	1051	1052	1053	1054	1055	1056	1057	1058	1059	1060	1061	1062	1063	1064	1065	1066	1067	1068	1069	1070	1071	1072	1073	1074	1075	1076	1077	1078	1079	1080	1081	1082	1083	1084	1086	1087	1088	1089	1090	1091	1092	1093	1094	1095	1096	1097	1098	1099	1100	1101	1102	1103	1104	1105	1106	1107	1108	1109	1110	1111	1112	1113	1114	1115	1116	1117	1118	1119	1120	1121	1122	1123	1124	1125	1126	1127	1128	1129	1130	1131	1132	1133	1134	1135	1136	1137	1138	1139	1140	1141	1142	1143	1144	1145	1146	1147	1148	1149	1150	1151	1152	1153	1154	1155	1156	1157	1158	1159	1160	1161	1162	1163	1164	1165	1166	1167	1168	1169	1170	1171	1173	1174	1175	1176	1177	1178	1179	1180	
60	60	125	1001	1002	1003	1004	1005	1006	1007	1008	1009	1010	1012	1013	1016	1017	1018	1019	1021	1022	1023	1024	1025	1026	1027	1029	1036	1037	1038	1040	1041	1042	1043	1045	1046	1047	1048	1049	1050	1051	1052	1053	1054	1055	1056	1057	1058	1059	1060	1061	1062	1063	1064	1066	1067	1068	1070	1071	1072	1073	1075	1077	1079	1080	1083	1086	1087	1088	1089	1090	1091	1093	1094	1095	1096	1097	1098	1099	1101	1103	1105	1106	1107	1108	1109	1111	1112	1114	1116	1117	1119	1120	1121	1123	1124	1125	1126	1127	1130	1131	1134	1135	1136	1137	1138	1139	1140	1142	1145	1146	1149	1150	1153	1155	1156	1157	1158	1159	1160	1161	1164	1166	1174	1176	1177	1179	1180	
61	61	134	1001	1002	1003	1004	1005	1006	1007	1008	1009	1010	1011	1012	1013	1015	1016	1017	1018	1020	1021	1022	1023	1024	1025	1027	1028	1030	1031	1032	1033	1034	1036	1037	1038	1039	1040	1041	1044	1045	1046	1047	1048	1049	1050	1052	1055	1056	1058	1059	1061	1064	1067	1069	1070	1071	1072	1073	1074	1075	1077	1078	1079	1081	1083	1084	1086	1087	1088	1090	1091	1092	1093	1094	1095	1096	1097	1098	1099	1100	1101	1102	1104	1105	1106	1107	1108	1112	1113	1114	1117	1118	1119	1120	1121	1123	1125	1126	1131	1133	1134	1135	1136	1138	1139	1140	1141	1142	1143	1144	1145	1146	1147	1149	1150	1152	1153	1154	1155	1156	1157	1159	1160	1162	1163	1164	1165	1167	1168	1169	1170	1171	1175	1176	1179	1180	
62	62	37	1003	1009	1016	1022	1043	1050	1051	1054	1055	1057	1058	1061	1067	1068	1072	1076	1079	1080	1089	1098	1102	1103	1113	1119	1125	1133	1137	1144	1148	1150	1158	1160	1168	1170	1172	1175	1179	
63	63	177	1001	1002	1003	1004	1005	1006	1007	1008	1009	1010	1011	1012	1013	1014	1015	1016	1017	1018	1019	1020	1021	1022	1023	1024	1025	1026	1027	1028	1029	1030	1031	1032	1033	1034	1035	1036	1037	1038	1039	1041	1042	1043	1044	1045	1046	1047	1048	1049	1050	1051	1052	1053	1054	1055	1056	1057	1058	1059	1060	1061	1062	1063	1064	1065	1066	1067	1068	1069	1071	1072	1073	1074	1075	1076	1077	1078	1079	1080	1081	1082	1083	1084	1085	1086	1087	1088	1089	1090	1091	1092	1093	1094	1095	1096	1098	1099	1100	1101	1102	1103	1104	1105	1106	1107	1108	1109	1110	1111	1112	1113	1114	1115	1116	1117	1118	1119	1120	1121	1122	1123	1124	1125	1126	1127	1128	1129	1130	1131	1132	1133	1134	1135	1136	1137	1138	1139	1140	1141	1142	1143	1144	1145	1146	1147	1148	1149	1150	1151	1152	1153	1154	1155	1156	1157	1158	1159	1160	1161	1162	1163	1164	1165	1166	1167	1168	1169	1170	1171	1172	1173	1174	1175	1176	1177	1178	1179	1180	
64	64	113	1001	1003	1006	1007	1008	1009	1011	1012	1013	1014	1015	1016	1017	1019	1020	1021	1023	1026	1029	1031	1032	1033	1035	1036	1038	1039	1040	1041	1042	1043	1044	1048	1049	1050	1051	1052	1053	1058	1059	1060	1062	1063	1064	1066	1067	1069	1070	1071	1072	1073	1075	1078	1079	1080	1082	1083	1085	1086	1087	1088	1091	1092	1093	1094	1095	1098	1099	1100	1102	1103	1104	1106	1107	1108	1112	1113	1116	1118	1119	1122	1123	1124	1127	1130	1132	1133	1134	1137	1139	1141	1142	1143	1144	1146	1147	1148	1151	1152	1155	1157	1158	1159	1161	1162	1163	1166	1168	1169	1171	1174	1175	1179	1180	
65	65	67	1001	1002	1009	1010	1011	1018	1019	1020	1022	1023	1025	1027	1031	1033	1034	1035	1039	1045	1046	1048	1054	1055	1065	1068	1069	1070	1071	1072	1073	1075	1079	1080	1084	1086	1094	1097	1102	1106	1112	1113	1116	1117	1119	1121	1123	1125	1129	1130	1134	1136	1137	1139	1141	1143	1151	1154	1155	1157	1159	1161	1164	1166	1167	1172	1175	1178	1179	
66	66	127	1003	1004	1005	1006	1008	1009	1010	1014	1015	1016	1017	1018	1019	1020	1021	1025	1026	1028	1029	1031	1037	1038	1040	1041	1042	1043	1045	1046	1047	1048	1049	1050	1051	1052	1053	1054	1055	1058	1059	1060	1061	1062	1063	1064	1065	1066	1067	1068	1069	1070	1071	1073	1076	1078	1079	1080	1081	1082	1083	1085	1086	1087	1088	1090	1091	1092	1093	1096	1098	1099	1100	1102	1103	1104	1105	1107	1108	1110	1111	1112	1114	1116	1117	1120	1121	1123	1125	1126	1127	1129	1130	1131	1132	1133	1134	1135	1137	1138	1140	1141	1144	1145	1147	1148	1149	1150	1151	1152	1156	1159	1160	1161	1162	1163	1164	1166	1167	1168	1169	1170	1171	1173	1174	1175	1178	1179	1180	
67	67	166	1001	1002	1003	1004	1005	1006	1007	1008	1009	1010	1011	1012	1013	1014	1015	1016	1017	1018	1019	1020	1021	1022	1023	1025	1026	1027	1028	1030	1031	1032	1033	1035	1036	1037	1038	1039	1040	1041	1042	1043	1044	1045	1046	1047	1048	1049	1050	1051	1052	1053	1054	1055	1057	1058	1059	1060	1061	1062	1063	1064	1065	1066	1067	1068	1069	1070	1071	1073	1074	1075	1076	1077	1078	1079	1080	1081	1082	1083	1084	1085	1086	1087	1088	1089	1090	1092	1093	1094	1095	1096	1097	1099	1101	1102	1103	1104	1105	1106	1107	1109	1110	1111	1112	1113	1114	1115	1116	1117	1119	1120	1121	1122	1123	1124	1125	1126	1127	1129	1130	1132	1133	1134	1135	1136	1137	1138	1140	1141	1142	1143	1144	1145	1146	1147	1148	1149	1150	1152	1153	1154	1155	1156	1157	1158	1159	1160	1161	1162	1163	1164	1165	1166	1167	1168	1169	1170	1171	1172	1173	1174	1175	1176	1177	1178	1179	1180	
68	68	101	1001	1004	1005	1007	1008	1009	1010	1011	1013	1015	1018	1019	1020	1021	1022	1024	1026	1028	1029	1030	1031	1033	1034	1035	1036	1038	1041	1042	1043	1044	1045	1046	1049	1051	1052	1053	1054	1055	1056	1058	1063	1067	1071	1074	1075	1086	1087	1090	1092	1095	1096	1097	1099	1100	1101	1102	1103	1104	1107	1108	1109	1110	1115	1116	1118	1119	1120	1121	1122	1125	1126	1127	1129	1130	1133	1135	1136	1139	1140	1141	1143	1144	1146	1148	1149	1150	1151	1154	1156	1157	1160	1161	1162	1163	1164	1167	1169	1170	1175	1178	1179	
69	69	129	1001	1002	1003	1005	1006	1008	1010	1011	1012	1013	1014	1016	1017	1018	1019	1020	1022	1023	1024	1025	1026	1027	1028	1029	1031	1032	1035	1037	1039	1040	1041	1042	1044	1045	1046	1047	1050	1051	1052	1053	1054	1055	1056	1058	1059	1062	1063	1065	1067	1068	1069	1070	1072	1074	1075	1077	1078	1079	1080	1081	1082	1083	1084	1085	1087	1088	1090	1091	1093	1094	1095	1096	1097	1098	1099	1100	1102	1104	1105	1106	1107	1111	1113	1115	1117	1119	1120	1123	1124	1125	1126	1127	1128	1129	1131	1135	1138	1139	1140	1141	1142	1143	1144	1145	1146	1147	1148	1151	1152	1153	1154	1155	1156	1158	1160	1162	1163	1165	1166	1168	1169	1170	1172	1174	1175	1176	1177	1178	1180	
70	70	137	1001	1002	1003	1004	1005	1006	1007	1009	1010	1011	1012	1013	1014	1015	1016	1018	1019	1020	1021	1022	1023	1024	1025	1026	1029	1030	1032	1033	1034	1035	1036	1037	1038	1039	1040	1041	1043	1044	1045	1046	1047	1048	1049	1050	1053	1054	1055	1056	1060	1062	1063	1064	1066	1067	1068	1069	1070	1072	1073	1074	1075	1076	1079	1080	1083	1084	1085	1086	1087	1088	1090	1092	1094	1095	1096	1097	1098	1100	1103	1105	1106	1107	1108	1109	1110	1113	1114	1115	1116	1117	1118	1119	1120	1121	1122	1123	1125	1126	1127	1128	1129	1130	1133	1134	1135	1136	1137	1138	1139	1141	1142	1144	1145	1148	1149	1150	1153	1154	1155	1156	1157	1158	1160	1162	1164	1165	1167	1168	1169	1170	1171	1172	1173	1174	1176	1177	1180	
71	71	176	1001	1002	1003	1004	1005	1006	1007	1008	1009	1010	1011	1012	1013	1014	1015	1016	1017	1018	1019	1020	1022	1023	1024	1025	1027	1028	1029	1030	1031	1032	1033	1034	1035	1036	1037	1038	1039	1040	1041	1042	1044	1045	1046	1047	1048	1049	1050	1051	1052	1053	1054	1055	1056	1057	1058	1059	1060	1061	1062	1063	1064	1065	1066	1067	1068	1069	1070	1071	1072	1073	1074	1075	1076	1077	1078	1079	1080	1081	1082	1083	1084	1085	1086	1087	1088	1089	1090	1091	1092	1093	1094	1095	1096	1097	1098	1099	1100	1101	1102	1103	1104	1105	1106	1107	1108	1109	1110	1111	1112	1113	1114	1115	1116	1117	1118	1119	1120	1121	1122	1123	1124	1125	1126	1127	1128	1129	1130	1131	1132	1133	1134	1135	1136	1137	1138	1139	1140	1141	1142	1143	1144	1145	1146	1147	1148	1149	1150	1151	1152	1154	1155	1156	1157	1158	1159	1160	1161	1162	1163	1164	1165	1166	1167	1168	1169	1170	1171	1172	1173	1174	1175	1176	1177	1178	1179	1180	
72	72	145	1001	1002	1005	1006	1007	1009	1011	1012	1014	1015	1016	1017	1018	1019	1021	1022	1023	1024	1025	1026	1028	1029	1030	1032	1033	1034	1035	1036	1037	1038	1039	1040	1041	1042	1043	1045	1046	1047	1048	1049	1050	1052	1054	1056	1057	1058	1059	1060	1061	1062	1063	1064	1065	1066	1067	1068	1069	1070	1072	1073	1074	1075	1076	1077	1079	1080	1081	1082	1083	1085	1086	1088	1089	1090	1091	1092	1093	1094	1095	1096	1097	1098	1099	1100	1101	1102	1103	1104	1105	1107	1109	1110	1111	1112	1113	1114	1115	1116	1117	1118	1119	1121	1124	1125	1126	1127	1128	1129	1130	1131	1133	1135	1136	1137	1138	1139	1140	1141	1142	1143	1145	1146	1147	1148	1149	1150	1151	1152	1153	1155	1156	1157	1160	1161	1162	1164	1166	1167	1169	1171	1172	1173	1174	1177	1178	
73	73	54	1003	1004	1008	1009	1011	1014	1018	1020	1023	1030	1033	1036	1037	1042	1047	1052	1057	1058	1064	1066	1068	1073	1079	1083	1090	1091	1092	1101	1104	1107	1109	1111	1113	1120	1123	1125	1127	1128	1129	1132	1135	1138	1141	1143	1145	1150	1152	1156	1158	1162	1163	1172	1175	1179	
74	74	121	1001	1002	1003	1004	1005	1008	1009	1012	1013	1014	1015	1016	1017	1019	1022	1026	1027	1029	1031	1032	1033	1034	1035	1037	1039	1040	1041	1042	1043	1044	1045	1046	1047	1048	1050	1051	1052	1055	1056	1057	1058	1059	1060	1061	1062	1063	1064	1065	1066	1067	1070	1071	1072	1073	1074	1075	1076	1078	1081	1082	1084	1086	1087	1089	1091	1093	1095	1098	1099	1100	1101	1103	1104	1107	1108	1111	1113	1114	1115	1116	1117	1119	1120	1121	1123	1124	1125	1127	1128	1129	1131	1132	1133	1135	1136	1137	1139	1140	1141	1144	1147	1148	1150	1151	1154	1155	1156	1157	1158	1159	1164	1165	1167	1170	1172	1173	1174	1175	1176	1177	1180	
75	75	102	1002	1003	1004	1006	1008	1009	1010	1011	1013	1014	1015	1016	1018	1020	1022	1023	1024	1025	1029	1030	1032	1033	1036	1039	1040	1043	1047	1048	1050	1053	1055	1060	1061	1062	1063	1065	1066	1067	1068	1072	1073	1074	1076	1077	1078	1079	1080	1081	1082	1085	1086	1089	1090	1094	1095	1100	1101	1103	1105	1110	1112	1113	1114	1115	1118	1123	1124	1125	1126	1127	1128	1129	1130	1132	1133	1135	1136	1137	1138	1139	1140	1141	1142	1145	1146	1149	1151	1155	1156	1157	1161	1162	1165	1166	1167	1168	1170	1171	1174	1175	1179	1180	
76	76	50	1005	1015	1016	1019	1034	1036	1037	1039	1040	1042	1044	1050	1051	1054	1055	1068	1069	1071	1073	1076	1077	1078	1084	1085	1087	1091	1092	1093	1100	1103	1104	1106	1119	1123	1124	1132	1140	1143	1144	1148	1150	1152	1154	1155	1160	1170	1171	1172	1175	1178	
77	77	143	1001	1002	1003	1004	1005	1006	1008	1009	1010	1011	1012	1014	1015	1016	1017	1018	1019	1020	1021	1022	1023	1025	1027	1029	1030	1031	1032	1033	1035	1037	1039	1041	1042	1043	1045	1046	1047	1048	1050	1051	1052	1053	1055	1056	1057	1058	1060	1062	1063	1064	1065	1066	1067	1069	1070	1071	1072	1073	1074	1075	1077	1078	1079	1080	1081	1082	1083	1084	1085	1086	1088	1089	1090	1091	1092	1093	1094	1095	1096	1098	1099	1100	1101	1102	1104	1105	1106	1108	1110	1112	1115	1116	1117	1119	1120	1121	1124	1125	1126	1127	1129	1130	1132	1133	1134	1135	1136	1137	1138	1140	1142	1143	1144	1147	1148	1149	1152	1153	1154	1155	1156	1157	1158	1159	1160	1161	1162	1163	1164	1165	1166	1168	1169	1170	1171	1172	1173	1174	1175	1177	1178	1179	1180	
78	78	39	1001	1006	1009	1017	1023	1026	1028	1029	1036	1042	1044	1046	1049	1054	1055	1059	1067	1072	1077	1083	1088	1093	1096	1101	1110	1128	1131	1135	1136	1138	1142	1145	1151	1155	1156	1163	1167	1170	1171	
79	79	128	1002	1004	1005	1007	1009	1010	1011	1013	1016	1019	1020	1021	1022	1023	1024	1025	1026	1027	1030	1031	1032	1035	1036	1037	1038	1039	1042	1043	1044	1045	1046	1047	1048	1050	1051	1053	1054	1056	1057	1058	1059	1060	1061	1064	1065	1066	1067	1068	1069	1070	1071	1073	1076	1077	1079	1080	1082	1083	1086	1087	1088	1090	1092	1094	1095	1099	1101	1102	1103	1104	1106	1107	1108	1109	1111	1112	1115	1116	1118	1121	1122	1125	1126	1127	1128	1129	1130	1131	1132	1134	1135	1136	1137	1138	1139	1140	1142	1143	1144	1146	1147	1148	1149	1150	1152	1153	1154	1155	1156	1157	1158	1159	1160	1161	1162	1164	1165	1167	1168	1171	1172	1173	1174	1175	1177	1178	1179	1180	
80	80	104	1001	1002	1003	1005	1006	1013	1014	1015	1016	1019	1020	1023	1027	1029	1030	1031	1032	1033	1034	1036	1037	1038	1042	1044	1045	1047	1049	1050	1051	1052	1053	1054	1055	1056	1057	1058	1060	1061	1062	1063	1065	1066	1067	1069	1070	1071	1073	1074	1076	1077	1079	1080	1083	1084	1086	1091	1093	1094	1095	1096	1099	1101	1104	1105	1106	1107	1110	1112	1114	1117	1120	1121	1122	1123	1125	1126	1127	1128	1129	1130	1131	1132	1136	1138	1141	1144	1146	1147	1148	1152	1153	1154	1155	1158	1159	1161	1162	1163	1164	1167	1169	1170	1171	1172	
81	81	109	1003	1004	1006	1011	1014	1018	1021	1023	1024	1025	1027	1029	1030	1031	1032	1033	1037	1038	1039	1040	1042	1043	1046	1047	1048	1050	1051	1052	1053	1055	1056	1058	1059	1060	1064	1065	1067	1070	1071	1074	1075	1076	1077	1078	1079	1080	1081	1082	1083	1084	1085	1086	1087	1088	1089	1090	1093	1098	1099	1100	1103	1105	1108	1109	1110	1114	1116	1117	1120	1122	1123	1124	1125	1126	1128	1129	1130	1131	1134	1135	1136	1140	1142	1143	1144	1148	1149	1151	1152	1153	1154	1155	1156	1158	1159	1160	1161	1162	1163	1165	1167	1168	1169	1170	1172	1174	1178	1179	1180	
82	82	118	1005	1007	1009	1010	1011	1012	1013	1014	1015	1016	1019	1020	1021	1022	1023	1024	1025	1027	1029	1030	1031	1033	1035	1036	1037	1038	1040	1041	1042	1046	1047	1048	1049	1050	1053	1054	1055	1058	1060	1061	1063	1064	1067	1068	1071	1073	1074	1077	1078	1079	1081	1082	1085	1086	1087	1088	1090	1094	1096	1097	1098	1099	1101	1102	1106	1107	1108	1109	1110	1113	1114	1115	1116	1118	1120	1121	1122	1123	1126	1127	1129	1131	1132	1133	1134	1135	1136	1137	1139	1140	1141	1142	1143	1146	1148	1151	1153	1154	1155	1156	1157	1159	1160	1161	1162	1163	1164	1165	1166	1167	1169	1170	1171	1172	1174	1178	1179	1180	
83	83	175	1001	1002	1003	1004	1005	1006	1007	1008	1009	1010	1011	1012	1013	1014	1015	1016	1017	1018	1019	1020	1021	1022	1024	1025	1026	1027	1028	1029	1030	1031	1033	1034	1035	1036	1037	1038	1039	1040	1041	1042	1043	1044	1045	1046	1047	1048	1049	1050	1051	1052	1053	1054	1055	1056	1057	1058	1059	1060	1061	1062	1063	1065	1066	1067	1068	1069	1070	1071	1072	1073	1074	1075	1076	1077	1078	1079	1080	1081	1082	1083	1084	1085	1086	1087	1088	1089	1090	1091	1092	1093	1094	1095	1096	1097	1098	1099	1100	1101	1102	1103	1104	1105	1106	1107	1108	1109	1111	1112	1113	1114	1115	1116	1117	1118	1119	1120	1121	1122	1123	1124	1125	1126	1127	1128	1129	1130	1131	1132	1133	1134	1135	1136	1137	1138	1139	1140	1141	1142	1143	1144	1145	1146	1147	1148	1149	1150	1151	1152	1153	1154	1155	1156	1157	1158	1159	1161	1162	1163	1164	1165	1166	1167	1168	1169	1170	1171	1172	1173	1174	1175	1176	1177	1178	1179	1180	
84	84	162	1001	1003	1004	1006	1007	1009	1010	1011	1012	1013	1014	1016	1018	1019	1020	1021	1022	1023	1024	1025	1026	1027	1028	1029	1030	1032	1033	1034	1036	1037	1038	1039	1040	1041	1042	1043	1044	1045	1046	1047	1048	1049	1051	1052	1053	1055	1056	1057	1058	1059	1060	1061	1062	1063	1065	1067	1068	1069	1070	1071	1072	1073	1074	1075	1076	1077	1078	1079	1080	1081	1082	1083	1084	1085	1086	1087	1088	1089	1090	1091	1092	1093	1094	1095	1096	1097	1098	1099	1100	1101	1102	1103	1105	1106	1107	1108	1109	1110	1111	1112	1113	1114	1116	1117	1118	1119	1120	1121	1122	1123	1124	1125	1126	1127	1128	1129	1130	1131	1132	1133	1134	1135	1136	1137	1138	1139	1140	1141	1143	1144	1145	1147	1148	1149	1150	1151	1152	1153	1154	1155	1156	1158	1159	1160	1161	1162	1163	1164	1166	1168	1169	1170	1171	1172	1173	1174	1175	1176	1177	1178	1179	1180	
85	85	78	1006	1010	1011	1013	1014	1018	1019	1021	1022	1023	1026	1027	1030	1035	1037	1038	1039	1041	1051	1052	1053	1056	1058	1059	1062	1066	1068	1070	1071	1075	1077	1082	1083	1085	1091	1092	1093	1096	1102	1103	1105	1106	1108	1110	1111	1116	1117	1120	1122	1123	1124	1125	1129	1131	1132	1134	1139	1140	1141	1142	1144	1147	1149	1152	1153	1154	1155	1158	1160	1161	1163	1164	1169	1170	1174	1177	1178	1179	
86	86	150	1002	1005	1006	1008	1009	1011	1012	1013	1014	1015	1017	1018	1019	1020	1021	1023	1025	1026	1027	1028	1029	1031	1032	1033	1034	1035	1036	1037	1038	1039	1040	1042	1043	1044	1045	1046	1047	1048	1049	1050	1051	1052	1054	1055	1056	1057	1058	1060	1062	1063	1065	1066	1067	1068	1069	1070	1072	1073	1074	1075	1077	1080	1081	1082	1085	1086	1087	1088	1090	1091	1093	1094	1095	1096	1097	1098	1099	1100	1101	1102	1103	1104	1105	1106	1107	1108	1109	1110	1111	1112	1113	1114	1115	1116	1118	1119	1120	1121	1122	1123	1124	1125	1126	1127	1128	1130	1132	1133	1134	1135	1137	1138	1140	1141	1142	1143	1144	1145	1146	1147	1148	1149	1150	1151	1152	1153	1154	1155	1157	1158	1160	1161	1162	1163	1164	1166	1167	1168	1169	1170	1171	1172	1173	1174	1175	1176	1177	1178	1179	1180	
87	87	49	1004	1012	1014	1021	1028	1031	1032	1034	1036	1040	1055	1061	1063	1064	1066	1069	1070	1072	1073	1076	1078	1091	1094	1107	1119	1125	1127	1129	1133	1136	1137	1143	1146	1149	1150	1154	1158	1159	1162	1163	1165	1166	1172	1174	1175	1176	1177	1178	1180	
88	88	103	1001	1002	1003	1004	1005	1006	1007	1009	1011	1014	1015	1017	1018	1020	1021	1023	1026	1027	1029	1030	1031	1033	1035	1042	1044	1045	1046	1048	1049	1053	1054	1055	1060	1064	1065	1067	1069	1070	1071	1072	1073	1074	1075	1076	1082	1083	1084	1085	1089	1090	1091	1092	1094	1095	1097	1098	1099	1100	1101	1102	1103	1104	1105	1106	1108	1109	1113	1114	1115	1116	1118	1119	1121	1122	1123	1127	1128	1129	1131	1132	1133	1136	1141	1143	1146	1147	1148	1150	1151	1152	1153	1155	1157	1159	1161	1163	1164	1167	1168	1170	1173	1175	1178	
89	89	139	1001	1003	1004	1005	1007	1009	1010	1011	1012	1014	1015	1016	1018	1019	1020	1021	1022	1023	1024	1026	1027	1028	1030	1031	1032	1033	1034	1035	1036	1037	1038	1039	1042	1043	1044	1045	1047	1048	1049	1050	1051	1052	1053	1054	1055	1056	1057	1058	1059	1060	1061	1063	1064	1065	1066	1067	1068	1069	1070	1071	1073	1075	1077	1079	1081	1082	1083	1084	1085	1087	1088	1089	1090	1091	1093	1094	1095	1096	1098	1100	1101	1102	1104	1105	1106	1107	1108	1111	1112	1113	1114	1116	1117	1119	1120	1121	1123	1124	1125	1127	1128	1129	1130	1131	1132	1133	1134	1135	1136	1137	1139	1141	1143	1146	1150	1151	1152	1153	1154	1155	1157	1158	1159	1160	1161	1162	1163	1165	1166	1167	1168	1170	1171	1172	1174	1176	1177	1179	1180	
90	90	82	1001	1004	1005	1008	1009	1014	1015	1017	1018	1019	1023	1026	1027	1028	1029	1030	1031	1032	1034	1038	1039	1042	1046	1048	1053	1054	1056	1058	1060	1061	1065	1067	1071	1072	1073	1074	1078	1080	1083	1084	1091	1093	1094	1099	1101	1104	1106	1107	1108	1111	1113	1115	1118	1119	1120	1122	1124	1126	1128	1129	1130	1131	1134	1135	1136	1137	1139	1140	1141	1144	1145	1146	1149	1152	1154	1156	1163	1168	1169	1170	1172	1174	
91	91	91	1003	1006	1007	1008	1010	1015	1018	1020	1021	1022	1023	1024	1025	1027	1028	1029	1030	1031	1032	1035	1036	1039	1043	1045	1051	1052	1054	1055	1060	1061	1062	1063	1065	1066	1067	1068	1069	1071	1072	1077	1080	1082	1084	1085	1087	1088	1091	1093	1094	1097	1100	1101	1102	1103	1105	1107	1108	1109	1110	1112	1114	1118	1119	1120	1121	1124	1125	1129	1132	1134	1137	1138	1140	1141	1143	1147	1150	1151	1154	1155	1157	1160	1161	1162	1166	1169	1171	1172	1173	1174	1175	
92	92	85	1003	1010	1011	1014	1016	1018	1019	1022	1025	1027	1028	1033	1034	1035	1037	1038	1039	1040	1042	1044	1046	1047	1050	1051	1052	1053	1054	1061	1063	1065	1066	1067	1071	1072	1075	1076	1077	1083	1086	1087	1088	1089	1092	1093	1094	1107	1108	1112	1115	1116	1117	1118	1120	1122	1123	1124	1125	1126	1127	1129	1131	1133	1134	1136	1137	1144	1145	1152	1153	1157	1158	1159	1160	1162	1163	1164	1165	1166	1167	1170	1172	1173	1175	1176	1178	
93	93	179	1001	1002	1003	1004	1005	1006	1007	1009	1010	1011	1012	1013	1014	1015	1016	1017	1018	1019	1020	1021	1022	1023	1024	1025	1026	1027	1028	1029	1030	1031	1032	1033	1034	1035	1036	1037	1038	1039	1040	1041	1042	1043	1044	1045	1046	1047	1048	1049	1050	1051	1052	1053	1054	1055	1056	1057	1058	1059	1060	1061	1062	1063	1064	1065	1066	1067	1068	1069	1070	1071	1072	1073	1074	1075	1076	1077	1078	1079	1080	1081	1082	1083	1084	1085	1086	1087	1088	1089	1090	1091	1092	1093	1094	1095	1096	1097	1098	1099	1100	1101	1102	1103	1104	1105	1106	1107	1108	1109	1110	1111	1112	1113	1114	1115	1116	1117	1118	1119	1120	1121	1122	1123	1124	1125	1126	1127	1128	1129	1130	1131	1132	1133	1134	1135	1136	1137	1138	1139	1140	1141	1142	1143	1144	1145	1146	1147	1148	1149	1150	1151	1152	1153	1154	1155	1156	1157	1158	1159	1160	1161	1162	1163	1164	1165	1166	1167	1168	1169	1170	1171	1172	1173	1174	1175	1176	1177	1178	1179	1180	
94	94	82	1007	1008	1009	1010	1012	1020	1021	1022	1026	1028	1036	1037	1040	1042	1044	1045	1047	1052	1053	1059	1060	1061	1064	1067	1068	1071	1072	1073	1075	1077	1078	1079	1080	1081	1082	1085	1086	1088	1089	1097	1098	1101	1102	1105	1106	1109	1111	1113	1114	1116	1117	1120	1122	1124	1126	1127	1128	1132	1133	1139	1141	1143	1144	1145	1146	1150	1152	1153	1155	1157	1160	1161	1162	1163	1164	1166	1169	1170	1173	1175	1177	1178	
95	95	168	1001	1002	1003	1004	1005	1006	1007	1008	1009	1010	1011	1012	1013	1014	1015	1016	1017	1018	1019	1020	1021	1022	1023	1024	1025	1026	1027	1028	1029	1030	1031	1032	1033	1035	1037	1038	1039	1040	1041	1042	1043	1044	1045	1046	1047	1048	1049	1051	1052	1053	1054	1055	1056	1057	1058	1059	1060	1061	1062	1063	1064	1065	1066	1067	1068	1069	1070	1071	1072	1073	1074	1077	1078	1079	1080	1081	1082	1083	1084	1085	1086	1087	1088	1089	1090	1092	1093	1094	1095	1096	1097	1098	1100	1101	1102	1103	1104	1105	1106	1107	1108	1109	1110	1111	1112	1113	1114	1116	1117	1118	1119	1120	1121	1122	1123	1124	1125	1126	1127	1128	1129	1130	1131	1132	1133	1134	1135	1137	1139	1140	1141	1142	1143	1144	1145	1146	1147	1148	1149	1150	1151	1152	1153	1154	1155	1156	1157	1158	1159	1160	1161	1162	1163	1164	1165	1166	1167	1168	1169	1170	1171	1172	1175	1176	1177	1178	1179	1180	
96	96	99	1003	1004	1005	1006	1010	1012	1013	1014	1017	1019	1020	1022	1023	1026	1029	1030	1031	1032	1033	1034	1036	1037	1039	1041	1042	1046	1047	1049	1050	1052	1053	1060	1062	1065	1066	1072	1073	1075	1079	1081	1082	1084	1085	1086	1087	1088	1089	1091	1093	1094	1096	1097	1101	1102	1103	1105	1106	1107	1109	1114	1115	1117	1118	1120	1123	1125	1126	1127	1128	1129	1131	1132	1134	1137	1138	1139	1140	1141	1144	1146	1148	1150	1153	1157	1159	1160	1162	1164	1165	1166	1169	1170	1172	1174	1176	1177	1178	1179	1180	
97	97	44	1007	1009	1013	1015	1019	1020	1026	1030	1034	1037	1038	1043	1044	1046	1049	1053	1058	1064	1072	1073	1082	1087	1090	1096	1097	1098	1100	1103	1106	1109	1124	1126	1127	1135	1138	1143	1154	1161	1162	1163	1165	1168	1173	1176	
98	98	142	1001	1006	1007	1008	1009	1011	1012	1013	1014	1015	1016	1018	1020	1021	1022	1023	1024	1025	1026	1027	1028	1029	1030	1031	1032	1033	1035	1037	1038	1039	1040	1041	1042	1043	1044	1046	1047	1048	1049	1050	1052	1053	1054	1055	1057	1058	1059	1060	1063	1064	1065	1066	1067	1068	1069	1072	1074	1075	1076	1077	1079	1080	1081	1082	1084	1085	1086	1087	1088	1089	1090	1091	1092	1093	1094	1095	1096	1097	1099	1100	1101	1103	1104	1107	1108	1110	1111	1112	1113	1115	1116	1117	1118	1119	1121	1122	1123	1124	1125	1126	1127	1128	1129	1130	1131	1132	1133	1134	1136	1138	1139	1141	1142	1144	1145	1146	1147	1148	1150	1152	1154	1155	1156	1157	1158	1159	1160	1161	1163	1164	1165	1166	1167	1168	1169	1171	1173	1176	1177	1178	1179	1180	
99	99	95	1001	1002	1005	1007	1009	1010	1012	1013	1015	1016	1018	1019	1020	1023	1024	1025	1026	1027	1031	1032	1033	1036	1037	1039	1046	1047	1049	1050	1057	1058	1060	1063	1064	1065	1067	1068	1070	1071	1075	1076	1077	1080	1081	1082	1083	1084	1086	1087	1088	1089	1092	1093	1094	1098	1099	1103	1104	1105	1106	1107	1109	1110	1111	1115	1118	1119	1120	1124	1126	1127	1128	1134	1138	1139	1140	1146	1148	1153	1154	1155	1156	1157	1158	1159	1160	1162	1164	1168	1169	1170	1172	1173	1175	1176	1178	
100	100	65	1001	1002	1007	1009	1019	1021	1024	1025	1031	1037	1038	1048	1052	1054	1055	1056	1057	1066	1068	1073	1077	1079	1082	1085	1089	1091	1095	1096	1097	1100	1101	1105	1107	1112	1115	1116	1119	1120	1121	1125	1126	1127	1128	1137	1139	1140	1141	1143	1145	1146	1147	1151	1153	1154	1158	1159	1161	1164	1165	1167	1168	1172	1175	1176	1178	
101	101	113	1001	1003	1004	1006	1007	1009	1010	1013	1015	1019	1022	1023	1024	1025	1026	1027	1028	1029	1030	1031	1033	1034	1037	1040	1041	1042	1043	1045	1049	1050	1051	1052	1053	1054	1057	1058	1061	1063	1064	1065	1066	1068	1069	1070	1071	1072	1074	1077	1078	1080	1082	1083	1084	1085	1086	1087	1088	1089	1090	1092	1093	1095	1096	1098	1099	1101	1102	1103	1105	1106	1107	1108	1111	1112	1113	1114	1115	1116	1117	1119	1120	1121	1122	1126	1127	1128	1129	1130	1131	1132	1133	1135	1138	1141	1145	1146	1149	1151	1153	1155	1156	1159	1161	1162	1163	1165	1169	1170	1171	1172	1173	1174	1177	
102	102	91	1002	1004	1006	1008	1011	1016	1018	1019	1021	1022	1024	1027	1028	1032	1033	1034	1035	1038	1040	1043	1044	1047	1048	1049	1053	1055	1056	1058	1060	1063	1064	1067	1068	1069	1070	1075	1076	1078	1081	1083	1086	1087	1089	1090	1093	1094	1096	1098	1100	1101	1102	1105	1108	1110	1111	1113	1115	1117	1118	1119	1120	1122	1125	1126	1127	1128	1129	1131	1132	1133	1135	1138	1139	1143	1146	1147	1150	1154	1157	1159	1160	1163	1164	1166	1168	1169	1175	1176	1178	1179	1180	
103	103	45	1003	1004	1014	1016	1020	1024	1027	1032	1034	1038	1039	1040	1042	1045	1046	1061	1070	1073	1077	1078	1080	1091	1094	1096	1101	1106	1110	1117	1122	1126	1135	1140	1143	1151	1153	1154	1155	1156	1158	1166	1168	1171	1172	1175	1178	
104	104	63	1003	1005	1006	1008	1010	1012	1013	1016	1018	1020	1023	1028	1032	1037	1039	1041	1043	1051	1054	1055	1057	1058	1062	1065	1068	1070	1074	1075	1079	1080	1098	1099	1104	1107	1118	1121	1123	1126	1128	1129	1130	1134	1135	1136	1138	1140	1145	1146	1147	1154	1156	1157	1158	1161	1162	1164	1165	1170	1173	1176	1177	1179	1180	
105	105	74	1004	1006	1007	1008	1011	1014	1015	1019	1021	1023	1024	1031	1037	1038	1040	1041	1042	1044	1049	1052	1055	1060	1063	1064	1066	1070	1074	1075	1078	1080	1081	1089	1091	1093	1094	1095	1099	1100	1102	1103	1104	1107	1108	1113	1115	1119	1120	1121	1122	1123	1125	1126	1133	1139	1140	1142	1145	1146	1148	1150	1152	1153	1154	1156	1160	1161	1164	1165	1166	1169	1172	1173	1176	1180	
106	106	176	1001	1002	1003	1004	1005	1006	1007	1008	1009	1010	1011	1012	1013	1014	1016	1017	1018	1019	1021	1022	1023	1024	1025	1026	1027	1028	1029	1030	1031	1032	1033	1034	1035	1036	1037	1038	1039	1040	1041	1042	1043	1044	1045	1046	1047	1048	1049	1050	1051	1052	1053	1054	1055	1056	1057	1059	1060	1061	1062	1063	1064	1065	1066	1067	1068	1069	1070	1071	1072	1073	1074	1075	1076	1077	1078	1079	1080	1081	1082	1083	1084	1085	1086	1087	1088	1089	1090	1091	1092	1093	1094	1095	1096	1097	1098	1099	1100	1101	1102	1103	1104	1105	1106	1107	1108	1109	1110	1111	1112	1113	1114	1115	1116	1117	1118	1119	1120	1121	1122	1123	1124	1125	1127	1128	1129	1130	1131	1132	1133	1134	1135	1136	1137	1138	1139	1140	1141	1142	1143	1144	1145	1146	1147	1148	1149	1150	1151	1152	1153	1154	1155	1156	1157	1158	1159	1160	1161	1162	1163	1164	1165	1166	1167	1168	1169	1170	1171	1172	1173	1174	1175	1176	1177	1178	1179	1180	
107	107	80	1002	1003	1005	1006	1011	1013	1019	1020	1021	1022	1023	1026	1031	1033	1036	1037	1038	1039	1040	1042	1045	1047	1048	1050	1051	1052	1053	1054	1055	1058	1062	1063	1065	1066	1070	1071	1072	1073	1074	1076	1077	1080	1083	1085	1090	1094	1095	1096	1098	1099	1104	1106	1107	1110	1112	1114	1117	1118	1122	1126	1127	1130	1131	1132	1133	1135	1136	1140	1143	1144	1150	1151	1152	1155	1158	1167	1170	1173	1174	1175	
108	108	73	1005	1006	1011	1013	1019	1020	1021	1022	1027	1031	1034	1035	1038	1043	1044	1046	1050	1053	1054	1058	1062	1063	1070	1072	1075	1080	1083	1085	1086	1087	1091	1093	1095	1097	1098	1099	1101	1102	1103	1104	1105	1108	1109	1120	1121	1124	1125	1130	1131	1132	1134	1135	1136	1137	1138	1140	1142	1143	1145	1147	1151	1152	1159	1160	1161	1164	1167	1169	1171	1172	1173	1179	1180	
109	109	57	1002	1005	1006	1008	1011	1016	1017	1021	1029	1030	1034	1036	1037	1041	1043	1044	1045	1054	1059	1063	1065	1066	1069	1072	1074	1076	1079	1085	1091	1092	1093	1094	1096	1102	1104	1108	1116	1117	1122	1124	1125	1127	1128	1130	1132	1133	1134	1143	1152	1154	1160	1166	1167	1168	1173	1175	1176	
110	110	123	1001	1002	1003	1005	1008	1010	1012	1017	1018	1019	1020	1021	1022	1023	1024	1025	1026	1029	1030	1033	1036	1037	1038	1040	1041	1042	1043	1044	1045	1046	1048	1051	1053	1055	1056	1057	1058	1059	1060	1062	1063	1065	1067	1068	1069	1070	1072	1074	1075	1076	1078	1080	1081	1082	1083	1084	1085	1087	1088	1089	1091	1092	1093	1094	1095	1096	1097	1098	1100	1101	1102	1104	1105	1106	1109	1111	1112	1113	1114	1115	1116	1123	1124	1125	1127	1130	1133	1134	1135	1138	1139	1140	1141	1142	1143	1144	1145	1146	1147	1148	1149	1150	1151	1152	1153	1154	1156	1157	1158	1159	1160	1162	1163	1164	1166	1168	1170	1171	1174	1175	1177	1178	1180	
111	111	52	1001	1002	1013	1019	1021	1028	1030	1031	1036	1039	1045	1046	1050	1054	1065	1066	1067	1069	1070	1076	1083	1085	1088	1089	1091	1094	1096	1097	1100	1102	1104	1108	1112	1117	1119	1120	1129	1132	1134	1136	1138	1146	1148	1151	1152	1154	1157	1163	1168	1170	1177	1179	
112	112	180	1001	1002	1003	1004	1005	1006	1007	1008	1009	1010	1011	1012	1013	1014	1015	1016	1017	1018	1019	1020	1021	1022	1023	1024	1025	1026	1027	1028	1029	1030	1031	1032	1033	1034	1035	1036	1037	1038	1039	1040	1041	1042	1043	1044	1045	1046	1047	1048	1049	1050	1051	1052	1053	1054	1055	1056	1057	1058	1059	1060	1061	1062	1063	1064	1065	1066	1067	1068	1069	1070	1071	1072	1073	1074	1075	1076	1077	1078	1079	1080	1081	1082	1083	1084	1085	1086	1087	1088	1089	1090	1091	1092	1093	1094	1095	1096	1097	1098	1099	1100	1101	1102	1103	1104	1105	1106	1107	1108	1109	1110	1111	1112	1113	1114	1115	1116	1117	1118	1119	1120	1121	1122	1123	1124	1125	1126	1127	1128	1129	1130	1131	1132	1133	1134	1135	1136	1137	1138	1139	1140	1141	1142	1143	1144	1145	1146	1147	1148	1149	1150	1151	1152	1153	1154	1155	1156	1157	1158	1159	1160	1161	1162	1163	1164	1165	1166	1167	1168	1169	1170	1171	1172	1173	1174	1175	1176	1177	1178	1179	1180	
113	113	101	1001	1003	1005	1006	1009	1010	1011	1013	1015	1017	1018	1019	1022	1024	1026	1027	1028	1029	1030	1031	1032	1034	1035	1037	1041	1042	1043	1044	1050	1051	1052	1053	1054	1056	1057	1058	1059	1062	1063	1065	1066	1069	1071	1074	1076	1078	1079	1080	1083	1084	1088	1091	1093	1094	1095	1097	1099	1101	1103	1104	1105	1106	1108	1109	1110	1111	1112	1113	1117	1119	1120	1121	1123	1125	1130	1132	1133	1135	1136	1137	1138	1139	1141	1148	1149	1150	1151	1154	1155	1158	1161	1163	1166	1168	1169	1171	1172	1173	1176	1178	1180	
114	114	121	1001	1002	1004	1005	1006	1007	1009	1011	1012	1013	1014	1017	1018	1021	1022	1024	1025	1026	1027	1030	1032	1033	1038	1039	1040	1041	1042	1043	1047	1048	1049	1050	1051	1053	1055	1057	1058	1059	1060	1063	1064	1065	1066	1067	1071	1072	1073	1074	1075	1076	1077	1078	1079	1080	1081	1082	1083	1084	1087	1088	1089	1091	1092	1093	1094	1097	1098	1102	1104	1105	1106	1107	1110	1111	1112	1113	1114	1115	1116	1119	1121	1122	1123	1124	1125	1126	1127	1128	1129	1131	1132	1138	1139	1140	1141	1142	1143	1144	1147	1149	1150	1152	1153	1154	1155	1156	1158	1159	1160	1161	1162	1164	1166	1168	1169	1171	1173	1174	1175	1178	1180	
115	115	41	1002	1005	1009	1012	1015	1017	1023	1033	1037	1041	1048	1050	1054	1055	1056	1059	1063	1065	1068	1070	1073	1076	1079	1095	1103	1110	1111	1118	1122	1132	1140	1142	1146	1147	1153	1158	1161	1162	1168	1171	1172	
116	116	154	1002	1003	1006	1007	1008	1009	1010	1011	1012	1013	1015	1016	1017	1019	1020	1022	1023	1024	1025	1026	1027	1028	1029	1030	1031	1032	1033	1035	1036	1037	1038	1039	1040	1041	1042	1043	1044	1045	1046	1047	1049	1050	1051	1052	1053	1054	1056	1058	1060	1061	1062	1063	1064	1065	1066	1067	1068	1069	1070	1072	1073	1074	1075	1076	1077	1078	1079	1080	1082	1083	1084	1085	1087	1088	1089	1091	1092	1093	1094	1095	1098	1099	1100	1101	1102	1103	1104	1106	1107	1108	1109	1110	1111	1112	1113	1114	1115	1116	1117	1118	1119	1120	1123	1124	1125	1128	1130	1131	1132	1133	1134	1135	1136	1137	1138	1139	1140	1141	1142	1143	1144	1145	1146	1147	1148	1150	1151	1152	1153	1154	1155	1156	1157	1158	1159	1160	1161	1162	1163	1164	1165	1166	1167	1168	1169	1170	1171	1173	1174	1175	1176	1177	1178	1180	
117	117	117	1001	1004	1005	1006	1007	1008	1010	1011	1012	1013	1015	1016	1017	1019	1020	1021	1022	1023	1024	1027	1028	1029	1031	1033	1035	1036	1037	1038	1039	1042	1044	1046	1048	1049	1050	1052	1053	1054	1055	1060	1061	1063	1064	1065	1067	1071	1072	1074	1078	1079	1080	1082	1083	1084	1086	1088	1089	1091	1092	1093	1094	1095	1097	1098	1100	1102	1103	1109	1110	1111	1112	1113	1114	1116	1117	1118	1121	1126	1129	1132	1133	1135	1136	1137	1141	1143	1144	1145	1146	1147	1148	1149	1150	1152	1153	1154	1155	1156	1157	1158	1159	1160	1161	1162	1163	1164	1165	1166	1167	1170	1171	1172	1175	1176	1177	1178	1179	
118	118	113	1001	1002	1003	1004	1006	1007	1008	1009	1013	1017	1018	1019	1020	1021	1022	1024	1025	1026	1027	1030	1035	1038	1042	1043	1045	1047	1048	1050	1052	1053	1054	1055	1056	1057	1058	1063	1064	1065	1068	1070	1071	1072	1073	1074	1075	1076	1078	1080	1082	1084	1086	1087	1091	1092	1093	1095	1096	1097	1099	1101	1104	1105	1108	1109	1110	1111	1112	1113	1114	1115	1116	1118	1119	1121	1122	1126	1129	1130	1131	1133	1137	1138	1139	1140	1143	1148	1149	1150	1151	1152	1154	1155	1156	1157	1158	1159	1160	1161	1162	1163	1164	1165	1166	1167	1168	1170	1171	1173	1174	1176	1177	1179	1180	
119	119	100	1001	1002	1003	1004	1007	1009	1010	1011	1012	1013	1017	1018	1019	1022	1023	1025	1026	1027	1028	1029	1031	1032	1033	1034	1036	1038	1039	1041	1048	1049	1052	1053	1054	1057	1058	1059	1060	1061	1063	1066	1067	1070	1071	1073	1074	1075	1076	1077	1079	1085	1086	1088	1089	1092	1094	1095	1097	1098	1099	1102	1103	1104	1105	1106	1107	1110	1111	1112	1113	1114	1115	1116	1118	1120	1121	1123	1125	1126	1127	1128	1130	1133	1138	1139	1141	1142	1144	1148	1149	1150	1154	1155	1161	1162	1164	1168	1175	1176	1177	1179	
120	120	117	1001	1002	1005	1006	1008	1009	1010	1011	1012	1013	1014	1015	1016	1017	1018	1019	1021	1022	1023	1025	1027	1028	1029	1030	1031	1032	1033	1034	1037	1038	1039	1040	1041	1043	1045	1046	1048	1051	1052	1053	1054	1055	1060	1061	1062	1063	1064	1065	1066	1067	1068	1069	1070	1072	1076	1077	1078	1080	1081	1082	1085	1086	1087	1088	1089	1094	1095	1097	1099	1100	1101	1102	1103	1104	1105	1108	1111	1113	1115	1117	1118	1123	1124	1125	1128	1129	1132	1134	1135	1137	1138	1139	1143	1146	1148	1149	1150	1151	1152	1155	1156	1157	1158	1159	1161	1163	1165	1167	1170	1171	1173	1174	1175	1176	1178	1179	1180	
