-1	1	2	3	4	5	6	7	8	9	10	11	12	13	14	15	16	17	18	19	20	21	22	23	24	25	26	27	28	29	30	31	32	33	34	35	36	37	38	39	40	41	42	43	44	45	46	47	48	49	50	51	52	53	54	55	56	57	58	59	60	61	62	63	64	65	66	67	68	69	70	71	72	73	74	75	76	77	78	79	80	81	82	83	84	85	86	87	88	89	90	91	92	93	94	95	96	97	98	99	100	101	102	103	104	105	106	107	108	109	110	111	112	113	114	115	116	117	118	119	120	
1001	260	351	117	488	723	212	884	70	134	996	259	511	574	738	929	300	517	383	539	667	474	64	42	94	379	993	804	231	316	727	138	879	688	876	291	408	500	519	175	367	36	978	415	118	473	424	450	24	1000	254	891	318	193	601	777	186	653	417	415	819	9	517	973	720	27	855	742	648	555	113	925	634	748	192	25	904	203	600	336	89	79	400	83	310	761	887	223	973	126	854	772	189	818	496	473	410	536	409	767	282	863	955	980	214	823	566	731	837	589	128	27	61	867	979	365	931	435	575	298	974	
1002	120	548	447	159	841	836	75	109	968	492	348	425	396	405	572	524	341	308	388	638	498	409	701	347	465	744	973	263	251	211	364	707	109	552	663	239	119	175	804	354	278	879	159	337	252	249	829	220	531	292	999	223	894	123	121	144	873	364	267	12	426	851	440	319	495	654	182	755	130	354	965	680	395	486	763	110	500	470	223	455	3	123	380	936	963	721	249	825	300	433	311	315	540	784	850	905	798	792	547	962	834	149	349	511	149	939	408	888	43	782	43	644	394	537	444	160	977	507	436	295	
1003	528	407	219	498	100	362	355	776	37	808	373	120	857	102	302	222	461	917	1000	249	343	536	379	658	639	375	304	440	698	156	401	167	519	828	405	595	30	863	195	575	988	283	524	803	916	486	990	301	875	11	102	111	531	1000	125	522	595	861	263	249	28	695	632	825	879	813	968	55	325	595	593	811	151	261	742	395	56	118	382	155	303	218	337	852	937	617	522	98	406	558	262	763	147	230	884	557	448	876	637	798	419	684	126	482	789	534	612	337	147	734	927	863	464	34	410	88	601	460	81	203	
1004	857	780	966	685	360	156	715	827	31	324	673	727	379	10	598	302	94	973	460	47	726	480	49	214	459	280	131	11	185	491	268	826	655	786	843	492	967	393	731	286	495	500	223	577	47	404	710	154	509	457	60	594	301	306	882	169	229	932	990	406	336	544	37	131	352	576	1	95	353	410	278	627	756	429	385	817	874	36	451	177	242	258	130	310	789	541	840	313	47	605	64	940	808	743	263	914	84	165	512	541	408	200	875	248	38	865	790	975	467	348	763	267	334	518	284	930	940	496	485	998	
1005	332	450	285	154	696	545	409	723	897	608	24	674	626	586	919	301	117	998	27	785	881	137	616	489	941	373	406	555	356	153	872	542	169	707	255	975	652	27	606	876	606	218	487	280	961	555	935	776	220	33	701	141	894	834	88	987	24	402	906	89	480	723	647	843	195	19	187	61	803	630	635	656	145	661	90	473	885	935	727	128	764	544	405	503	209	968	540	540	751	309	814	120	101	155	708	817	515	266	329	788	444	353	687	911	165	490	905	623	717	958	25	829	133	642	995	654	362	194	498	595	
1006	189	194	38	626	721	429	615	488	793	681	118	48	276	18	993	800	416	756	984	650	398	692	783	200	368	848	268	762	712	19	410	30	371	862	197	104	470	92	430	267	335	924	433	958	719	788	222	514	311	683	165	587	113	120	702	629	920	482	671	225	35	528	903	208	573	314	227	687	529	503	190	27	324	720	702	463	619	917	421	492	743	175	126	1	502	837	729	339	196	171	472	438	218	511	803	508	446	30	416	6	802	608	791	201	121	183	13	186	687	461	688	478	209	166	483	843	742	667	281	811	
1007	865	239	266	629	290	269	805	331	170	174	29	274	181	169	13	245	871	342	696	180	540	317	703	900	345	667	402	87	802	278	244	142	270	588	212	181	552	503	761	734	647	259	901	472	528	691	942	680	98	249	201	201	874	341	728	401	545	1000	909	876	499	840	631	12	768	558	189	633	280	671	760	854	51	553	638	236	856	766	28	571	855	949	548	94	247	831	832	990	348	456	701	682	612	359	291	702	961	7	748	985	596	214	515	819	192	822	432	719	436	539	33	989	581	476	762	819	44	829	856	413	
1008	828	290	931	830	962	497	50	664	445	82	853	147	4	458	686	92	419	113	79	374	351	274	934	702	284	202	113	247	109	127	806	719	795	595	126	674	51	313	986	909	969	791	862	949	953	348	438	225	583	924	95	837	357	98	103	625	414	941	23	138	416	766	231	999	391	641	243	726	456	594	437	408	331	114	947	618	477	434	987	814	676	975	316	129	908	334	119	670	793	922	141	131	302	453	450	74	302	163	411	476	50	221	724	625	98	468	125	834	423	755	174	994	408	554	608	850	323	377	766	373	
1009	730	604	708	519	51	382	842	34	234	997	170	673	329	94	472	264	140	955	341	216	840	533	887	380	591	610	432	499	409	756	22	702	125	395	411	787	288	412	646	745	869	681	426	668	311	259	309	403	59	541	787	176	544	763	60	544	883	42	675	228	566	266	585	919	970	274	386	865	381	83	46	948	957	224	458	117	886	91	480	444	560	299	580	199	212	485	833	204	176	705	212	110	314	863	246	458	842	546	144	251	802	99	50	506	562	160	548	834	263	623	241	971	156	958	497	381	980	789	670	319	
1010	406	969	481	370	579	405	543	420	593	725	639	815	860	650	709	851	108	575	676	673	582	136	920	230	21	680	321	703	386	787	435	101	34	11	108	249	839	911	822	257	346	304	533	474	231	54	123	937	225	483	395	605	624	854	578	807	840	803	588	102	221	384	982	188	19	699	104	484	530	826	990	384	274	123	103	558	699	382	509	35	217	584	86	875	102	65	890	87	776	672	791	616	628	805	745	883	107	759	709	334	701	200	936	402	931	253	92	169	449	506	211	74	99	254	279	786	295	659	848	373	
1011	625	735	174	409	914	396	667	586	217	507	381	326	759	364	854	876	366	907	900	128	746	925	317	968	701	772	899	107	738	636	682	372	668	735	567	756	24	422	124	822	999	514	465	79	449	98	925	286	967	997	134	776	407	770	205	694	733	566	565	211	856	22	133	313	803	374	772	324	125	273	781	961	795	249	219	560	428	618	207	343	390	546	279	361	471	684	585	696	758	701	929	134	779	126	487	698	165	899	861	161	962	907	807	459	660	738	763	759	842	219	395	81	36	242	769	548	140	721	410	699	
1012	185	390	868	725	723	679	215	489	903	625	547	960	477	9	82	250	971	8	902	514	86	130	772	441	204	289	928	596	826	344	49	204	761	373	334	125	406	54	561	577	642	648	155	525	719	68	912	53	981	659	604	483	291	691	303	670	362	554	789	705	62	154	793	600	446	558	147	163	191	60	511	292	412	539	584	515	489	607	572	620	231	139	714	7	258	999	570	689	378	66	812	545	79	249	595	638	457	184	547	935	910	320	385	866	709	698	362	1	530	123	463	337	459	969	167	789	763	381	85	996	
1013	353	372	950	179	748	664	884	47	980	6	753	819	867	47	363	68	780	481	502	172	288	599	723	671	389	667	285	702	38	833	685	715	968	541	895	252	340	519	740	443	233	157	145	453	372	442	447	458	698	94	292	397	109	775	827	540	430	310	95	626	114	949	454	43	951	551	876	840	656	456	205	68	720	559	623	77	148	57	310	655	156	745	786	6	75	788	831	82	380	889	107	904	88	273	830	479	901	563	69	72	737	620	110	689	240	469	379	467	914	157	49	635	649	976	152	222	777	592	448	209	
1014	819	122	792	920	261	404	133	443	200	97	427	495	930	353	203	922	70	589	359	263	620	286	878	161	725	542	855	680	842	526	873	890	285	386	434	139	682	906	854	456	711	106	811	249	850	965	82	845	938	877	769	731	568	550	599	469	319	252	831	959	578	978	529	913	93	900	557	217	312	823	458	845	575	152	710	960	924	738	766	650	113	316	136	725	737	130	751	373	855	866	200	895	849	314	602	310	213	113	779	34	5	315	569	538	896	737	733	995	241	600	663	1	564	960	22	61	101	216	326	696	
1015	880	360	176	14	880	252	488	613	919	66	572	699	70	474	254	778	350	72	363	432	79	684	817	954	82	569	660	254	530	748	519	253	6	367	897	745	314	143	648	883	432	275	994	337	608	270	737	950	463	111	247	978	767	15	811	571	403	810	922	28	158	713	713	877	173	631	26	795	162	211	246	313	978	846	866	711	585	21	453	603	228	281	704	598	320	38	718	168	90	896	350	637	790	885	175	658	755	374	476	155	494	823	297	351	335	874	629	622	185	759	959	321	14	672	661	628	762	410	299	960	
1016	565	321	539	409	967	57	28	650	782	31	433	520	389	538	675	29	809	130	717	729	556	305	153	403	722	527	412	181	522	801	787	81	207	387	501	598	864	70	115	128	85	346	782	743	515	264	591	734	449	393	421	831	916	795	538	429	760	278	607	802	504	33	185	570	335	275	140	311	984	415	744	215	636	22	361	267	618	795	867	409	715	316	468	476	150	293	916	106	161	65	716	607	450	827	387	257	277	49	79	795	471	315	898	917	442	531	946	28	545	709	429	390	183	432	676	713	771	686	584	132	
1017	217	483	718	265	270	785	389	553	254	22	898	972	19	721	156	97	752	321	562	650	604	135	533	477	688	869	188	27	582	533	954	984	165	269	85	517	475	465	664	731	234	218	300	641	102	821	603	79	205	119	469	555	872	304	910	180	434	717	615	438	150	987	699	830	518	441	726	350	113	445	225	802	812	225	281	828	325	967	377	221	587	979	949	318	162	649	273	390	662	670	304	260	118	27	713	959	523	447	255	803	809	900	201	808	685	149	953	926	775	855	280	475	466	390	802	569	146	808	590	393	
1018	488	937	484	933	196	555	884	69	280	890	494	282	934	166	747	420	406	725	527	565	875	631	913	281	614	124	604	55	887	45	830	271	9	953	71	68	734	1	468	220	243	910	469	741	884	913	131	762	723	907	495	831	349	430	726	185	229	380	761	74	150	38	693	139	83	464	21	554	273	507	465	911	184	195	585	417	709	450	202	863	604	108	661	428	524	357	228	202	355	864	342	482	788	186	93	930	637	342	534	912	678	49	513	719	263	689	362	567	66	234	711	514	401	1	898	76	41	612	81	459	
1019	705	925	280	153	783	32	907	912	362	82	454	436	747	837	163	953	703	127	471	305	935	601	379	243	160	510	449	770	307	70	564	249	864	284	259	829	878	92	207	691	830	104	283	732	474	13	868	501	847	178	200	172	442	401	300	569	691	73	8	745	539	867	462	49	899	467	772	25	968	746	70	70	418	314	223	444	316	273	865	772	865	9	83	875	92	759	754	363	528	667	244	694	386	263	505	191	668	492	122	412	227	586	215	689	628	622	659	150	42	200	363	101	27	693	703	548	204	443	864	690	
1020	339	203	968	73	868	220	588	162	414	943	590	817	555	466	501	29	981	767	50	405	500	673	440	510	734	205	257	777	108	923	621	477	875	885	151	113	944	776	696	204	720	120	320	649	719	288	1	325	543	442	807	371	227	52	517	18	908	989	458	565	228	870	844	923	329	387	523	928	644	444	281	148	939	799	56	11	796	553	766	748	731	909	13	589	326	92	141	624	190	710	837	231	465	743	823	117	494	757	221	160	936	977	425	249	799	452	185	478	555	308	146	899	706	880	188	692	860	864	663	694	
1021	584	244	191	764	62	799	226	130	138	379	663	444	926	983	827	68	502	16	540	188	706	575	976	597	90	548	527	479	545	211	501	114	84	686	308	493	149	859	714	268	395	296	279	375	92	892	266	481	702	23	668	471	75	261	709	802	835	702	621	485	182	994	846	459	706	636	128	139	801	636	877	910	951	657	527	363	843	631	318	976	60	141	782	67	150	490	728	457	132	722	24	768	768	531	127	392	201	725	714	776	692	537	379	558	719	152	143	854	258	760	31	63	839	467	786	761	771	96	731	436	
1022	70	927	102	934	886	346	339	114	513	42	130	134	586	948	221	402	324	846	649	754	847	589	455	863	792	264	922	723	454	709	345	941	212	42	384	185	436	566	530	12	488	841	746	79	279	377	875	729	182	38	739	458	541	473	831	677	68	784	572	662	789	789	66	677	699	225	861	969	100	219	399	488	835	981	592	422	497	360	231	220	197	334	166	835	801	529	145	921	407	363	319	651	564	165	909	108	84	852	671	69	110	32	648	390	665	391	451	627	359	354	43	114	465	334	856	60	131	902	83	418	
1023	231	429	395	91	860	995	675	310	747	532	981	242	103	717	125	250	607	533	407	601	184	261	980	778	318	627	646	116	105	839	857	580	605	748	541	995	266	411	305	17	182	821	75	353	359	784	821	791	222	92	42	968	272	342	873	857	319	877	49	579	480	571	646	581	846	245	306	906	303	215	951	541	877	498	588	306	792	992	935	719	970	809	755	515	108	478	410	885	279	894	596	728	205	712	984	750	600	8	617	307	795	501	357	611	304	411	939	582	994	292	179	554	573	716	875	610	546	365	694	439	
1024	320	559	12	518	893	559	910	429	781	275	987	94	798	754	650	848	759	718	668	158	301	752	353	965	197	441	934	972	434	854	253	311	449	779	494	29	20	388	509	876	124	720	980	920	442	935	778	411	632	853	132	770	675	415	491	300	755	830	478	905	855	578	65	120	627	808	478	177	499	743	692	700	716	335	701	58	201	947	508	43	468	217	318	223	805	952	880	409	784	129	242	696	66	41	235	360	156	69	117	234	475	383	298	575	127	609	574	426	882	863	583	310	828	554	651	669	821	170	289	876	
1025	995	843	995	940	443	817	593	853	931	106	535	524	629	327	692	811	437	568	705	263	778	371	694	623	783	866	629	353	365	181	196	114	796	672	585	389	545	797	290	725	330	685	18	566	824	707	691	41	356	266	712	622	813	705	193	191	465	475	221	2	162	484	155	728	771	897	314	828	827	87	370	134	913	174	986	416	801	831	660	976	77	492	325	440	880	112	185	146	31	71	399	872	905	750	144	507	336	534	94	875	97	525	275	790	200	670	271	468	487	946	135	666	185	151	562	5	378	744	101	530	
1026	21	177	571	497	996	611	909	13	912	973	416	881	881	356	294	352	580	841	544	227	69	636	741	440	458	197	804	500	218	517	269	657	773	941	675	99	165	916	740	263	598	63	308	38	386	949	830	241	393	961	741	997	839	131	722	473	405	144	599	461	845	993	340	853	88	370	31	662	130	636	233	657	545	5	679	142	897	837	470	538	604	29	355	492	592	340	249	324	601	378	580	502	97	536	374	742	501	743	224	627	922	793	436	705	711	877	624	329	733	254	174	628	325	974	257	665	824	359	314	675	
1027	243	516	886	606	140	893	259	628	478	806	762	805	164	53	23	602	288	745	992	142	183	253	303	908	93	985	259	264	572	797	611	441	379	607	902	469	13	999	748	862	982	65	554	899	437	603	172	570	911	608	315	300	521	836	689	554	280	577	579	263	44	161	631	485	258	557	93	941	273	685	195	673	335	97	51	325	821	263	816	741	784	822	737	544	682	11	629	238	728	114	648	869	53	527	869	346	256	573	564	975	793	527	757	848	913	661	790	826	666	330	794	325	317	963	723	905	227	914	833	784	
1028	876	283	827	97	599	101	583	741	832	907	681	661	757	469	176	924	326	867	610	78	449	587	770	676	807	529	112	236	337	654	25	713	878	92	40	350	969	512	837	753	319	737	869	645	958	1	67	408	325	865	46	375	623	314	906	167	705	897	51	470	887	619	872	96	410	170	108	510	581	158	827	92	912	231	507	498	836	433	936	542	463	697	197	559	275	40	575	925	443	134	772	903	365	129	781	973	726	405	560	184	34	806	817	462	299	52	25	186	445	22	279	28	983	227	55	613	876	396	696	917	
1029	798	787	961	851	223	752	231	355	479	83	427	977	793	79	95	138	657	249	359	730	896	369	171	164	646	541	968	323	727	734	177	554	474	534	282	385	886	634	822	793	325	61	585	483	166	502	360	355	757	699	647	987	822	325	643	485	402	733	42	328	17	928	872	15	769	383	260	823	205	50	602	504	370	39	377	973	846	517	919	311	857	821	900	399	745	811	645	931	968	410	698	27	121	366	698	420	316	94	197	604	445	401	187	759	899	791	275	226	160	564	38	942	717	993	413	736	480	500	511	990	
1030	41	480	604	72	681	719	303	770	889	615	362	742	934	329	264	619	720	967	673	309	700	579	80	656	55	697	420	252	911	411	886	1	492	684	666	541	47	831	402	580	690	17	543	407	209	612	993	328	919	821	561	668	756	472	133	946	701	714	692	692	876	808	578	532	90	54	942	73	954	530	955	913	576	355	484	393	26	916	659	83	182	957	795	23	340	244	708	725	861	175	984	305	236	301	532	232	92	550	976	155	434	609	707	34	20	29	872	523	570	257	710	963	460	943	631	259	445	254	918	78	
1031	936	7	539	214	20	946	462	144	581	200	148	598	994	137	159	493	191	285	566	32	715	865	304	401	260	445	210	766	464	844	888	609	141	667	945	738	764	525	534	360	537	470	819	566	910	231	831	91	905	881	161	917	435	278	4	46	442	964	580	151	129	603	825	388	78	682	251	121	325	173	623	780	491	921	810	74	182	939	850	374	219	478	589	271	463	907	676	434	634	806	480	920	873	518	817	674	787	429	827	449	631	833	625	602	732	347	934	867	464	718	274	63	629	10	305	992	841	913	499	694	
1032	705	663	10	152	644	585	264	989	868	910	357	210	419	230	493	298	194	417	1000	782	760	949	573	383	461	639	216	511	728	439	488	689	982	289	364	22	844	105	424	154	847	687	554	886	113	379	506	375	191	355	841	686	761	747	481	641	777	324	461	251	216	184	570	760	381	925	775	835	647	608	41	435	565	212	530	83	532	811	162	433	257	251	839	98	384	565	57	548	948	506	721	364	816	751	156	720	461	11	42	311	621	655	3	200	112	949	620	825	100	515	606	322	898	18	449	537	102	554	503	462	
1033	969	603	825	401	876	388	99	904	165	581	3	302	525	591	34	158	3	400	201	209	278	750	177	504	440	207	586	284	891	179	425	267	136	724	140	115	622	876	336	812	872	48	293	729	291	12	967	800	886	63	665	450	906	592	813	821	244	961	431	104	312	139	227	302	840	547	412	70	774	851	855	570	799	948	398	448	816	170	17	182	749	576	738	993	695	366	728	942	494	336	319	474	40	137	342	200	321	80	809	650	443	242	63	754	711	560	367	969	453	362	647	871	385	451	5	900	270	999	169	854	
1034	803	98	44	92	317	225	787	458	340	635	207	462	440	514	756	91	244	78	541	114	883	768	253	761	281	184	580	975	276	600	660	775	75	216	660	739	285	779	309	3	725	258	596	223	461	279	623	753	905	549	452	198	653	278	134	486	201	293	336	481	980	397	583	509	247	185	980	278	811	358	599	653	877	342	410	373	553	110	757	225	990	555	421	433	753	288	907	271	659	946	50	413	823	456	433	330	655	117	626	797	358	297	609	208	284	687	977	120	589	744	908	372	27	775	210	733	29	822	316	309	
1035	361	264	258	373	353	440	573	715	189	190	406	551	148	411	179	441	925	897	625	440	363	717	234	321	419	545	871	420	424	760	128	703	49	332	689	735	113	884	751	156	175	306	476	941	143	197	647	692	753	201	376	371	600	176	258	254	62	891	346	323	318	225	663	440	890	572	706	332	510	471	480	17	220	36	629	776	498	510	404	157	697	499	116	36	71	164	533	989	880	984	444	604	944	581	258	20	364	272	332	124	233	488	551	346	997	486	818	1000	877	551	112	37	655	829	150	93	609	147	786	763	
1036	527	477	982	958	53	667	145	247	994	848	160	723	878	164	40	312	494	482	182	928	336	78	75	817	968	965	590	724	11	922	130	529	962	782	177	464	753	511	602	683	32	789	487	98	634	393	538	503	869	86	889	747	769	780	791	513	500	682	733	146	693	181	417	872	999	951	70	782	145	361	716	880	420	251	778	464	708	947	592	576	690	117	546	111	642	571	322	365	905	373	964	353	17	282	265	110	319	367	932	217	812	351	593	646	692	820	167	371	332	253	731	765	239	856	807	314	98	210	43	599	
1037	901	115	507	230	49	624	579	338	438	268	751	692	865	416	853	353	406	488	357	393	532	330	509	602	71	258	565	634	98	946	502	524	155	712	446	630	179	760	447	744	598	972	586	375	624	449	509	946	641	428	869	669	259	541	472	532	89	875	289	634	578	263	729	988	46	445	532	631	848	713	251	425	765	638	904	38	756	965	151	449	182	444	106	518	240	61	757	589	494	864	428	602	563	75	770	659	510	465	804	74	31	370	285	308	187	786	571	209	28	315	913	108	12	615	486	421	459	664	694	301	
1038	59	536	626	676	6	176	772	509	317	750	615	185	395	286	290	369	862	433	839	617	396	69	676	69	717	336	746	5	673	50	932	924	524	220	449	182	990	99	294	257	240	610	798	101	764	215	771	302	12	788	466	642	182	417	873	614	455	272	444	446	717	121	713	237	945	767	169	217	277	523	232	298	402	304	750	284	230	470	351	540	539	379	976	24	659	591	691	401	227	286	893	917	974	35	685	512	244	379	232	324	354	800	795	129	668	736	792	574	159	445	670	656	908	470	378	930	658	357	322	742	
1039	890	515	499	931	57	88	456	500	543	743	224	629	42	695	574	60	722	525	754	930	203	335	484	814	700	104	97	788	549	229	205	511	44	391	144	388	977	898	27	722	659	621	740	447	34	380	944	532	830	739	249	228	104	227	648	345	999	865	973	736	62	613	844	694	389	721	978	922	956	595	745	845	111	444	873	535	318	802	344	732	844	274	586	55	803	426	28	286	438	567	877	734	392	178	46	488	83	56	772	188	986	394	388	965	963	906	30	398	343	880	133	235	997	164	238	954	862	516	526	579	
1040	928	1	559	866	364	681	933	431	70	164	387	124	17	985	410	31	289	492	82	854	575	232	9	967	719	852	550	904	121	73	866	785	325	483	298	182	811	414	998	26	321	739	797	560	918	130	901	579	759	714	485	193	279	48	254	419	445	645	474	617	528	387	715	452	950	96	583	331	966	932	42	834	186	184	708	16	58	135	85	551	836	257	743	2	192	782	331	466	196	776	974	289	67	444	389	547	187	723	894	906	478	947	657	577	233	363	256	578	364	640	539	644	466	625	606	591	946	889	759	435	
1041	582	306	808	568	14	776	990	467	186	952	97	267	661	596	725	78	782	351	936	502	540	301	232	871	961	604	266	444	619	522	101	655	735	807	127	296	350	532	150	112	717	92	393	221	600	306	128	760	351	219	73	174	219	37	677	701	282	808	234	328	473	765	226	907	618	588	796	90	271	402	609	328	653	658	418	964	780	627	920	369	854	163	573	53	158	411	553	954	779	603	231	972	749	558	17	202	952	842	200	456	78	361	169	676	506	843	92	392	242	96	383	415	20	496	387	11	21	709	118	519	
1042	452	665	25	999	904	129	994	400	303	555	704	638	545	308	68	427	78	936	600	818	944	316	531	913	377	997	728	567	149	842	99	272	363	167	334	566	264	204	324	499	789	678	812	69	555	260	71	977	412	68	493	363	331	967	933	540	742	786	84	813	178	951	824	387	353	43	21	51	960	97	583	728	124	447	98	283	382	936	839	587	435	442	639	221	577	496	956	317	607	666	230	30	869	580	404	382	820	660	940	846	79	576	821	136	210	576	778	145	714	999	642	402	517	304	414	298	931	583	594	766	
1043	149	519	515	989	848	672	186	639	219	916	598	566	697	436	251	33	144	110	151	399	27	641	133	106	808	393	519	104	588	653	348	551	116	343	355	770	93	348	135	63	982	813	979	596	892	181	704	585	62	84	748	982	811	580	437	192	865	426	71	969	855	830	634	686	741	294	895	69	330	736	204	358	814	927	686	737	114	464	535	168	308	198	409	702	663	90	610	81	59	559	160	788	408	709	366	361	801	4	503	205	95	28	242	331	947	362	207	253	761	509	658	936	921	914	165	960	271	693	355	620	
1044	881	18	827	256	226	696	80	672	304	106	658	68	535	40	870	910	421	53	105	682	196	462	48	845	201	537	315	843	491	248	970	833	448	902	974	853	900	649	963	795	532	353	372	681	690	495	176	829	145	457	412	709	756	142	745	320	762	605	559	803	709	43	370	438	51	860	580	640	676	657	371	208	758	451	452	814	509	679	224	666	846	747	222	123	774	832	42	418	807	168	108	720	459	129	300	924	756	195	157	738	851	559	743	785	559	97	161	564	432	303	70	979	572	970	512	882	258	76	803	43	
1045	354	611	448	437	541	856	731	825	468	913	481	534	604	831	228	782	314	227	473	715	488	315	394	571	734	185	468	496	59	436	699	392	548	339	756	762	949	911	203	795	566	449	959	32	375	164	75	941	847	771	838	501	993	870	133	898	136	609	40	736	605	590	722	29	390	797	164	836	969	648	445	938	98	828	171	464	705	116	461	354	231	376	100	287	987	191	22	811	832	545	205	505	945	832	48	877	543	879	105	17	322	796	695	262	695	810	332	837	225	842	122	310	795	787	449	225	741	279	412	68	
1046	448	789	524	951	666	678	591	232	179	993	482	136	929	258	278	318	547	644	280	280	35	321	601	123	674	63	51	8	213	327	166	8	934	367	330	137	749	210	101	169	217	462	527	946	97	39	467	647	888	754	273	854	241	228	755	54	175	260	621	107	617	551	104	384	315	427	112	189	976	309	533	857	207	127	567	929	732	772	350	385	840	526	416	802	11	306	268	757	817	882	910	303	427	4	620	78	600	441	881	435	92	240	288	288	759	747	908	900	40	259	877	564	644	272	197	157	978	851	675	351	
1047	216	784	500	124	670	184	865	956	329	68	76	847	634	734	551	176	372	668	852	775	434	40	170	395	288	687	822	317	759	713	285	46	998	921	9	731	597	5	10	712	995	688	487	843	650	742	918	459	193	160	648	233	763	33	744	189	550	847	878	516	527	390	495	632	179	426	247	353	737	563	569	427	255	878	685	455	586	458	756	535	154	744	561	324	77	86	625	746	786	757	276	375	481	682	244	56	161	986	573	404	34	306	853	285	445	894	94	140	33	456	154	492	647	435	271	202	39	400	635	19	
1048	617	145	471	478	69	748	253	95	179	756	310	873	186	503	934	349	112	9	897	182	121	527	114	48	371	329	98	915	143	390	583	261	211	252	459	814	766	784	855	45	163	667	343	628	122	342	951	664	27	671	270	827	501	12	346	877	270	231	789	264	523	763	247	731	978	238	307	10	262	152	886	59	756	587	549	812	307	59	71	604	489	655	116	591	220	305	827	710	741	579	130	14	716	418	209	567	480	687	760	24	478	443	603	402	124	739	58	770	670	293	726	66	1000	250	833	162	333	125	126	267	
1049	378	985	925	865	42	599	810	91	286	641	810	139	970	885	784	787	684	542	676	872	245	277	163	113	80	904	596	169	680	506	484	431	47	602	357	156	348	9	178	612	900	318	990	176	372	844	134	155	926	215	540	316	907	11	221	340	480	118	13	793	971	623	514	697	408	934	198	739	303	189	841	426	32	704	950	788	778	217	596	986	840	375	969	137	222	376	786	705	658	509	366	234	790	829	259	400	157	316	240	503	900	821	950	39	595	22	977	606	108	971	531	162	979	94	866	510	998	53	849	191	
1050	724	205	567	184	173	537	210	399	861	572	839	922	512	104	609	372	576	119	839	305	466	745	449	230	754	273	44	997	345	617	599	79	955	915	63	994	862	146	456	414	223	648	109	178	799	353	346	324	447	95	127	801	527	496	968	730	821	525	851	536	20	516	849	9	939	713	265	780	32	568	50	585	140	221	711	732	913	496	880	283	257	387	382	126	369	790	190	183	534	326	851	194	7	417	749	486	723	413	686	196	284	33	559	473	124	412	246	671	246	13	195	792	481	842	483	989	672	549	477	700	
1051	212	91	336	160	176	459	990	131	896	574	621	609	455	137	277	997	635	818	876	887	600	397	196	596	676	816	201	509	444	539	337	420	15	732	357	802	561	490	336	604	643	217	221	927	497	54	606	433	212	35	482	850	401	172	318	164	633	35	823	415	595	977	255	864	703	63	367	642	628	780	284	589	965	103	189	622	735	703	707	344	990	240	418	546	544	866	87	56	58	461	410	854	570	743	22	498	308	714	343	322	577	79	467	78	773	455	740	471	960	364	469	720	416	747	867	380	605	173	838	688	
1052	758	72	451	152	909	613	355	695	749	212	945	360	260	693	912	277	538	883	713	486	900	956	867	772	138	38	618	144	677	84	21	755	254	945	524	111	899	413	242	326	738	694	7	842	83	873	938	588	48	345	749	1000	833	335	168	705	502	162	523	634	780	441	326	877	548	423	788	894	792	677	47	498	983	535	237	405	891	632	620	810	953	183	138	479	497	718	480	391	359	496	983	297	73	468	188	537	209	151	952	166	253	70	203	572	62	36	218	114	454	161	894	719	493	708	672	41	653	91	810	910	
1053	856	583	574	195	61	733	240	613	107	354	573	66	664	221	506	749	456	767	250	354	365	849	387	339	489	767	327	877	843	174	870	831	9	602	818	675	597	171	627	800	755	257	444	903	402	389	630	93	377	626	539	296	787	276	486	205	886	304	889	633	9	364	247	774	52	480	899	697	20	718	633	82	583	389	859	20	173	540	798	645	407	701	695	640	844	352	752	769	282	90	31	40	27	789	849	634	104	354	371	261	985	204	329	43	102	407	43	328	736	353	236	391	875	592	108	329	360	28	289	216	
1054	861	970	268	745	864	548	683	6	519	232	486	21	703	317	466	848	358	506	324	491	516	767	889	205	289	692	197	334	32	497	698	193	514	440	139	884	86	585	929	925	967	236	150	528	366	332	872	150	986	674	624	248	566	279	364	540	786	734	658	871	940	913	638	828	872	859	830	572	493	262	651	54	851	814	379	849	194	406	589	824	500	185	500	453	814	259	80	585	930	810	17	250	641	599	198	470	759	89	173	344	439	484	331	73	786	846	886	968	426	706	609	245	731	665	808	730	884	493	37	763	
1055	408	466	392	262	757	272	88	320	980	815	377	820	988	951	685	548	964	39	742	382	930	963	278	743	184	755	576	944	900	202	595	641	767	781	624	547	881	493	978	698	59	294	22	74	572	232	923	841	480	557	203	462	141	421	346	225	496	207	127	243	232	817	553	615	41	857	915	17	605	996	155	733	373	32	200	491	406	934	770	530	922	50	254	75	236	717	130	864	872	610	694	804	769	856	204	52	365	248	641	271	87	655	732	122	884	270	846	135	488	248	539	942	802	940	976	940	709	92	333	204	
1056	301	229	500	464	264	300	281	860	320	49	685	625	77	236	792	999	672	929	612	884	640	29	334	312	76	320	394	353	58	148	254	304	736	558	441	795	257	226	949	324	330	564	948	810	141	596	367	646	485	665	844	489	540	601	353	860	890	415	244	96	326	631	484	144	722	215	358	843	18	782	241	774	653	17	59	601	696	387	95	665	79	837	830	335	421	334	879	838	701	261	914	395	114	253	225	616	420	304	984	521	5	631	963	442	555	577	330	24	558	818	457	112	940	941	579	982	187	637	184	87	
1057	33	836	608	908	351	802	768	415	642	905	571	640	622	621	777	114	891	617	702	582	48	324	795	677	579	946	126	549	406	237	893	590	547	523	624	397	212	937	96	105	916	712	106	84	466	111	441	836	712	321	323	594	30	265	667	786	524	331	991	885	328	933	762	371	725	566	700	773	453	509	312	778	455	613	535	1	596	327	780	39	199	921	943	152	508	774	430	579	427	910	937	145	348	560	412	558	964	797	155	732	945	398	880	76	995	289	633	326	236	791	120	931	385	674	683	89	481	45	773	23	
1058	708	388	946	969	175	549	767	3	665	676	473	49	573	409	526	679	803	471	429	97	719	775	610	246	146	261	437	974	894	528	208	501	292	368	712	416	921	787	38	984	624	17	398	452	769	257	7	60	459	491	716	220	21	200	522	629	756	694	732	802	904	816	804	9	239	965	67	240	174	496	226	459	981	993	177	99	346	2	752	25	945	732	796	132	3	906	701	791	389	902	550	502	515	899	140	378	739	868	138	714	702	723	844	157	45	556	219	422	593	130	417	943	654	762	85	385	432	15	601	859	
1059	334	898	473	863	795	128	223	995	595	558	670	274	268	756	141	746	953	436	180	261	419	705	286	129	53	431	93	237	166	263	906	593	804	289	300	548	967	335	409	820	267	927	963	746	843	178	421	251	802	475	622	30	19	746	165	387	605	953	318	41	983	614	107	35	962	507	127	795	326	147	831	504	69	117	938	972	144	213	410	809	246	954	787	205	372	250	868	59	786	973	988	628	234	400	583	318	750	304	889	60	770	602	866	718	16	968	266	202	851	319	630	747	102	759	972	857	597	282	324	553	
1060	617	216	247	439	555	558	889	18	399	778	189	410	861	529	374	259	824	108	379	324	838	777	169	712	747	497	146	494	330	101	589	203	214	210	536	334	832	431	276	140	90	244	496	270	436	941	1000	480	996	879	375	139	467	955	723	253	814	473	465	847	466	174	432	335	828	665	65	335	103	474	15	630	567	524	452	662	422	398	365	958	837	324	223	88	22	139	906	269	519	36	900	192	346	160	425	656	794	534	634	610	128	904	27	527	63	653	690	274	109	371	317	573	667	906	418	411	439	481	221	601	
1061	811	166	209	49	82	921	695	186	96	898	240	19	41	936	239	546	149	305	314	599	668	550	36	774	651	617	333	5	238	252	223	823	982	204	98	8	837	886	114	42	352	513	823	7	613	516	542	488	556	553	206	349	810	770	893	718	68	170	524	897	378	896	408	61	988	120	203	239	265	298	339	907	861	759	873	445	522	17	740	328	979	386	518	239	421	224	287	26	999	55	874	412	204	824	29	58	62	409	388	182	77	213	696	829	672	613	116	573	547	70	737	12	778	917	106	733	533	241	658	268	
1062	16	717	427	733	788	557	126	691	567	966	325	625	461	811	591	392	514	266	447	870	547	805	218	568	185	507	646	353	227	583	210	666	651	607	481	316	85	527	312	388	483	695	579	439	724	907	715	887	294	249	547	548	633	512	899	758	694	703	452	193	832	932	356	898	26	78	461	482	554	541	402	921	972	552	209	148	689	271	223	274	714	907	168	580	127	562	206	11	109	896	205	542	552	946	484	332	133	348	606	166	883	870	218	385	10	962	831	331	125	329	108	235	996	599	495	838	302	420	565	784	
1063	268	850	296	194	929	337	391	122	616	277	945	769	10	785	364	806	331	949	434	879	800	634	474	991	364	369	604	276	452	366	556	878	685	915	990	574	786	162	523	843	762	258	803	218	129	631	700	727	517	419	313	39	236	33	414	776	692	675	27	483	860	506	64	201	225	351	264	124	483	712	969	839	418	613	595	553	690	251	22	533	591	216	465	541	789	808	40	361	822	960	438	131	370	385	836	133	722	928	240	53	358	475	689	47	128	830	585	171	760	182	757	217	840	670	562	634	211	433	128	377	
1064	887	571	506	616	139	655	674	919	532	372	344	41	139	970	866	956	980	215	482	232	929	815	162	2	531	147	109	318	346	709	457	848	471	34	210	756	872	329	361	544	476	524	829	302	199	357	88	878	792	27	973	835	962	668	448	260	600	404	535	526	796	303	855	1000	617	844	851	88	959	228	585	772	120	737	884	204	353	417	737	854	346	509	212	129	26	277	83	318	101	695	327	547	231	527	294	163	813	425	883	203	514	205	202	997	479	923	662	410	799	207	462	292	306	22	8	506	368	162	772	256	
1065	249	677	998	66	949	419	119	203	304	308	829	151	375	996	826	923	401	163	418	242	879	142	816	760	565	16	495	438	562	610	442	677	477	857	789	527	464	40	333	514	490	669	453	918	176	912	84	706	131	929	555	586	536	281	35	843	547	205	382	722	813	158	156	266	657	916	898	36	457	892	254	596	326	823	237	441	768	357	273	901	18	514	749	542	610	616	467	885	552	85	361	141	205	135	662	470	477	213	435	754	104	175	544	719	565	705	100	543	872	364	650	772	766	85	760	24	254	274	153	796	
1066	946	150	423	583	957	672	345	34	188	578	345	836	250	316	668	367	491	98	15	464	963	919	863	95	355	412	910	716	79	46	73	557	692	839	264	590	200	883	765	832	58	333	977	877	636	131	955	531	973	352	690	543	812	232	677	523	810	665	889	427	784	81	635	925	465	346	559	584	369	901	257	478	118	774	785	476	549	300	372	33	488	812	368	901	263	958	536	285	485	8	849	916	836	641	988	516	259	193	14	253	199	856	700	525	672	876	178	137	902	46	134	186	147	799	353	820	362	679	110	483	
1067	295	414	199	843	328	754	649	841	195	531	542	514	554	863	396	640	606	532	387	998	347	42	782	143	697	916	138	319	197	960	630	856	983	479	83	574	725	679	517	828	536	287	883	907	21	98	924	951	374	959	315	373	858	784	716	978	955	835	951	38	990	534	109	177	57	142	400	260	96	625	952	75	232	425	267	361	727	412	581	613	811	611	728	955	219	400	757	166	619	156	380	581	292	863	248	500	403	537	471	829	920	344	729	54	131	59	479	20	130	631	14	408	989	304	995	833	518	818	617	67	
1068	128	568	942	782	869	481	954	207	537	176	65	663	406	729	13	913	875	22	725	133	1	975	970	508	429	507	326	59	549	647	351	897	503	685	345	587	822	182	370	483	445	650	753	468	33	239	745	858	459	193	779	87	587	161	706	800	811	145	915	594	995	71	700	303	536	152	868	53	115	831	732	617	143	822	836	696	571	956	121	310	201	847	110	98	109	140	568	666	778	349	471	627	674	58	409	932	221	723	57	739	28	317	265	824	173	875	187	689	714	983	558	213	461	329	110	181	639	119	357	200	
1069	814	866	806	227	880	15	63	284	102	151	421	656	703	271	847	657	18	837	472	511	297	14	343	337	7	100	336	601	483	880	403	835	29	596	531	646	984	669	506	958	320	783	323	289	695	601	104	377	251	282	821	897	281	532	77	428	40	559	547	306	487	26	267	28	969	622	187	42	459	531	668	443	898	815	885	29	98	180	770	157	61	410	193	698	729	925	853	837	77	896	710	187	564	225	457	854	939	527	68	417	264	74	21	979	148	970	763	333	434	946	157	559	264	574	490	552	838	91	713	869	
1070	750	473	796	786	223	163	89	194	895	223	353	72	81	173	237	405	965	62	81	95	450	409	342	629	285	369	524	914	701	527	868	17	385	165	269	328	308	947	781	87	471	613	323	122	184	28	930	29	914	868	737	345	485	966	73	20	751	167	494	205	507	233	378	872	993	96	630	846	846	199	946	690	622	716	687	135	487	322	738	406	624	718	116	390	457	404	521	20	341	434	230	598	805	669	982	171	999	795	22	334	983	609	871	634	484	926	852	167	711	159	845	173	831	828	924	545	785	595	190	6	
1071	940	619	854	204	669	465	217	450	471	478	189	942	768	581	39	818	618	188	217	583	708	171	997	664	935	751	64	194	12	623	378	306	436	439	909	624	968	116	36	90	314	846	222	724	564	69	819	543	383	341	622	215	735	604	99	250	685	6	76	494	493	566	327	826	818	280	338	991	366	724	977	128	966	630	415	640	717	828	675	347	263	384	197	424	305	839	194	341	480	753	348	36	407	497	765	292	269	391	357	851	495	52	418	163	49	454	88	82	778	629	802	239	513	973	95	641	387	237	16	386	
1072	407	824	948	259	169	469	947	887	372	591	755	587	899	223	955	637	293	506	987	437	439	182	225	605	188	875	610	707	966	861	760	737	506	322	207	847	302	631	28	751	710	72	104	706	496	815	265	249	709	341	297	142	729	591	244	691	388	42	84	899	394	746	535	8	704	64	564	341	888	538	401	621	247	703	305	980	116	339	708	621	452	368	111	243	244	526	389	443	359	436	894	889	161	247	944	171	778	682	83	204	887	967	625	777	173	565	614	137	231	35	132	472	91	539	458	621	160	811	918	445	
1073	72	952	207	338	963	913	938	856	449	141	803	994	21	725	644	569	609	63	273	353	862	545	204	82	448	292	292	461	525	550	497	345	142	947	444	342	983	765	933	953	276	657	36	410	989	579	164	867	964	229	12	194	340	116	432	464	860	268	336	331	4	701	384	456	176	110	328	485	722	49	764	439	253	631	630	607	23	837	426	386	630	535	347	737	710	244	524	934	650	426	666	457	378	644	336	370	411	753	115	351	317	479	255	800	569	71	449	721	226	3	806	800	782	181	868	936	540	954	992	541	
1074	815	24	264	796	418	34	933	194	733	660	564	464	158	910	645	362	66	653	232	30	811	825	899	468	912	233	245	885	965	869	451	422	794	756	448	669	920	143	883	43	448	957	179	882	190	753	470	872	783	234	515	357	623	753	596	146	319	160	625	362	461	97	952	957	803	804	137	195	276	773	538	350	380	526	758	779	304	952	819	51	167	552	987	916	31	312	923	677	2	275	3	74	250	373	686	669	59	642	267	598	8	254	642	684	553	485	363	156	923	428	195	185	937	31	568	678	553	436	496	568	
1075	960	813	150	605	841	412	469	89	644	741	359	99	128	989	485	534	787	563	805	400	547	152	741	197	927	914	632	335	511	123	728	926	737	989	278	493	94	777	374	733	484	665	982	694	389	794	136	435	520	893	773	781	895	128	53	523	96	113	333	521	136	891	176	694	957	436	633	506	938	782	575	608	433	717	530	632	476	624	358	216	764	395	901	276	270	452	170	340	995	597	819	645	127	81	406	259	268	330	416	469	167	547	905	945	595	242	556	377	581	632	814	614	40	843	749	789	154	36	475	151	
1076	461	154	405	515	21	482	11	454	47	386	133	483	543	835	984	138	855	635	394	576	394	41	676	858	519	972	382	545	679	760	932	51	74	195	728	782	463	181	657	595	3	23	874	112	900	246	509	366	446	368	306	549	301	750	226	636	437	946	817	589	303	995	812	48	540	54	167	623	742	615	442	139	813	137	301	189	560	658	153	647	333	147	129	572	403	758	705	852	581	840	781	181	178	18	390	847	467	634	273	950	84	607	160	598	134	254	949	834	892	766	555	645	645	619	111	629	98	592	24	52	
1077	846	123	665	697	845	882	830	198	328	454	891	831	86	682	852	54	230	514	383	312	371	204	160	942	224	661	456	139	886	247	147	847	947	386	368	140	365	513	679	279	87	582	487	144	156	424	309	701	642	620	619	428	448	362	824	56	659	346	5	398	909	911	112	689	848	810	532	370	873	354	209	828	888	458	832	375	23	115	513	939	626	356	544	664	382	607	566	323	644	431	140	403	879	631	525	965	348	796	148	373	307	253	764	398	195	577	631	692	610	258	73	831	341	433	373	563	428	827	216	278	
1078	874	245	498	116	871	793	412	200	902	425	787	776	602	592	45	31	827	876	150	939	206	195	251	435	28	3	558	251	452	367	266	30	29	617	682	347	567	924	965	484	922	481	605	498	874	701	560	677	561	472	158	443	317	153	269	118	12	848	969	923	460	980	295	991	480	302	540	477	40	454	602	767	272	957	635	633	852	235	9	436	522	73	13	961	801	585	694	619	417	237	396	155	675	381	181	390	665	798	312	514	617	591	729	409	831	405	877	213	97	170	422	636	686	249	361	974	641	429	605	893	
1079	714	167	67	695	196	940	67	26	511	822	409	939	71	331	795	407	129	914	908	248	314	568	399	422	86	970	601	902	755	820	754	955	576	657	421	898	880	859	885	163	907	782	986	957	462	288	565	736	114	684	337	721	771	719	331	25	818	730	371	655	165	353	202	560	261	363	614	276	256	964	501	66	825	487	711	703	469	56	918	947	326	9	450	12	549	651	600	255	964	647	987	588	394	29	566	994	962	669	457	827	982	477	290	729	856	891	221	449	322	290	775	167	415	66	144	162	953	339	95	497	
1080	82	490	630	474	872	430	698	856	79	396	633	241	431	957	231	42	64	799	316	622	384	383	148	11	919	954	522	885	801	799	366	601	283	864	92	573	642	169	271	30	681	823	781	889	57	461	421	638	894	594	503	570	232	479	339	964	983	56	988	546	787	186	638	373	850	500	758	619	139	880	9	555	986	699	512	310	325	19	538	884	695	937	450	660	3	823	115	337	796	268	537	41	250	213	18	815	503	894	260	212	594	754	369	953	556	928	1	256	241	174	982	164	362	562	214	990	297	966	548	105	
1081	812	384	769	949	938	136	687	81	720	543	480	280	704	501	495	373	589	808	775	15	423	617	150	678	77	858	254	753	717	870	534	408	320	129	961	310	369	554	269	545	55	94	151	669	433	256	597	774	866	37	283	357	822	468	426	780	499	526	750	981	675	10	263	112	833	149	683	563	842	528	217	975	854	946	553	273	670	871	963	679	353	337	29	715	218	486	560	156	484	139	301	91	697	287	220	139	494	595	366	142	180	473	244	803	243	441	78	804	399	284	673	431	47	131	859	43	180	88	569	950	
1082	231	867	932	430	254	245	859	393	699	505	517	767	733	436	581	990	469	719	245	931	126	95	191	823	459	918	27	603	545	683	657	573	349	240	856	779	622	394	990	719	773	430	360	708	116	402	748	968	998	298	317	531	422	509	8	263	370	951	325	640	665	351	127	493	578	276	183	671	495	475	677	378	370	68	81	435	823	199	98	529	539	241	941	790	426	179	816	519	223	836	399	930	576	470	94	376	88	431	504	59	977	441	880	842	657	179	358	867	749	561	541	360	916	266	842	21	21	585	367	456	
1083	447	145	442	407	918	647	382	358	993	380	455	29	762	679	62	579	587	377	717	950	978	574	326	961	463	719	631	548	119	607	42	756	326	965	631	445	489	994	78	877	850	108	322	610	591	41	327	391	485	752	952	947	384	885	930	890	518	235	981	281	462	759	420	948	315	762	747	906	261	463	136	515	186	22	453	73	296	288	101	125	127	140	333	419	397	209	317	392	185	557	991	651	204	470	375	106	853	175	291	934	692	501	941	850	321	890	663	928	462	858	487	429	370	700	643	974	384	939	806	771	
1084	126	604	554	387	509	98	615	444	349	561	602	525	677	981	610	639	522	257	153	119	80	765	960	902	26	155	149	928	52	822	105	752	582	788	47	801	228	654	170	423	396	109	678	648	143	151	530	589	924	98	652	53	634	553	917	244	516	469	174	759	178	733	556	620	837	768	345	688	866	282	11	32	700	278	320	468	243	756	890	753	145	539	487	191	783	944	116	746	539	904	444	660	533	778	291	195	539	792	360	966	785	863	458	502	844	669	690	75	601	739	282	13	433	492	420	980	217	605	846	594	
1085	108	44	791	223	374	95	693	303	899	701	309	695	917	608	969	454	674	35	4	264	453	611	79	540	356	370	550	206	677	778	106	800	451	992	600	470	272	990	858	786	154	134	836	429	371	868	865	120	172	372	7	866	122	859	33	490	92	722	12	375	107	592	364	990	858	695	911	84	705	851	338	76	877	358	115	707	794	727	223	171	371	571	357	693	145	21	18	738	147	251	390	540	85	513	815	312	284	562	68	295	472	91	773	301	411	762	698	833	161	447	441	438	200	739	932	618	331	166	9	549	
1086	197	996	28	139	380	274	119	399	855	632	384	854	440	243	325	660	668	817	767	89	607	680	259	379	369	669	633	591	680	352	620	736	960	518	361	974	505	855	963	739	840	841	54	234	401	821	211	481	555	456	52	369	92	773	168	187	423	416	617	14	954	918	452	54	101	932	409	166	584	501	668	25	637	152	363	869	326	713	832	826	600	743	121	130	568	78	743	625	20	470	804	863	765	483	216	795	643	358	397	466	554	524	258	73	365	238	717	959	344	729	260	366	905	862	990	212	546	556	758	717	
1087	877	776	507	360	351	887	296	539	436	901	267	198	532	796	650	536	985	645	111	894	203	71	102	505	373	99	558	82	1000	30	582	732	135	542	953	603	962	408	149	900	486	689	368	77	37	83	621	822	499	563	502	192	377	809	753	357	589	472	56	9	569	342	524	495	186	390	922	134	52	228	737	534	277	808	674	598	311	351	569	896	562	239	323	839	785	58	600	583	36	716	468	470	718	680	408	329	424	799	470	906	189	995	469	409	559	964	33	409	227	176	639	516	480	792	799	138	797	601	411	534	
1088	864	423	457	505	602	890	763	759	835	828	182	78	397	776	958	302	211	932	774	559	30	462	213	932	1000	402	9	148	727	745	954	443	300	500	970	817	101	113	252	481	448	637	3	717	89	579	236	152	30	499	966	76	424	231	368	653	221	171	684	102	228	723	516	2	760	912	322	142	905	550	180	165	407	640	487	939	1	125	299	511	181	40	336	683	608	626	599	757	936	90	172	827	400	184	819	690	100	750	136	800	550	856	91	67	672	526	300	177	491	919	828	457	847	192	548	114	332	886	913	643	
1089	552	793	787	970	760	927	346	295	508	117	943	3	552	762	891	251	622	186	693	728	953	198	288	566	310	43	707	317	971	783	87	671	53	409	46	476	341	528	489	211	858	208	787	970	645	824	557	575	897	663	121	80	778	481	515	224	847	340	860	787	939	72	153	484	264	198	500	652	141	311	625	294	346	737	916	193	632	142	969	662	727	565	852	418	738	909	98	134	206	503	39	469	563	876	817	446	266	183	109	275	328	820	937	881	153	272	746	385	337	739	711	878	591	268	949	120	131	643	748	888	
1090	141	842	293	646	915	807	334	10	628	969	785	167	829	593	660	642	462	525	994	839	335	119	16	449	226	6	296	346	538	91	37	576	709	167	993	546	374	763	884	625	110	473	966	874	508	977	438	42	266	565	203	243	578	441	683	831	441	446	27	266	379	502	415	820	903	277	738	111	596	78	111	111	820	843	497	992	256	921	681	532	957	779	470	908	509	910	609	974	456	597	665	793	109	269	276	117	36	268	968	982	622	590	225	643	422	672	99	553	330	473	899	854	813	445	985	219	399	972	176	225	
1091	547	65	855	368	433	229	66	426	532	858	55	418	588	248	501	965	617	228	383	752	129	29	1000	964	141	141	887	144	292	354	334	856	752	517	941	724	480	2	676	708	829	90	785	882	577	861	678	736	932	612	95	636	369	359	763	850	41	602	809	641	215	229	229	888	500	115	491	442	347	675	362	127	519	542	117	70	43	328	502	103	171	411	28	94	122	760	415	917	387	303	977	177	836	9	711	712	679	924	40	409	954	215	949	637	26	903	18	732	156	33	12	747	789	56	76	629	530	530	563	463	
1092	382	638	432	930	792	220	433	241	976	845	513	438	944	133	805	606	61	249	86	299	248	585	891	769	717	927	209	187	547	760	327	213	709	528	319	491	257	371	162	738	575	721	35	613	68	785	279	348	872	593	435	607	596	773	71	697	600	990	426	899	44	429	126	870	197	713	677	494	203	420	91	787	761	741	182	513	380	649	180	706	767	91	620	362	590	767	368	756	810	1	105	692	909	171	91	396	958	742	506	594	87	497	189	138	77	1000	90	152	560	879	11	201	75	807	104	595	326	703	941	730	
1093	415	229	572	613	689	926	727	608	194	503	665	181	904	39	72	268	851	360	996	407	800	284	954	933	596	511	554	788	286	726	931	666	17	710	693	286	632	719	631	266	667	754	330	180	353	698	238	118	206	983	724	75	79	824	379	674	571	698	167	80	700	971	807	577	78	388	494	870	752	335	708	790	321	814	357	830	429	604	346	379	1000	879	463	370	857	534	262	677	635	911	114	657	464	469	638	646	895	800	94	966	744	645	694	2	37	928	266	297	123	207	246	307	889	665	559	149	849	94	986	517	
1094	329	755	864	507	859	768	498	555	642	295	526	177	906	853	999	255	970	793	102	836	498	545	125	858	652	339	460	477	265	230	273	696	357	666	629	468	790	141	493	403	536	648	622	26	381	281	613	670	811	355	117	840	318	755	330	379	312	43	398	269	582	812	762	85	261	639	536	788	220	534	726	575	804	153	446	140	878	979	411	2	179	118	102	350	282	451	154	252	277	663	253	930	893	75	840	883	536	683	753	619	959	321	567	462	693	26	541	310	53	705	699	765	35	931	401	919	318	275	797	459	
1095	407	359	804	359	499	27	811	838	484	335	520	55	943	582	481	612	931	108	201	339	589	51	956	498	626	781	810	899	466	963	851	900	395	709	874	218	860	883	685	752	251	228	388	402	673	612	839	431	748	163	885	479	357	12	906	385	948	59	160	575	864	627	994	534	267	647	533	721	302	703	272	557	105	422	830	442	917	465	1	416	574	610	537	993	803	94	893	902	159	475	209	677	373	735	249	888	344	637	812	425	801	521	205	925	612	102	326	159	845	989	686	527	719	9	813	18	549	617	525	491	
1096	621	444	610	497	197	231	4	392	30	152	740	629	639	531	993	630	267	998	615	528	463	711	419	944	199	706	929	589	332	435	215	13	673	153	560	341	198	348	386	164	764	401	81	962	794	931	592	390	807	140	652	565	441	308	908	226	749	384	718	978	264	975	371	422	230	569	790	535	425	34	929	629	893	278	944	504	761	500	178	875	496	152	190	462	209	340	970	987	739	887	617	835	173	592	646	794	710	100	876	384	536	743	225	433	130	911	370	328	54	967	440	287	927	379	155	482	328	87	582	637	
1097	429	475	418	787	455	424	168	183	721	403	952	921	187	794	978	771	606	942	568	151	476	457	505	348	37	861	793	558	462	807	798	943	869	380	278	642	523	250	32	538	657	802	440	246	103	84	343	231	1000	325	962	805	802	5	161	127	517	859	91	394	329	477	776	988	469	802	799	170	781	899	626	854	932	817	342	141	18	240	823	280	216	725	844	504	138	556	567	216	547	14	208	142	575	512	90	674	597	455	501	146	237	771	870	29	49	433	524	974	485	798	932	340	939	896	80	704	539	975	251	222	
1098	268	272	768	417	601	243	447	103	362	432	11	154	962	900	309	848	785	681	155	544	524	397	188	572	901	204	364	782	589	725	338	196	112	779	513	23	823	957	412	632	395	777	245	356	265	300	599	882	713	572	522	330	44	394	952	617	885	514	718	666	887	413	644	79	343	521	657	120	651	863	257	314	435	246	528	924	863	406	923	39	442	559	189	164	749	83	647	754	999	441	196	552	283	259	340	344	771	427	143	996	556	345	21	381	441	688	579	426	173	234	889	382	203	833	2	693	888	536	875	304	
1099	713	503	55	660	120	210	527	587	487	957	124	634	3	170	241	150	15	88	525	1	248	993	384	308	186	546	590	940	345	890	995	90	426	311	280	519	602	461	269	455	990	49	840	677	117	982	173	912	740	709	70	853	897	82	388	613	474	444	783	9	550	301	658	699	507	564	659	598	994	351	386	424	897	876	199	942	720	626	865	553	437	139	772	161	843	661	683	519	921	986	223	199	103	836	606	702	950	405	879	792	801	326	333	781	158	398	50	76	986	390	414	281	52	274	64	747	200	50	892	737	
1100	498	654	239	476	575	950	275	347	19	117	389	741	883	975	894	399	311	265	888	380	681	788	542	56	282	402	437	294	457	352	60	508	45	310	552	54	485	51	443	656	558	876	678	752	942	47	212	235	278	202	184	278	493	666	634	592	66	33	447	903	978	503	55	720	427	980	258	739	888	837	237	598	142	149	570	217	238	230	422	721	237	320	630	41	472	529	628	566	267	230	151	786	292	192	602	3	948	715	870	117	222	179	537	797	931	719	673	503	164	75	596	675	90	25	354	475	387	104	677	481	
1101	752	623	382	968	908	125	742	647	584	363	682	816	821	768	174	284	859	291	428	465	7	46	280	14	286	178	838	590	456	476	977	160	688	398	885	926	82	361	151	534	686	641	988	582	685	897	15	603	169	657	255	3	626	933	784	152	94	320	136	552	288	497	222	116	613	637	166	742	251	125	47	655	907	769	729	551	560	437	441	486	504	394	464	762	707	192	803	154	698	692	59	403	17	597	983	713	128	731	313	808	358	9	311	259	855	506	819	413	417	978	101	38	441	591	751	80	131	72	249	634	
1102	900	510	621	163	334	399	806	856	696	630	636	988	918	654	98	235	772	153	438	93	658	313	99	651	31	796	179	417	364	170	482	708	482	841	503	885	887	899	756	982	12	869	161	901	299	923	195	239	952	843	251	839	925	695	780	63	354	191	637	798	476	142	88	498	597	156	537	520	741	516	891	410	856	766	368	960	912	496	776	546	589	680	900	541	1	926	394	324	736	280	916	841	520	877	277	84	174	470	27	507	394	882	275	603	795	273	665	742	598	116	567	165	619	442	248	263	960	54	526	947	
1103	855	65	291	993	152	680	138	996	553	933	767	189	693	12	514	326	255	44	926	204	590	801	127	746	352	49	942	881	190	262	627	199	156	19	299	934	341	131	515	311	852	30	787	246	246	869	422	176	326	616	833	426	96	214	185	763	850	405	922	461	816	122	390	432	176	836	122	391	117	732	399	295	800	519	232	766	667	191	560	465	319	615	958	736	105	974	651	693	593	541	186	867	475	668	513	723	281	922	960	261	521	556	1000	821	275	184	942	724	150	522	23	473	747	391	670	919	457	56	628	489	
1104	337	127	419	775	963	70	586	665	574	652	983	191	411	780	616	606	929	92	944	21	374	92	945	104	417	280	70	824	173	708	261	977	489	544	141	460	38	621	461	894	440	679	541	65	377	459	945	105	778	338	491	906	299	606	784	104	517	205	830	174	470	276	819	475	348	878	442	803	894	285	250	522	56	160	1000	446	269	86	926	301	642	905	44	27	816	199	590	137	170	269	149	148	664	740	131	930	84	441	505	978	339	671	483	315	773	624	967	469	872	428	377	400	250	729	59	442	951	756	891	581	
1105	703	294	608	142	995	859	308	55	720	59	690	612	715	920	259	369	6	826	104	243	46	810	595	986	850	305	38	694	191	144	27	211	380	70	859	95	266	365	259	902	611	142	243	227	536	711	553	202	883	42	382	636	292	895	295	354	714	324	303	310	440	197	515	854	579	831	966	914	33	633	413	457	652	108	310	430	886	706	77	289	703	158	703	115	773	234	587	210	948	279	789	798	694	896	300	27	453	8	127	496	263	645	388	135	480	853	89	206	934	680	695	694	625	958	531	178	354	891	310	297	
1106	335	416	128	938	715	856	506	865	809	608	241	252	11	711	474	218	583	686	43	480	338	487	904	146	610	930	823	458	320	754	945	680	206	400	538	716	821	102	186	248	291	735	517	785	35	893	360	319	820	963	397	739	311	749	529	705	755	564	92	766	907	886	368	859	451	325	237	755	79	942	621	746	749	974	196	670	483	664	338	650	628	458	996	792	927	689	759	847	648	625	687	213	499	658	135	71	175	607	937	647	511	193	177	606	863	851	421	506	749	199	536	249	613	466	303	670	674	35	907	291	
1107	209	120	296	105	6	470	371	488	958	854	937	72	189	111	252	785	960	1	918	688	890	969	796	465	650	519	734	969	195	941	398	655	709	105	999	892	778	412	296	120	995	172	497	639	947	566	981	284	492	88	249	317	113	239	76	647	276	580	600	923	561	645	704	1	883	625	865	260	342	659	718	575	628	578	454	558	931	272	33	672	7	498	708	114	156	600	585	704	671	158	371	808	438	458	848	328	20	399	159	465	210	489	916	899	602	265	193	564	126	843	752	35	825	319	454	954	59	661	690	723	
1108	197	479	361	416	405	414	914	545	116	472	532	414	839	114	990	494	393	122	321	890	249	888	543	706	374	209	402	78	150	632	104	776	608	613	709	465	166	323	49	480	736	653	572	666	229	873	984	246	394	208	958	105	576	372	907	402	993	178	956	382	379	594	791	838	808	717	908	71	773	207	101	611	186	573	698	894	834	697	631	100	900	139	762	865	568	234	920	801	238	131	39	121	851	633	41	605	182	526	247	172	610	569	516	393	668	593	412	475	880	961	693	431	582	932	181	180	251	450	612	855	
1109	860	771	968	352	213	653	869	151	265	869	918	413	554	752	577	348	169	916	767	781	450	10	142	82	859	128	808	376	870	401	116	9	876	665	204	856	437	740	951	342	486	918	375	109	714	345	981	131	940	338	348	538	355	500	275	6	911	674	959	206	979	479	737	646	788	696	395	156	49	724	537	882	996	931	894	907	8	141	556	193	410	732	240	503	741	557	165	3	945	587	56	198	676	44	396	62	691	536	791	932	971	343	916	634	91	603	739	439	36	766	782	678	36	84	149	683	847	724	516	688	
1110	27	203	392	30	682	447	538	938	714	855	983	760	341	441	967	628	862	390	921	271	691	43	234	834	306	297	904	322	786	96	415	749	619	792	716	220	449	232	320	441	757	498	463	851	308	294	753	487	260	543	457	897	397	19	476	844	236	822	412	150	606	505	806	279	682	823	681	596	551	769	696	599	585	386	410	617	150	29	832	35	350	110	270	665	442	454	293	592	644	843	272	794	592	479	918	239	161	584	688	150	902	600	156	373	583	94	449	541	779	493	779	201	539	451	937	808	933	228	77	705	
1111	464	972	287	464	746	615	69	463	811	257	283	30	871	923	978	293	182	628	509	721	133	212	936	700	910	154	893	51	517	420	989	444	933	48	140	487	475	729	464	692	920	260	267	5	325	492	887	422	194	810	353	514	999	409	449	632	279	969	897	990	98	418	348	244	18	460	970	4	592	60	145	344	543	225	549	213	537	96	363	367	818	981	242	237	970	227	204	63	798	854	740	557	113	438	407	945	703	519	264	135	162	447	391	380	833	728	986	45	149	935	695	226	262	779	752	587	990	954	992	417	
1112	328	445	568	467	50	350	187	116	122	223	81	546	163	435	151	316	536	769	510	168	480	194	22	950	661	170	267	603	381	325	511	95	569	444	384	737	92	384	75	905	589	383	817	702	289	836	473	274	2	571	391	666	173	197	171	218	507	353	293	721	342	276	392	433	871	579	980	25	141	206	408	934	56	223	399	192	102	411	323	969	62	400	784	547	724	296	554	154	245	332	225	16	331	405	964	808	115	559	340	37	508	72	379	980	315	863	428	638	621	1000	372	347	76	207	561	84	814	874	978	527	
1113	84	704	64	653	64	900	238	604	275	993	76	243	493	874	569	741	296	815	34	133	234	452	798	756	816	443	611	627	340	412	855	692	153	913	505	812	163	959	257	924	20	314	509	664	5	247	446	367	458	248	667	893	233	92	468	397	692	925	529	547	125	518	572	161	26	349	812	584	569	669	851	385	197	687	306	292	169	706	268	41	620	496	425	430	679	747	180	953	707	584	606	533	918	658	860	578	367	282	55	712	472	182	219	812	148	344	34	687	337	457	441	267	767	406	563	240	737	33	741	958	
1114	770	211	979	430	816	585	239	177	66	371	446	552	347	473	221	89	294	557	841	348	102	823	437	987	834	635	787	370	31	873	605	448	149	238	11	934	974	593	327	632	133	729	536	50	172	13	212	646	856	107	554	603	937	485	222	543	948	24	342	560	211	583	437	423	697	953	30	422	742	950	380	83	385	231	935	462	895	382	737	80	431	980	57	989	416	714	24	571	997	482	378	315	744	23	352	263	700	986	172	213	423	631	284	987	880	511	402	539	614	879	403	833	658	608	391	955	461	16	521	152	
1115	826	336	668	491	329	596	883	992	267	308	348	786	900	584	976	146	799	131	826	424	245	171	449	793	183	260	436	615	806	282	702	842	238	462	675	246	621	610	761	949	554	816	194	222	164	408	321	325	697	584	890	45	673	122	648	636	33	176	929	423	20	299	580	621	431	436	647	424	700	114	322	257	209	38	840	587	817	3	934	107	100	195	324	662	339	917	557	764	319	619	650	52	274	843	787	72	485	212	456	209	580	484	397	454	959	823	933	898	466	507	904	187	504	202	976	386	635	647	176	600	
1116	36	910	134	168	380	195	696	849	476	696	642	494	984	923	547	292	755	378	633	935	406	423	878	773	741	253	490	866	215	914	808	226	917	742	693	750	188	387	543	497	654	52	994	891	461	779	161	600	458	870	666	497	541	626	499	531	758	283	940	854	412	587	437	97	948	969	218	748	668	747	740	775	440	399	161	665	884	718	463	339	219	594	565	638	408	522	450	74	163	524	634	336	919	650	542	595	858	672	124	410	644	908	959	625	731	471	40	697	109	899	165	29	368	62	825	63	87	526	675	226	
1117	917	628	801	232	968	723	343	806	722	988	897	987	606	417	521	926	956	382	780	576	123	523	326	735	505	870	924	545	695	199	411	309	201	208	184	39	44	429	495	226	16	80	351	459	448	409	837	699	103	171	993	149	598	874	414	353	716	52	590	104	261	53	653	89	365	520	868	307	23	115	801	52	473	834	133	706	755	239	479	920	416	552	559	739	171	865	845	525	974	188	643	202	791	118	808	105	428	940	455	429	456	85	847	957	502	146	52	497	414	827	254	966	958	596	456	683	331	152	4	525	
1118	949	885	400	565	48	797	255	964	2	760	918	536	652	584	349	607	302	131	416	794	870	730	253	282	71	571	133	509	240	873	895	249	7	562	378	736	582	906	633	37	940	47	636	399	975	492	604	243	288	609	470	366	839	379	861	195	138	312	665	242	408	502	916	482	427	140	935	864	229	721	376	736	145	331	31	748	990	187	906	427	784	408	21	243	823	201	909	834	956	999	671	705	784	769	836	195	968	530	225	148	815	960	588	173	706	774	977	999	945	349	102	430	628	199	11	713	149	564	255	823	
1119	704	199	19	737	156	175	91	550	395	518	429	242	641	109	251	870	55	696	442	169	258	81	85	822	101	809	703	993	668	721	809	605	179	880	408	18	741	421	826	557	313	743	723	961	378	283	899	581	303	998	770	997	490	235	176	597	452	599	782	75	545	940	232	325	392	235	39	83	902	333	154	534	843	876	917	193	621	189	533	479	556	577	322	614	526	156	350	578	267	453	925	428	59	440	21	268	295	904	416	309	382	105	776	416	529	84	307	244	185	644	359	829	143	18	608	210	372	940	439	316	
1120	563	749	91	443	92	664	235	520	879	757	775	757	503	959	908	59	585	830	730	646	736	148	126	304	256	476	595	637	954	140	827	273	240	509	256	687	666	672	112	684	271	379	177	434	727	757	801	409	249	830	41	251	521	386	794	263	581	487	585	298	767	333	751	112	917	406	52	224	736	46	325	849	82	781	988	887	483	714	119	467	69	826	651	778	23	122	882	925	167	73	74	857	220	225	961	175	610	975	758	479	847	577	154	296	662	97	758	723	746	935	814	337	621	675	343	602	73	891	205	408	
1121	73	968	188	886	281	488	327	991	930	895	778	279	618	573	754	948	335	50	78	923	244	999	108	905	176	678	468	936	21	667	354	125	968	787	529	848	756	292	110	84	156	829	979	583	473	256	701	68	216	37	225	231	24	713	546	504	770	526	414	148	634	173	777	913	109	825	650	617	163	262	53	32	647	474	841	281	773	803	763	197	796	673	498	86	452	461	172	588	769	73	313	213	872	18	983	794	561	692	686	48	38	213	365	100	571	517	115	627	407	972	851	169	306	453	298	408	423	137	187	979	
1122	815	173	907	599	194	651	778	723	771	604	894	940	658	236	904	735	727	995	382	286	221	252	166	851	417	161	852	162	103	237	390	411	791	762	742	240	622	517	991	940	63	438	947	453	267	76	948	820	183	200	42	347	165	312	725	246	454	920	348	380	343	956	349	183	353	521	197	778	381	460	914	428	39	355	735	955	410	739	320	218	277	514	375	781	885	750	806	876	227	237	22	582	71	959	39	456	629	648	25	151	15	578	915	810	555	51	521	307	846	531	531	656	641	625	580	109	620	38	417	836	
1123	914	507	759	433	773	998	813	364	249	714	620	460	718	945	119	708	358	75	168	336	507	911	806	292	749	667	802	770	96	221	95	430	277	707	1	732	912	112	711	541	186	952	939	117	408	614	490	208	404	899	983	263	634	906	445	21	702	842	661	967	596	4	260	980	24	493	577	433	103	158	782	224	229	234	652	545	624	112	772	777	917	2	691	939	634	621	293	165	668	818	206	700	354	132	349	970	914	475	857	463	522	800	297	789	441	26	95	233	327	520	916	215	994	824	18	373	906	512	173	603	
1124	275	52	224	938	630	783	625	74	995	929	446	329	517	936	925	254	758	323	132	691	38	51	97	257	149	716	36	834	850	86	63	160	700	536	652	133	873	628	176	698	670	209	630	364	679	20	96	627	367	720	50	341	218	408	847	699	656	563	256	250	101	208	281	445	15	17	790	401	359	820	167	809	84	599	496	683	540	741	844	194	293	159	563	117	731	932	897	145	834	356	361	202	311	281	842	960	874	416	913	959	166	6	990	31	93	262	147	94	709	2	259	578	479	304	104	308	602	671	760	17	
1125	153	304	955	881	532	337	815	742	372	682	168	568	171	510	820	752	684	688	549	146	276	972	75	839	842	336	416	279	80	259	805	763	570	500	451	99	287	206	420	515	854	459	442	115	243	974	464	390	74	846	288	699	514	696	509	251	718	315	931	26	24	762	595	634	943	293	155	372	283	666	549	592	317	531	575	784	253	639	315	303	431	277	928	335	5	917	304	172	667	794	19	227	238	950	541	184	703	188	675	462	895	12	44	879	11	882	109	902	409	840	629	59	315	637	371	376	213	205	485	954	
1126	988	834	386	635	278	162	116	234	384	372	15	676	548	576	14	437	120	806	919	329	689	423	962	240	671	435	260	9	672	138	989	546	969	975	662	535	282	41	567	481	10	820	264	817	194	416	142	893	854	873	633	266	146	79	284	811	354	150	548	137	741	720	940	300	274	258	264	361	810	364	713	644	120	277	329	615	879	670	375	931	84	198	733	351	180	582	800	359	822	302	920	750	380	216	136	776	669	946	592	713	255	146	698	482	932	981	218	309	611	41	97	126	504	189	27	885	838	981	559	2	
1127	817	407	408	101	280	714	61	13	289	94	368	320	699	169	476	893	390	754	548	940	297	659	615	204	933	675	815	480	154	41	884	907	913	699	310	265	330	544	35	159	214	642	438	718	7	512	433	76	639	186	852	964	38	151	254	735	736	188	491	11	351	534	174	435	181	298	297	471	148	930	836	357	401	691	746	312	814	845	650	248	616	578	380	858	464	931	458	578	118	735	673	878	114	758	832	876	501	365	153	935	352	754	621	782	210	50	453	670	464	793	678	873	120	650	469	342	144	328	131	907	
1128	69	458	841	357	240	305	543	664	412	229	650	389	94	345	843	985	719	430	208	670	484	166	344	473	474	326	681	636	174	274	525	166	827	190	973	55	173	834	907	216	70	357	150	306	999	446	802	983	210	886	423	206	245	946	443	138	474	336	218	941	804	71	461	417	4	12	656	16	557	682	833	844	325	706	822	217	557	692	157	978	995	741	818	681	678	945	189	867	961	522	306	355	524	265	909	646	479	781	53	184	592	370	952	524	47	388	287	833	824	572	796	427	361	250	977	304	653	812	755	789	
1129	781	911	471	372	161	988	686	483	224	401	30	750	746	752	377	229	386	787	466	592	366	837	3	718	613	29	345	707	522	479	318	247	184	11	15	661	783	746	47	601	478	486	628	238	841	417	41	215	93	569	724	924	913	27	592	360	671	181	678	184	4	392	783	734	212	662	549	671	946	928	227	73	87	403	650	2	551	596	837	469	540	730	583	86	6	571	300	936	136	417	773	396	281	222	496	853	217	694	696	186	258	205	168	723	466	793	598	952	726	560	301	574	936	140	851	380	996	838	909	981	
1130	266	168	158	866	90	218	515	958	21	447	261	816	641	32	495	207	606	41	809	539	813	418	236	825	218	400	543	796	893	957	849	13	871	998	24	526	579	923	449	836	866	324	617	276	765	962	220	775	340	683	188	424	484	386	277	462	457	471	350	269	728	659	314	354	848	462	512	358	433	36	575	658	230	750	782	781	32	13	852	810	571	756	51	533	700	391	106	743	667	134	83	376	493	214	505	29	430	362	415	410	93	734	93	641	192	445	252	268	594	995	925	823	650	861	788	650	213	63	555	669	
1131	758	452	29	806	272	134	254	624	97	29	825	390	104	395	409	608	961	27	464	227	163	96	735	9	428	529	974	472	484	39	952	645	848	210	467	906	928	569	886	518	899	849	468	156	217	457	921	183	218	843	354	940	221	444	641	856	723	440	33	852	949	328	639	518	970	77	186	34	262	298	493	976	296	877	994	312	363	606	849	627	432	171	177	900	857	331	974	480	608	889	148	425	969	76	723	569	526	813	940	821	570	392	442	943	720	151	84	545	277	59	506	503	955	988	198	972	975	75	646	712	
1132	982	359	424	274	828	68	862	747	842	270	59	828	812	814	370	363	144	442	935	911	152	76	376	667	238	9	411	391	277	368	696	697	629	497	8	39	712	713	6	464	395	515	772	996	639	96	594	322	832	563	955	433	341	150	664	584	905	153	937	673	961	869	120	787	640	955	33	424	975	802	688	111	905	497	609	251	302	881	421	755	462	663	307	459	665	729	558	18	405	503	430	373	503	908	217	477	397	612	283	269	755	424	372	415	76	64	681	447	356	937	509	119	20	287	626	589	822	220	330	650	
1133	418	235	188	399	726	66	558	485	605	935	398	770	539	370	704	348	857	260	193	8	439	826	7	920	467	701	871	626	136	29	990	694	283	319	564	496	666	756	886	991	398	932	83	397	282	3	906	129	308	83	778	513	668	882	73	923	794	254	33	710	701	14	848	68	41	114	167	531	249	686	149	973	174	539	812	596	894	670	549	866	568	45	704	784	847	967	575	685	117	932	323	130	474	725	166	747	125	749	875	592	634	104	171	525	677	18	290	215	790	316	689	440	118	435	693	389	840	217	599	670	
1134	79	901	525	960	379	954	899	759	743	482	887	622	266	304	944	908	796	899	221	27	428	286	771	157	539	447	176	153	310	531	309	653	736	680	657	302	503	50	891	190	80	530	744	421	973	268	30	659	990	312	168	605	342	828	979	214	271	584	416	160	472	658	772	451	798	482	940	517	937	896	900	154	137	549	378	878	408	848	855	441	114	810	30	323	170	172	992	304	6	471	503	949	470	563	961	340	929	653	839	28	834	995	767	949	985	210	822	250	460	194	922	863	911	959	832	229	801	772	169	468	
1135	155	179	945	153	664	53	520	186	679	242	436	352	987	905	892	160	937	764	432	631	755	777	253	749	9	790	476	738	381	376	538	791	670	309	516	912	744	960	985	16	570	389	980	270	272	165	562	823	137	12	961	971	116	698	498	460	423	167	856	725	120	979	369	464	263	108	901	683	115	793	748	867	12	871	5	137	386	666	325	364	364	958	548	72	387	934	742	805	880	885	568	123	171	851	306	621	862	682	980	483	993	706	84	580	911	401	567	51	697	495	805	802	457	418	546	604	818	773	386	704	
1136	214	453	67	552	64	252	276	147	254	579	102	122	817	287	922	618	347	825	187	405	13	651	614	168	255	179	249	951	166	390	539	656	83	295	469	413	729	136	376	710	631	855	182	382	519	213	589	237	893	348	266	542	548	303	978	697	758	78	535	468	643	201	88	646	468	213	858	436	928	373	22	663	46	683	603	950	404	439	974	552	111	879	550	972	932	456	693	765	799	819	532	808	162	828	590	488	768	271	1	900	475	940	784	263	547	269	92	368	335	100	395	563	193	267	849	392	733	598	559	234	
1137	316	858	83	724	766	678	406	969	638	282	453	923	836	621	284	301	533	689	245	146	590	567	950	682	535	587	864	22	939	1	489	350	422	440	933	761	304	215	840	941	194	93	271	864	782	957	415	134	732	210	254	939	322	199	681	779	116	426	517	840	780	138	827	973	100	519	830	281	753	921	214	677	386	907	434	89	362	609	865	220	66	784	969	787	275	861	100	268	313	112	544	731	916	18	294	589	252	110	150	187	682	748	96	521	143	739	550	896	343	624	984	320	606	618	496	266	374	352	71	285	
1138	933	503	511	161	154	620	671	654	77	261	960	219	345	110	937	728	918	595	547	822	674	878	82	601	696	537	688	646	400	139	622	278	255	788	196	355	681	747	275	723	292	435	513	747	751	257	508	582	315	609	347	150	896	865	810	938	315	630	868	833	358	62	422	693	224	854	305	363	199	605	648	819	476	8	27	139	934	55	172	785	346	1000	32	704	353	715	855	610	82	678	592	239	809	353	182	717	296	525	864	73	469	800	88	637	124	916	425	826	559	938	519	592	43	240	914	115	37	874	995	320	
1139	880	914	657	265	901	54	925	5	920	631	396	714	694	777	585	44	391	130	33	217	88	726	363	911	634	200	344	333	312	820	877	212	38	627	207	399	880	6	230	897	297	103	269	318	790	20	409	357	34	301	703	428	139	857	403	301	84	675	71	856	908	347	33	584	551	722	960	578	148	662	792	595	207	279	419	58	112	9	795	726	275	299	341	641	401	559	352	877	327	556	999	150	294	176	875	280	115	1	85	562	776	998	570	804	802	129	295	941	900	752	303	896	148	60	243	999	708	370	329	848	
1140	328	161	383	14	26	204	469	562	462	701	112	283	341	236	235	66	891	673	903	538	680	670	617	979	184	656	38	803	712	23	965	762	218	540	724	132	739	155	326	788	611	25	843	407	444	335	680	815	774	816	272	698	811	271	723	466	543	693	759	414	594	834	292	352	185	681	964	624	273	577	571	753	686	224	603	867	107	51	243	233	258	548	841	964	511	587	125	136	280	649	321	484	912	33	206	768	692	151	360	450	941	421	236	554	431	563	400	831	786	511	805	33	791	950	561	904	573	810	744	116	
1141	917	580	639	913	764	626	441	172	311	94	18	943	48	202	813	328	258	403	915	288	948	93	61	557	590	81	766	605	3	347	64	3	376	320	486	967	884	16	331	97	240	744	953	831	993	588	291	592	852	11	183	543	1	843	230	11	363	207	319	102	871	710	539	189	931	486	81	96	817	456	301	139	347	118	861	44	897	362	813	174	378	481	219	365	951	872	53	578	654	445	473	681	757	458	397	386	277	485	233	605	234	499	513	474	528	415	263	607	808	269	265	299	659	68	751	155	254	539	872	418	
1142	227	661	543	950	757	94	882	367	350	660	758	608	544	726	13	470	763	200	432	949	900	673	159	544	420	259	201	5	284	329	195	284	143	460	542	610	554	918	540	177	343	67	635	354	304	532	174	118	522	854	319	185	87	355	450	904	881	672	910	173	556	966	845	280	251	732	655	1000	638	757	889	706	658	606	435	297	498	588	107	207	677	699	884	19	279	233	835	636	956	132	44	901	418	857	503	105	999	255	209	864	579	563	265	979	879	646	248	901	230	452	700	730	906	582	399	596	699	290	19	123	
1143	232	481	973	174	209	43	800	297	252	118	51	256	121	436	811	284	537	512	501	76	677	115	238	52	406	255	699	115	413	139	847	673	549	222	583	745	526	607	892	987	467	484	49	93	581	441	275	619	545	788	145	229	487	943	4	952	685	429	825	144	484	369	469	500	338	387	793	290	143	76	934	532	787	692	753	595	160	826	466	252	684	756	682	888	635	351	860	536	218	785	38	640	286	853	519	540	838	984	75	585	534	833	501	397	622	86	236	41	675	101	505	13	420	447	976	101	471	172	893	731	
1144	307	577	846	899	9	477	473	507	836	846	182	466	464	730	205	291	58	906	791	236	283	536	664	200	783	922	925	717	278	984	858	718	867	859	471	539	683	614	908	480	192	858	410	539	823	244	972	98	119	650	518	325	124	958	893	615	802	665	263	619	741	268	164	525	384	939	77	950	532	531	844	876	348	270	980	954	504	692	946	331	206	924	133	789	879	499	546	547	129	685	563	563	440	674	361	802	971	978	303	245	413	12	745	801	560	186	77	741	369	746	768	422	304	129	932	235	310	841	169	787	
1145	869	50	996	921	385	785	357	324	79	30	366	683	168	235	270	364	816	731	533	714	101	541	91	51	841	988	177	607	989	1	111	178	281	27	965	302	842	773	750	259	987	752	858	209	135	635	283	952	774	521	26	877	246	762	971	975	435	148	422	771	210	443	743	517	626	110	816	600	813	52	222	944	86	975	793	821	306	192	288	403	84	332	517	160	924	621	676	654	304	340	146	770	22	53	891	931	712	459	796	407	553	743	995	434	167	283	916	393	865	315	485	614	643	598	364	141	672	9	271	86	
1146	572	53	539	737	858	443	413	290	779	913	514	574	964	742	907	662	338	729	459	483	875	986	137	58	294	65	594	745	971	269	624	881	861	519	824	460	807	503	539	521	85	79	219	181	229	584	657	644	278	874	132	393	136	656	644	506	244	642	567	264	485	932	740	269	302	912	31	15	14	160	309	436	706	502	552	238	978	623	565	593	391	53	955	82	58	269	623	875	281	489	846	532	454	438	26	220	304	272	609	553	518	948	770	708	281	222	50	328	345	413	398	164	203	804	978	63	298	354	753	156	
1147	828	950	415	246	714	658	94	282	399	742	947	823	852	396	417	226	648	217	828	396	721	814	118	324	262	519	640	671	656	531	750	573	717	902	566	621	135	235	122	36	997	350	164	826	841	241	586	37	482	829	138	586	530	51	623	905	627	867	372	153	829	341	1000	284	43	695	899	268	527	175	409	838	299	89	125	118	561	250	39	523	797	397	681	372	42	470	22	411	234	46	75	953	283	151	587	298	526	593	350	571	697	548	234	577	671	118	309	987	414	487	849	731	498	403	137	65	136	87	531	617	
1148	352	127	438	640	353	367	238	254	596	110	608	133	11	518	148	546	334	221	346	247	599	192	861	319	829	515	209	908	734	7	843	467	281	157	368	206	155	603	505	379	671	164	621	307	107	356	295	653	369	621	338	819	124	115	354	62	932	543	509	974	899	250	953	156	832	824	968	500	652	431	114	117	60	288	9	139	502	181	307	390	359	292	35	180	484	379	729	893	167	972	827	94	421	163	124	376	46	38	389	793	829	164	321	52	969	513	869	301	210	137	479	919	176	578	670	289	688	80	282	46	
1149	115	262	244	494	59	611	856	163	39	479	271	486	754	766	832	111	359	759	841	368	239	491	999	195	777	169	322	632	25	390	351	149	539	299	152	196	657	447	922	391	20	478	101	847	24	794	473	701	675	866	863	232	144	496	526	761	46	855	671	563	590	972	474	560	301	356	226	727	318	975	967	210	501	323	667	951	743	900	288	925	565	835	847	946	147	29	691	490	500	277	712	851	632	28	910	663	785	776	91	873	578	83	983	371	489	877	33	264	782	52	187	237	388	244	561	238	257	866	984	966	
1150	381	501	750	343	335	987	666	630	599	585	841	308	739	563	828	784	701	247	296	958	603	683	295	297	60	686	955	49	863	332	277	901	806	310	101	858	979	633	979	732	794	765	654	860	456	593	267	980	282	342	216	959	144	889	25	468	251	884	602	276	957	887	246	729	888	859	632	418	595	608	513	12	256	136	457	156	289	99	417	386	732	260	848	344	348	675	860	332	642	733	499	633	323	473	435	269	588	388	191	206	660	504	451	950	809	416	818	825	374	631	437	645	931	930	295	386	197	355	199	345	
1151	863	854	385	522	442	674	288	97	282	745	47	128	745	178	281	438	775	353	606	856	111	529	883	384	264	87	692	221	232	180	292	173	516	763	508	120	283	996	42	536	907	848	868	102	587	582	462	590	364	333	177	957	58	859	20	522	855	638	582	491	513	209	141	906	451	673	849	232	10	704	117	183	849	474	543	926	655	590	813	641	782	616	554	752	824	100	1	473	741	413	946	160	472	895	955	326	643	617	897	47	776	840	815	480	906	648	581	25	99	28	373	592	615	480	466	550	288	660	258	62	
1152	300	150	691	444	654	519	201	750	51	83	303	797	178	232	99	96	50	136	598	208	62	438	442	358	22	512	745	772	683	318	504	786	771	898	788	365	566	712	459	411	15	176	815	890	999	489	102	345	247	1000	461	103	293	401	583	259	226	166	40	587	817	894	711	873	185	71	539	539	518	599	957	946	437	887	407	165	551	497	251	103	161	908	903	966	57	70	103	782	427	841	916	413	445	561	292	112	23	725	809	798	832	571	246	427	61	801	984	640	122	658	233	497	526	165	595	583	730	652	251	303	
1153	827	468	530	456	848	14	391	117	251	237	110	634	277	575	606	54	678	529	90	664	161	897	639	271	555	449	801	888	4	970	950	72	52	264	819	706	74	573	45	419	217	544	507	253	925	815	451	705	381	266	194	472	224	786	320	908	196	226	835	610	613	133	67	555	388	488	918	555	352	129	92	233	137	761	86	753	674	302	914	118	718	803	162	740	87	140	86	300	923	229	735	481	920	539	446	348	810	869	908	867	586	699	67	287	88	464	77	469	781	68	396	285	370	989	569	698	14	592	624	969	
1154	306	844	821	157	916	559	386	934	678	861	241	863	66	882	356	865	773	777	707	989	306	975	853	193	752	591	314	291	236	910	17	710	618	642	918	579	920	399	495	321	731	522	246	672	639	738	641	130	657	779	273	299	367	252	288	915	330	700	830	233	330	833	669	634	635	441	100	2	904	868	313	403	157	625	491	148	521	513	390	187	323	577	712	270	835	972	708	134	509	736	149	406	826	495	37	531	608	81	662	196	611	624	369	19	931	580	781	292	976	304	811	517	827	197	72	487	919	165	50	933	
1155	603	750	170	835	753	817	200	630	306	101	254	249	233	847	114	501	321	431	359	732	655	392	472	770	565	136	254	522	241	674	726	60	805	546	911	397	607	128	314	807	924	490	299	187	17	747	111	700	154	256	326	678	95	44	43	831	603	426	970	780	126	523	569	559	446	721	266	16	810	140	488	858	807	562	168	256	510	956	771	367	214	39	265	397	830	264	935	930	902	196	755	918	966	431	232	75	926	963	438	821	328	675	675	975	427	864	800	680	162	484	261	654	701	605	967	865	821	436	651	603	
1156	975	291	159	48	812	48	952	14	927	344	939	579	678	3	735	625	371	849	611	404	457	926	794	182	442	784	523	941	296	944	931	130	491	975	887	716	739	300	540	308	7	235	122	425	213	543	721	767	98	763	666	420	588	982	25	523	614	557	738	813	236	902	770	868	744	306	414	689	868	441	274	473	97	77	819	484	927	936	597	591	30	15	853	306	245	52	438	723	385	686	270	508	696	20	54	947	237	498	213	209	511	266	591	774	366	166	173	283	358	765	804	431	655	333	642	142	915	632	894	310	
1157	826	880	548	771	202	265	351	676	559	220	427	795	509	316	842	414	287	720	333	160	23	861	921	429	772	899	688	672	932	339	716	458	658	951	436	214	761	426	896	35	754	529	247	274	10	746	836	112	248	692	364	878	573	64	827	311	341	951	688	474	493	260	134	273	118	795	124	57	881	177	999	795	675	166	22	314	322	793	286	606	416	786	319	872	920	558	447	303	375	54	870	402	38	921	658	175	933	420	12	292	921	863	906	868	97	850	550	940	333	143	551	238	112	90	822	925	512	30	980	67	
1158	625	642	888	925	203	681	644	391	299	484	190	346	211	930	741	660	461	848	760	874	30	590	857	751	386	481	871	668	408	386	540	161	239	628	252	690	993	195	895	965	759	372	217	331	494	751	336	726	808	916	269	882	765	429	815	238	620	120	732	581	773	761	930	936	473	669	397	206	724	257	649	223	361	724	651	925	990	882	843	676	162	203	853	4	973	923	432	501	431	779	117	386	212	801	412	384	525	51	884	57	442	57	594	756	591	804	661	280	829	897	655	457	955	835	942	225	285	528	531	259	
1159	410	218	92	589	730	132	731	525	280	626	698	669	85	458	877	100	556	535	259	683	206	972	499	12	694	161	705	181	300	209	720	985	486	419	114	616	140	272	150	297	842	652	226	309	659	401	457	229	444	912	366	534	352	425	490	388	338	718	11	917	359	994	421	648	925	151	277	318	991	985	380	359	675	581	912	272	701	623	161	484	845	90	443	912	174	688	215	67	81	940	815	598	658	222	618	729	560	736	508	726	771	159	178	625	161	452	901	16	962	59	373	64	349	411	807	888	578	631	178	426	
1160	509	502	335	747	661	358	42	512	380	448	952	568	418	563	471	134	888	744	612	794	846	36	329	766	412	885	615	603	399	906	536	508	991	328	321	11	351	714	261	811	644	73	421	607	657	341	431	177	866	402	373	381	160	887	872	886	445	507	788	353	104	952	165	825	75	652	522	667	603	550	58	707	440	70	868	638	510	576	971	322	18	707	690	202	913	381	140	183	982	145	647	764	130	659	242	736	801	315	524	529	394	217	727	663	335	464	806	14	575	125	18	49	328	898	267	643	216	534	813	111	
1161	448	513	604	829	628	390	329	97	493	383	479	276	395	566	358	483	222	57	688	957	332	357	286	132	160	352	847	991	388	732	808	662	400	712	9	56	19	393	908	474	768	537	227	233	949	726	922	154	953	527	443	263	868	539	713	885	244	506	631	588	237	431	161	119	232	191	643	172	943	499	993	333	671	668	623	521	375	592	466	509	904	895	126	71	126	972	690	932	615	832	569	400	169	609	738	702	208	899	74	969	608	581	784	963	296	304	41	131	584	939	782	292	196	154	955	459	826	64	561	737	
1162	747	606	19	761	887	323	486	842	870	398	815	943	742	233	466	220	515	227	560	121	239	646	903	893	607	209	781	638	80	582	580	200	978	286	309	917	587	916	430	747	911	79	509	204	247	740	602	122	151	756	504	945	660	282	325	698	870	767	587	333	747	297	165	310	29	450	101	260	188	733	309	182	678	646	893	366	518	154	485	91	907	500	699	881	763	898	431	956	336	343	933	165	257	627	315	196	252	72	268	742	635	438	324	577	604	993	237	198	213	537	113	86	24	3	849	705	339	382	445	882	
1163	480	381	647	659	778	904	55	776	657	114	37	30	911	259	468	432	82	854	491	612	170	71	780	517	801	161	520	805	838	479	637	306	786	457	618	1000	871	994	729	40	846	215	606	872	16	786	104	682	703	792	598	457	318	831	180	250	334	581	686	808	122	997	252	154	773	963	638	952	243	466	162	28	110	883	708	654	298	393	69	723	250	67	823	654	156	985	471	95	338	787	820	852	235	815	168	893	946	665	293	420	981	623	777	37	216	933	853	266	515	991	658	466	178	734	29	35	843	245	477	5	
1164	964	330	977	927	404	696	706	479	836	493	699	548	819	335	441	302	151	345	755	644	845	736	367	78	514	641	894	525	906	197	11	471	32	879	544	168	821	861	90	845	251	638	13	234	60	4	627	103	359	209	633	110	340	646	195	304	935	802	921	257	922	736	385	769	646	924	680	372	10	23	83	580	656	617	51	934	243	127	56	883	814	565	341	87	441	69	260	111	261	681	499	846	595	373	16	409	199	945	369	173	267	717	271	357	297	413	892	64	848	920	274	809	812	20	710	433	543	396	189	283	
1165	5	941	550	582	797	567	57	124	676	596	881	775	352	318	142	159	964	312	719	707	240	64	347	848	439	572	683	85	588	915	276	828	759	486	840	194	799	782	511	51	648	200	330	304	279	430	505	730	299	783	749	308	119	59	792	692	477	615	660	698	317	920	770	508	950	534	868	329	884	646	333	348	643	789	31	508	723	593	612	234	172	170	913	490	996	970	809	846	351	992	566	831	126	995	117	509	75	717	306	769	124	526	985	889	238	59	176	164	779	175	697	863	359	32	724	215	648	749	356	319	
1166	783	888	820	968	477	965	543	726	292	738	883	838	798	229	280	264	707	476	400	256	246	823	616	196	394	372	793	330	196	530	319	69	994	26	353	202	12	330	826	214	746	733	927	146	919	424	403	346	52	557	1000	298	496	189	926	506	903	266	192	635	424	723	861	162	331	364	237	293	562	757	774	644	424	537	813	650	352	298	104	363	647	794	563	760	156	757	961	905	671	798	430	563	552	392	627	282	121	966	170	648	631	692	842	143	436	151	733	515	945	338	968	220	203	475	578	67	771	622	929	34	
1167	809	714	57	316	663	871	694	461	880	198	84	265	880	223	328	752	255	838	160	19	938	82	844	824	409	653	354	428	712	6	789	73	585	835	165	693	657	514	989	301	138	722	753	594	898	309	142	572	514	329	799	740	785	272	724	846	546	284	630	759	787	871	857	35	631	938	577	274	399	284	248	291	684	30	518	58	921	300	786	487	806	62	592	591	935	864	300	534	127	783	78	708	671	405	951	984	436	55	922	659	440	341	110	775	215	297	347	103	724	60	715	784	925	245	876	825	509	155	107	775	
1168	886	987	300	556	528	38	905	167	338	939	529	235	884	936	24	105	517	154	259	149	28	411	450	182	206	323	780	457	945	402	457	142	144	820	334	467	896	879	477	207	290	305	875	2	851	182	470	715	568	184	134	635	78	911	858	568	624	548	335	332	306	1000	861	527	766	450	155	722	365	489	76	694	537	39	697	860	376	487	9	854	219	168	342	917	352	977	850	293	836	40	914	286	509	974	194	493	544	853	953	778	598	909	471	139	589	867	612	457	404	587	930	544	822	400	349	637	963	929	426	12	
1169	230	254	768	332	419	592	54	926	484	930	388	693	739	660	109	543	621	242	344	543	475	216	27	385	120	162	962	294	110	512	365	210	887	170	824	53	688	888	140	711	600	134	438	784	66	270	86	383	542	294	835	976	631	547	990	499	441	798	428	931	121	734	208	804	954	254	872	689	461	841	966	285	168	387	114	208	2	386	765	212	814	13	377	321	862	995	568	877	419	656	635	496	586	643	77	128	552	411	622	224	369	139	123	686	797	827	198	341	685	26	522	488	188	961	483	464	465	97	419	120	
1170	608	551	582	920	952	724	45	904	320	388	449	141	863	261	75	734	134	540	990	40	133	21	553	129	9	31	262	528	317	110	177	159	910	440	517	795	835	653	76	412	277	80	54	456	860	635	964	868	66	586	5	254	812	303	104	973	37	430	843	626	509	657	355	699	59	935	901	908	94	280	93	113	355	908	69	323	298	557	217	495	929	154	200	533	861	694	957	694	310	224	534	895	763	828	381	982	398	498	766	747	529	237	624	921	633	215	191	237	881	483	585	318	802	587	664	877	778	667	279	215	
1171	790	705	496	558	71	262	267	47	890	719	55	795	677	780	460	343	409	388	255	402	853	941	914	614	365	685	775	219	446	128	790	149	566	690	77	71	818	967	448	207	8	33	833	548	358	27	457	421	962	132	920	884	91	509	802	68	32	822	43	998	704	446	620	194	825	330	613	404	949	512	133	621	578	20	409	68	865	483	281	420	482	862	337	512	533	633	839	180	964	373	448	397	327	226	776	372	208	665	801	591	561	569	267	809	626	960	830	100	391	853	476	435	105	292	330	932	268	313	592	46	
1172	368	855	624	653	652	506	971	650	543	897	824	196	394	202	140	310	405	936	315	182	729	457	875	103	100	282	419	830	597	734	539	823	576	847	45	1000	492	164	749	222	11	411	758	615	130	697	525	320	106	360	545	96	822	584	155	44	703	370	474	204	956	344	306	198	37	801	726	370	865	44	316	294	623	882	977	563	810	689	652	247	857	222	551	812	430	555	307	864	20	489	227	359	679	679	380	967	759	116	123	514	781	82	823	65	665	100	457	230	51	449	58	211	880	433	788	617	271	239	139	564	
1173	864	805	941	246	331	31	432	485	985	690	328	366	855	503	103	162	186	639	490	586	962	54	699	440	698	408	89	114	454	4	742	232	206	960	120	417	603	613	34	232	88	509	763	101	811	363	40	641	747	890	733	274	83	32	265	304	976	955	715	151	584	333	64	414	20	140	439	143	440	22	206	217	664	355	149	354	341	723	107	904	648	738	497	858	541	392	828	674	716	670	199	926	957	334	328	423	66	722	729	194	889	464	282	926	673	933	565	844	709	215	603	413	544	407	69	433	240	615	372	788	
1174	720	997	102	308	296	864	395	127	10	736	992	943	461	432	583	405	874	539	645	821	248	421	442	116	282	720	448	259	28	714	623	476	202	245	161	245	818	598	202	779	770	955	778	233	309	887	918	169	506	583	715	522	845	290	997	835	211	868	7	15	432	500	891	49	675	759	541	785	508	828	451	624	396	26	448	264	150	478	857	232	549	122	903	767	271	538	55	662	200	680	30	867	9	747	40	27	555	643	963	584	823	913	23	515	975	645	786	948	138	103	137	720	956	98	873	914	868	325	95	349	
1175	308	92	816	186	767	254	515	258	378	571	473	993	277	231	335	828	116	391	140	272	25	926	481	70	368	945	731	295	876	335	671	499	48	123	733	232	241	988	104	361	730	860	157	869	479	192	754	362	799	752	265	329	572	432	156	395	540	558	627	749	13	493	428	1000	484	169	435	197	679	435	483	831	612	680	747	1000	609	997	932	753	430	477	226	628	672	295	409	204	135	969	418	744	394	26	678	875	345	399	610	208	891	988	523	868	457	765	228	324	890	701	358	33	33	294	32	105	317	962	391	88	
1176	627	559	103	273	894	34	771	877	101	585	937	819	76	961	65	839	204	296	320	842	631	240	235	544	51	562	168	867	83	583	871	662	25	147	426	740	257	835	569	473	914	864	369	473	102	485	477	392	437	982	477	122	620	345	14	116	716	177	842	978	576	720	842	482	86	685	161	945	314	511	3	813	368	57	494	691	201	110	320	354	327	262	897	912	932	698	722	115	72	804	926	674	562	27	912	37	313	86	997	178	234	446	508	954	341	713	459	915	548	572	971	487	556	449	694	533	407	346	408	127	
1177	548	533	811	432	55	689	694	561	669	6	486	690	585	745	6	834	259	341	416	520	937	269	998	922	335	828	601	548	362	279	718	348	689	85	78	84	845	478	500	111	91	266	53	856	128	235	459	967	292	142	530	461	986	982	311	882	47	498	333	133	841	471	370	508	610	321	993	380	693	974	489	59	488	635	663	340	834	731	551	212	519	565	961	523	834	270	298	708	890	520	543	208	904	817	777	839	640	982	910	921	990	105	908	389	99	352	164	328	952	145	972	696	586	931	477	289	311	758	814	560	
1178	254	881	790	695	76	157	799	210	662	11	347	81	423	685	437	805	898	468	202	985	315	161	132	13	103	446	384	809	997	165	253	151	837	289	863	149	936	869	122	929	495	850	962	101	713	732	426	661	832	855	548	534	779	702	353	730	489	68	401	977	468	335	652	146	484	385	682	690	246	257	737	44	700	273	645	979	918	409	701	364	26	669	292	150	464	162	76	534	809	375	898	255	810	826	278	959	955	8	241	304	317	648	156	444	730	498	710	898	143	828	190	481	128	390	490	178	531	863	840	940	
1179	231	243	570	127	55	537	863	322	437	266	692	85	52	475	193	659	804	739	835	419	246	709	293	99	490	544	522	763	804	372	25	157	101	238	178	915	190	653	537	202	482	990	889	254	460	981	458	335	71	285	253	10	437	962	647	746	882	285	805	944	665	215	352	880	511	185	57	367	311	740	606	522	782	149	181	617	544	779	120	684	243	172	177	572	90	468	104	885	4	280	444	946	879	34	47	466	590	662	740	602	251	796	261	755	345	910	880	197	193	93	394	644	631	192	887	154	646	173	328	877	
1180	138	414	410	92	381	182	890	67	443	254	204	288	175	407	452	11	19	555	179	813	267	673	998	845	640	686	571	991	371	926	697	362	667	412	367	401	392	238	208	732	344	949	614	152	347	819	709	916	882	566	209	189	533	988	307	629	317	671	495	463	175	611	561	710	946	925	242	582	627	335	253	979	383	129	271	553	136	450	166	332	716	296	561	393	475	548	977	21	991	425	63	612	120	270	534	172	25	234	457	164	461	696	704	263	79	427	775	421	488	356	8	595	937	153	739	874	28	664	658	430	
