60
1	1	32	1003	1004	1005	1007	1011	1013	1014	1015	1016	1018	1019	1020	1027	1029	1031	1032	1033	1034	1035	1040	1044	1045	1046	1047	1049	1050	1051	1052	1055	1056	1058	1059	
2	2	48	1002	1003	1004	1005	1007	1009	1010	1011	1014	1015	1016	1017	1019	1020	1021	1023	1025	1026	1029	1030	1031	1032	1034	1035	1036	1037	1038	1039	1040	1041	1042	1043	1044	1045	1046	1047	1048	1049	1050	1051	1052	1053	1054	1055	1056	1057	1058	1060	
3	3	49	1001	1002	1003	1004	1005	1006	1008	1009	1011	1012	1013	1014	1015	1017	1018	1019	1020	1021	1022	1023	1024	1026	1027	1028	1029	1031	1032	1033	1034	1035	1036	1037	1038	1040	1041	1042	1044	1045	1047	1049	1050	1053	1054	1055	1056	1057	1058	1059	1060	
4	4	48	1001	1002	1003	1004	1006	1007	1008	1009	1010	1011	1013	1014	1016	1018	1021	1022	1023	1024	1025	1026	1028	1030	1031	1032	1033	1034	1035	1036	1037	1038	1040	1041	1042	1043	1044	1045	1046	1047	1048	1049	1050	1051	1052	1053	1055	1057	1058	1059	
5	5	39	1001	1003	1005	1006	1007	1009	1010	1011	1017	1018	1019	1020	1021	1022	1026	1028	1029	1031	1032	1033	1034	1035	1036	1037	1038	1039	1040	1041	1042	1044	1047	1048	1049	1050	1051	1055	1058	1059	1060	
6	6	21	1004	1007	1008	1009	1010	1013	1014	1017	1019	1030	1037	1043	1044	1048	1051	1053	1054	1055	1057	1059	1060	
7	7	48	1001	1002	1004	1005	1006	1007	1009	1010	1012	1013	1014	1015	1016	1017	1018	1019	1020	1021	1022	1023	1024	1025	1026	1027	1028	1030	1031	1032	1034	1035	1037	1038	1040	1042	1043	1044	1046	1047	1048	1049	1051	1052	1053	1054	1055	1056	1058	1060	
8	8	55	1001	1002	1003	1004	1005	1006	1007	1008	1009	1010	1011	1013	1014	1015	1016	1017	1018	1019	1020	1021	1022	1023	1024	1025	1026	1027	1028	1030	1031	1032	1033	1034	1036	1037	1038	1039	1040	1041	1042	1043	1044	1045	1046	1048	1049	1050	1051	1053	1054	1055	1056	1057	1058	1059	1060	
9	9	46	1001	1002	1003	1004	1005	1006	1007	1009	1010	1011	1012	1014	1015	1017	1018	1019	1021	1022	1023	1024	1025	1026	1028	1029	1032	1033	1034	1035	1036	1037	1038	1039	1042	1043	1044	1045	1047	1048	1050	1051	1052	1053	1054	1055	1056	1057	
10	10	21	1003	1005	1006	1007	1008	1017	1019	1021	1027	1030	1031	1032	1033	1036	1038	1041	1045	1050	1052	1057	1058	
11	11	46	1001	1002	1004	1005	1006	1007	1008	1009	1010	1011	1012	1013	1015	1020	1021	1023	1024	1025	1026	1027	1028	1029	1031	1032	1033	1034	1035	1036	1037	1038	1040	1042	1043	1044	1045	1047	1048	1050	1051	1052	1053	1054	1055	1057	1058	1059	
12	12	40	1001	1005	1006	1007	1008	1010	1012	1013	1014	1015	1017	1018	1020	1022	1023	1026	1028	1029	1031	1032	1033	1034	1036	1037	1038	1040	1041	1042	1043	1044	1045	1046	1047	1048	1049	1050	1051	1054	1059	1060	
13	13	47	1003	1006	1007	1008	1009	1010	1012	1013	1014	1015	1016	1017	1018	1019	1020	1021	1022	1023	1025	1026	1027	1028	1029	1031	1032	1033	1035	1036	1038	1039	1040	1042	1043	1044	1045	1046	1048	1049	1050	1052	1053	1054	1055	1056	1058	1059	1060	
14	14	60	1001	1002	1003	1004	1005	1006	1007	1008	1009	1010	1011	1012	1013	1014	1015	1016	1017	1018	1019	1020	1021	1022	1023	1024	1025	1026	1027	1028	1029	1030	1031	1032	1033	1034	1035	1036	1037	1038	1039	1040	1041	1042	1043	1044	1045	1046	1047	1048	1049	1050	1051	1052	1053	1054	1055	1056	1057	1058	1059	1060	
15	15	14	1002	1004	1012	1015	1020	1022	1030	1034	1037	1039	1045	1055	1056	1059	
16	16	48	1002	1003	1005	1006	1007	1008	1009	1010	1012	1013	1014	1015	1016	1017	1018	1019	1020	1021	1022	1023	1024	1026	1027	1028	1029	1030	1031	1032	1033	1034	1036	1037	1039	1040	1041	1042	1044	1045	1046	1047	1049	1051	1052	1053	1054	1057	1058	1060	
17	17	21	1001	1002	1003	1008	1018	1019	1020	1024	1025	1032	1035	1036	1041	1045	1047	1050	1051	1052	1053	1057	1059	
18	18	50	1001	1002	1003	1004	1005	1006	1007	1009	1011	1012	1013	1014	1015	1016	1017	1018	1020	1021	1023	1024	1025	1026	1028	1029	1030	1031	1033	1034	1035	1036	1037	1038	1039	1040	1041	1042	1043	1044	1045	1046	1048	1049	1051	1052	1054	1055	1056	1058	1059	1060	
19	19	25	1007	1011	1012	1019	1022	1024	1026	1027	1032	1034	1035	1036	1037	1038	1044	1045	1047	1048	1049	1053	1056	1057	1058	1059	1060	
20	20	15	1002	1006	1009	1013	1014	1016	1019	1022	1024	1031	1038	1040	1044	1053	1059	
21	21	52	1001	1002	1003	1004	1005	1006	1007	1008	1009	1010	1011	1012	1013	1014	1015	1016	1018	1019	1020	1022	1023	1024	1026	1027	1028	1029	1030	1031	1032	1033	1034	1035	1036	1037	1039	1040	1041	1043	1044	1047	1048	1049	1051	1052	1053	1054	1055	1056	1057	1058	1059	1060	
22	22	15	1010	1011	1013	1021	1022	1033	1034	1038	1039	1047	1048	1049	1053	1057	1059	
23	23	37	1001	1002	1003	1004	1006	1007	1008	1009	1011	1014	1016	1017	1019	1020	1021	1022	1024	1027	1028	1029	1030	1032	1034	1035	1037	1038	1039	1042	1043	1046	1047	1048	1052	1053	1056	1057	1058	
24	24	18	1004	1007	1013	1014	1017	1021	1023	1024	1028	1029	1031	1032	1033	1038	1039	1048	1051	1060	
25	25	26	1001	1002	1005	1007	1012	1013	1014	1017	1018	1020	1026	1028	1029	1030	1031	1035	1037	1039	1040	1042	1045	1047	1049	1052	1054	1060	
26	26	58	1001	1002	1003	1005	1006	1007	1008	1009	1010	1011	1012	1013	1014	1015	1016	1017	1018	1019	1020	1021	1022	1023	1024	1025	1026	1027	1028	1029	1030	1031	1032	1033	1034	1035	1036	1037	1038	1039	1040	1041	1042	1044	1045	1046	1047	1048	1049	1050	1051	1052	1053	1054	1055	1056	1057	1058	1059	1060	
27	27	39	1001	1003	1004	1005	1006	1008	1009	1010	1011	1012	1013	1014	1015	1017	1021	1022	1023	1024	1027	1030	1032	1034	1035	1037	1038	1039	1041	1042	1043	1044	1046	1047	1050	1052	1053	1055	1056	1058	1060	
28	28	35	1001	1002	1003	1004	1011	1013	1014	1016	1017	1018	1019	1020	1021	1022	1026	1027	1028	1029	1030	1031	1034	1036	1037	1039	1040	1044	1045	1049	1053	1054	1055	1056	1057	1058	1059	
29	29	35	1001	1004	1006	1007	1008	1011	1012	1014	1015	1017	1018	1020	1021	1022	1024	1030	1031	1032	1033	1035	1038	1039	1040	1042	1044	1046	1049	1050	1051	1054	1056	1057	1058	1059	1060	
30	30	47	1001	1003	1004	1006	1007	1008	1009	1010	1013	1014	1015	1016	1017	1018	1019	1020	1021	1022	1023	1024	1025	1029	1030	1031	1032	1033	1034	1036	1037	1038	1039	1042	1043	1045	1046	1047	1048	1050	1051	1052	1053	1054	1055	1056	1058	1059	1060	
31	31	33	1002	1009	1010	1011	1012	1013	1016	1017	1019	1022	1024	1025	1026	1027	1028	1029	1030	1031	1032	1034	1035	1038	1043	1044	1045	1046	1047	1050	1051	1052	1056	1057	1059	
32	32	42	1001	1002	1004	1005	1007	1008	1010	1012	1014	1015	1017	1018	1020	1022	1023	1024	1026	1027	1028	1029	1030	1031	1033	1034	1035	1036	1037	1038	1039	1041	1043	1044	1047	1048	1049	1050	1051	1052	1054	1058	1059	1060	
33	33	35	1001	1003	1004	1006	1008	1010	1011	1015	1016	1018	1019	1020	1021	1023	1024	1026	1027	1031	1032	1034	1036	1037	1039	1041	1043	1044	1046	1047	1049	1050	1053	1054	1056	1057	1060	
34	34	57	1001	1002	1003	1005	1006	1007	1008	1009	1010	1011	1012	1014	1015	1016	1017	1018	1019	1020	1021	1022	1023	1024	1025	1026	1027	1028	1029	1030	1031	1032	1033	1034	1035	1036	1037	1038	1039	1040	1041	1042	1043	1044	1045	1046	1047	1048	1049	1051	1052	1053	1054	1055	1056	1057	1058	1059	1060	
35	35	60	1001	1002	1003	1004	1005	1006	1007	1008	1009	1010	1011	1012	1013	1014	1015	1016	1017	1018	1019	1020	1021	1022	1023	1024	1025	1026	1027	1028	1029	1030	1031	1032	1033	1034	1035	1036	1037	1038	1039	1040	1041	1042	1043	1044	1045	1046	1047	1048	1049	1050	1051	1052	1053	1054	1055	1056	1057	1058	1059	1060	
36	36	53	1001	1004	1005	1006	1007	1009	1010	1011	1012	1013	1014	1015	1016	1017	1018	1019	1020	1021	1023	1024	1025	1026	1027	1028	1029	1030	1031	1032	1033	1034	1035	1036	1038	1039	1040	1041	1042	1043	1044	1045	1046	1047	1048	1049	1051	1052	1053	1054	1055	1056	1058	1059	1060	
37	37	16	1002	1004	1005	1017	1021	1025	1030	1035	1041	1042	1045	1049	1052	1056	1057	1059	
38	38	33	1002	1005	1007	1008	1011	1012	1013	1016	1017	1018	1021	1024	1025	1026	1028	1030	1031	1032	1033	1036	1037	1039	1043	1045	1046	1047	1052	1054	1056	1057	1058	1059	1060	
39	39	38	1001	1004	1005	1006	1007	1008	1010	1011	1012	1015	1016	1018	1019	1020	1021	1022	1023	1025	1026	1028	1030	1031	1032	1033	1035	1042	1043	1046	1048	1049	1050	1051	1055	1056	1057	1058	1059	1060	
40	40	46	1002	1004	1005	1006	1008	1009	1010	1016	1018	1019	1020	1022	1023	1024	1025	1026	1027	1028	1029	1030	1031	1032	1033	1034	1035	1036	1037	1038	1041	1042	1043	1045	1046	1047	1048	1049	1050	1051	1052	1053	1054	1055	1056	1057	1059	1060	
41	41	59	1001	1002	1003	1004	1005	1006	1007	1008	1009	1010	1011	1012	1013	1015	1016	1017	1018	1019	1020	1021	1022	1023	1024	1025	1026	1027	1028	1029	1030	1031	1032	1033	1034	1035	1036	1037	1038	1039	1040	1041	1042	1043	1044	1045	1046	1047	1048	1049	1050	1051	1052	1053	1054	1055	1056	1057	1058	1059	1060	
42	42	51	1001	1003	1004	1006	1007	1009	1010	1011	1013	1015	1016	1018	1019	1020	1021	1022	1023	1024	1025	1027	1029	1030	1031	1032	1033	1034	1035	1036	1037	1038	1039	1040	1041	1042	1043	1044	1045	1046	1047	1048	1049	1050	1052	1053	1054	1055	1056	1057	1058	1059	1060	
43	43	36	1001	1002	1003	1005	1007	1009	1011	1012	1013	1014	1015	1017	1018	1019	1023	1025	1026	1027	1028	1029	1030	1032	1033	1036	1037	1039	1040	1041	1043	1045	1047	1053	1054	1056	1057	1059	
44	44	41	1001	1003	1005	1006	1008	1009	1010	1011	1013	1014	1016	1018	1020	1022	1023	1024	1025	1028	1029	1030	1031	1032	1033	1035	1036	1038	1039	1042	1043	1045	1046	1048	1049	1051	1052	1053	1054	1055	1058	1059	1060	
45	45	47	1001	1002	1003	1006	1007	1008	1009	1010	1011	1012	1013	1014	1015	1016	1017	1018	1020	1021	1023	1024	1025	1026	1028	1029	1030	1031	1032	1033	1034	1035	1036	1038	1039	1040	1041	1043	1044	1045	1048	1050	1051	1052	1053	1056	1058	1059	1060	
46	46	22	1002	1005	1006	1007	1010	1016	1020	1022	1027	1028	1029	1034	1038	1041	1043	1044	1046	1049	1051	1053	1055	1059	
47	47	30	1002	1005	1006	1008	1009	1010	1011	1015	1018	1019	1021	1023	1029	1030	1031	1034	1035	1038	1039	1042	1044	1046	1048	1049	1051	1053	1055	1056	1057	1059	
48	48	29	1002	1005	1006	1007	1008	1009	1010	1013	1016	1017	1021	1025	1026	1027	1030	1031	1033	1035	1036	1037	1043	1047	1048	1051	1052	1057	1058	1059	1060	
49	49	46	1002	1003	1004	1005	1006	1007	1008	1012	1013	1014	1015	1016	1017	1018	1019	1020	1022	1023	1024	1025	1026	1027	1028	1029	1030	1031	1033	1034	1035	1039	1040	1043	1044	1046	1047	1048	1049	1050	1051	1052	1053	1054	1055	1057	1058	1059	
50	50	32	1001	1003	1005	1008	1010	1011	1012	1017	1018	1019	1020	1021	1022	1023	1025	1029	1032	1034	1037	1039	1040	1041	1042	1047	1048	1049	1050	1051	1053	1055	1057	1059	
51	51	29	1003	1004	1006	1007	1010	1012	1013	1015	1018	1019	1021	1025	1027	1028	1030	1033	1034	1035	1038	1039	1040	1042	1044	1045	1048	1052	1054	1057	1059	
52	52	50	1001	1002	1003	1004	1005	1006	1007	1008	1009	1010	1011	1012	1013	1014	1015	1016	1018	1019	1021	1022	1023	1024	1027	1029	1030	1031	1032	1033	1034	1035	1036	1038	1039	1040	1042	1043	1044	1046	1047	1048	1050	1051	1052	1053	1054	1055	1056	1057	1058	1059	
53	53	22	1005	1008	1009	1013	1015	1017	1022	1024	1030	1031	1032	1036	1038	1040	1041	1042	1043	1045	1046	1048	1050	1055	
54	54	51	1001	1002	1003	1004	1005	1006	1007	1008	1009	1010	1012	1013	1014	1015	1016	1017	1018	1019	1020	1021	1023	1024	1025	1026	1029	1030	1031	1034	1035	1036	1037	1038	1039	1040	1041	1042	1043	1044	1045	1046	1047	1049	1051	1052	1053	1055	1056	1057	1058	1059	1060	
55	55	59	1001	1002	1003	1004	1005	1006	1007	1008	1009	1010	1011	1012	1013	1014	1015	1016	1017	1018	1019	1020	1021	1022	1023	1024	1025	1026	1027	1028	1029	1030	1031	1032	1033	1034	1036	1037	1038	1039	1040	1041	1042	1043	1044	1045	1046	1047	1048	1049	1050	1051	1052	1053	1054	1055	1056	1057	1058	1059	1060	
56	56	42	1002	1003	1005	1006	1007	1009	1010	1011	1017	1018	1020	1021	1023	1024	1025	1026	1027	1030	1031	1033	1034	1035	1036	1037	1038	1039	1040	1041	1042	1043	1044	1045	1046	1047	1048	1049	1050	1051	1056	1058	1059	1060	
57	57	37	1002	1003	1005	1007	1008	1010	1011	1012	1019	1020	1021	1024	1025	1026	1027	1029	1031	1033	1034	1035	1036	1037	1038	1039	1040	1041	1042	1047	1048	1049	1050	1051	1052	1055	1056	1057	1058	
58	58	16	1006	1009	1012	1014	1015	1022	1023	1031	1032	1035	1038	1040	1042	1044	1054	1058	
59	59	25	1004	1006	1007	1008	1010	1014	1015	1018	1019	1022	1023	1026	1027	1030	1032	1034	1035	1038	1039	1040	1046	1047	1049	1051	1057	
60	60	34	1001	1004	1005	1008	1011	1012	1013	1015	1016	1019	1020	1021	1022	1023	1025	1026	1027	1030	1031	1033	1035	1036	1037	1038	1039	1041	1044	1047	1049	1051	1052	1054	1057	1058	
