120
1	1	87	1001	1003	1004	1005	1007	1009	1010	1011	1012	1013	1014	1016	1018	1019	1021	1022	1023	1025	1027	1028	1029	1033	1034	1037	1038	1039	1040	1041	1042	1043	1044	1045	1046	1047	1048	1049	1051	1052	1053	1054	1055	1056	1057	1058	1060	1062	1063	1064	1066	1069	1070	1072	1073	1074	1075	1076	1077	1078	1079	1082	1083	1086	1087	1088	1089	1090	1092	1094	1095	1097	1099	1100	1101	1103	1104	1105	1106	1108	1109	1110	1111	1112	1113	1115	1116	1118	1120	
2	2	97	1001	1002	1003	1004	1006	1008	1009	1010	1011	1012	1013	1014	1015	1016	1018	1019	1020	1021	1022	1023	1026	1027	1028	1029	1031	1032	1033	1034	1035	1036	1037	1039	1040	1041	1042	1043	1044	1045	1046	1047	1051	1052	1053	1054	1055	1056	1057	1059	1060	1061	1062	1063	1064	1065	1066	1068	1070	1072	1073	1074	1075	1077	1078	1079	1080	1081	1082	1083	1085	1086	1088	1089	1090	1091	1092	1093	1094	1096	1097	1098	1101	1102	1103	1104	1105	1106	1107	1108	1109	1110	1112	1113	1114	1116	1117	1119	1120	
3	3	109	1001	1002	1003	1004	1005	1006	1007	1008	1009	1010	1012	1013	1015	1016	1017	1018	1019	1020	1021	1022	1023	1024	1026	1027	1028	1029	1030	1031	1032	1033	1034	1035	1037	1038	1039	1040	1041	1042	1043	1044	1045	1046	1048	1049	1050	1052	1053	1054	1055	1056	1057	1059	1060	1061	1062	1063	1064	1065	1066	1067	1068	1071	1072	1073	1074	1075	1076	1077	1078	1079	1080	1082	1083	1084	1085	1086	1087	1088	1089	1090	1091	1092	1093	1094	1095	1096	1097	1098	1099	1100	1101	1102	1103	1104	1105	1106	1107	1108	1109	1110	1111	1113	1114	1115	1116	1117	1118	1119	1120	
4	4	81	1002	1003	1004	1005	1006	1007	1008	1009	1010	1011	1012	1013	1017	1019	1020	1021	1022	1024	1025	1027	1029	1030	1032	1033	1035	1036	1037	1040	1042	1043	1044	1046	1047	1049	1050	1051	1055	1058	1060	1061	1064	1065	1068	1070	1071	1074	1075	1076	1077	1078	1079	1080	1081	1082	1084	1085	1087	1088	1089	1090	1091	1092	1093	1094	1097	1098	1100	1101	1102	1103	1105	1106	1107	1108	1109	1110	1111	1112	1113	1114	1116	
5	5	30	1001	1012	1014	1016	1018	1021	1024	1032	1035	1037	1042	1043	1044	1056	1057	1058	1066	1068	1073	1082	1086	1089	1091	1095	1096	1097	1102	1106	1112	1119	
6	6	88	1001	1002	1003	1004	1009	1010	1011	1012	1013	1014	1017	1018	1019	1020	1024	1026	1027	1028	1029	1030	1031	1033	1035	1038	1039	1041	1042	1043	1044	1045	1047	1048	1049	1050	1051	1052	1054	1055	1056	1057	1058	1061	1062	1063	1064	1065	1068	1071	1072	1073	1074	1075	1076	1077	1078	1079	1080	1085	1086	1087	1088	1089	1090	1091	1092	1093	1094	1095	1097	1098	1099	1100	1102	1103	1104	1105	1106	1107	1108	1109	1110	1111	1112	1113	1114	1115	1119	1120	
7	7	32	1001	1003	1008	1012	1023	1026	1027	1028	1029	1034	1043	1048	1050	1058	1065	1071	1072	1074	1075	1077	1078	1080	1083	1090	1091	1094	1098	1099	1109	1110	1112	1119	
8	8	38	1001	1006	1008	1009	1011	1012	1016	1020	1021	1022	1026	1032	1034	1036	1045	1047	1053	1054	1056	1060	1063	1067	1068	1072	1076	1077	1081	1087	1088	1091	1100	1101	1109	1113	1114	1116	1118	1120	
9	9	58	1001	1003	1005	1006	1007	1009	1011	1013	1016	1020	1021	1024	1025	1028	1029	1030	1032	1034	1036	1038	1039	1041	1042	1043	1045	1047	1049	1052	1053	1054	1056	1057	1066	1067	1068	1071	1076	1077	1081	1082	1087	1089	1090	1091	1095	1100	1101	1102	1105	1106	1107	1108	1110	1113	1116	1117	1118	1119	
10	10	93	1001	1002	1004	1005	1006	1007	1011	1012	1014	1015	1017	1018	1019	1020	1021	1023	1024	1026	1027	1029	1030	1031	1032	1033	1034	1035	1036	1037	1038	1040	1041	1042	1043	1044	1045	1047	1048	1050	1051	1052	1053	1054	1056	1058	1059	1060	1061	1062	1063	1064	1065	1066	1067	1070	1071	1075	1076	1077	1078	1079	1082	1083	1084	1085	1086	1087	1088	1089	1092	1093	1094	1097	1098	1100	1101	1102	1103	1104	1105	1106	1107	1108	1109	1110	1111	1112	1113	1114	1115	1116	1117	1118	1119	
11	11	71	1001	1004	1008	1010	1012	1013	1014	1016	1018	1021	1022	1027	1030	1031	1035	1036	1037	1039	1042	1043	1045	1046	1048	1049	1050	1051	1053	1055	1056	1057	1058	1061	1063	1064	1065	1066	1068	1069	1070	1072	1073	1075	1076	1077	1079	1080	1082	1085	1086	1087	1089	1090	1093	1095	1096	1097	1100	1101	1102	1103	1105	1106	1107	1108	1109	1111	1112	1113	1114	1115	1118	
12	12	91	1001	1004	1005	1006	1007	1008	1009	1010	1012	1013	1014	1015	1016	1017	1018	1019	1020	1021	1022	1023	1025	1026	1027	1029	1030	1031	1032	1033	1034	1035	1037	1039	1041	1043	1044	1046	1048	1049	1050	1052	1053	1054	1056	1057	1059	1060	1061	1062	1063	1064	1065	1067	1069	1070	1071	1072	1074	1075	1077	1078	1079	1080	1082	1083	1084	1085	1087	1088	1090	1091	1093	1094	1096	1097	1098	1099	1100	1101	1102	1104	1106	1108	1109	1110	1112	1114	1116	1117	1118	1119	1120	
13	13	113	1001	1002	1003	1004	1005	1006	1007	1008	1009	1010	1011	1012	1013	1014	1015	1016	1018	1019	1020	1021	1022	1023	1024	1025	1026	1027	1028	1029	1030	1031	1032	1033	1034	1035	1036	1037	1038	1039	1040	1041	1043	1044	1045	1046	1047	1048	1049	1050	1051	1052	1053	1055	1056	1057	1058	1059	1060	1061	1062	1063	1064	1065	1066	1067	1068	1069	1070	1071	1072	1073	1074	1075	1076	1077	1078	1079	1080	1082	1083	1084	1085	1086	1087	1088	1089	1090	1091	1092	1093	1095	1096	1097	1098	1099	1100	1101	1102	1103	1104	1105	1106	1107	1108	1110	1111	1112	1113	1114	1115	1116	1118	1119	1120	
14	14	34	1002	1004	1007	1017	1021	1026	1030	1035	1039	1042	1044	1046	1049	1050	1052	1054	1060	1063	1072	1074	1078	1079	1081	1084	1085	1089	1091	1101	1103	1104	1107	1111	1117	1120	
15	15	35	1002	1004	1007	1011	1013	1015	1021	1022	1023	1024	1025	1026	1028	1035	1037	1052	1053	1058	1060	1065	1067	1069	1070	1071	1074	1083	1084	1085	1089	1091	1098	1112	1114	1118	1120	
16	16	97	1001	1002	1003	1004	1005	1006	1007	1008	1009	1010	1011	1013	1014	1015	1016	1017	1019	1020	1021	1022	1023	1025	1026	1028	1029	1030	1031	1033	1034	1038	1039	1040	1041	1042	1044	1045	1046	1047	1048	1049	1052	1053	1054	1055	1056	1057	1058	1059	1060	1061	1062	1064	1065	1066	1067	1069	1070	1071	1073	1074	1075	1076	1077	1078	1080	1082	1083	1084	1086	1087	1088	1089	1090	1091	1092	1093	1094	1095	1096	1097	1098	1099	1101	1102	1103	1104	1105	1106	1107	1109	1110	1111	1113	1114	1115	1116	1117	
17	17	52	1001	1006	1007	1008	1009	1010	1011	1012	1013	1015	1016	1021	1028	1033	1038	1040	1043	1044	1049	1050	1051	1052	1054	1058	1060	1063	1065	1066	1067	1070	1073	1075	1076	1080	1082	1084	1085	1090	1092	1094	1096	1102	1103	1104	1105	1107	1108	1109	1110	1111	1119	1120	
18	18	84	1001	1002	1004	1005	1006	1007	1008	1010	1011	1012	1014	1015	1016	1017	1018	1021	1022	1023	1024	1025	1027	1028	1029	1030	1033	1034	1035	1036	1037	1038	1039	1040	1042	1044	1045	1046	1050	1052	1054	1056	1058	1059	1061	1062	1063	1065	1066	1067	1068	1069	1071	1072	1073	1074	1077	1078	1079	1080	1081	1084	1085	1086	1088	1089	1090	1094	1095	1096	1097	1098	1099	1101	1103	1104	1105	1106	1107	1108	1109	1113	1114	1115	1116	1120	
19	19	36	1001	1004	1010	1011	1013	1021	1027	1029	1030	1034	1038	1041	1042	1043	1051	1053	1055	1056	1058	1059	1060	1071	1075	1078	1088	1092	1093	1094	1096	1100	1103	1108	1109	1113	1117	1118	
20	20	56	1003	1004	1006	1009	1010	1014	1016	1018	1022	1026	1027	1028	1031	1033	1034	1038	1040	1042	1044	1045	1047	1049	1051	1052	1054	1057	1059	1060	1063	1064	1068	1071	1076	1078	1079	1080	1082	1086	1087	1088	1090	1092	1094	1095	1097	1098	1100	1104	1105	1107	1108	1110	1116	1118	1119	1120	
21	21	77	1005	1006	1008	1009	1011	1012	1013	1014	1015	1018	1021	1023	1024	1025	1026	1027	1028	1029	1030	1032	1033	1035	1036	1040	1042	1046	1047	1048	1049	1050	1052	1053	1054	1055	1056	1058	1059	1061	1062	1064	1067	1068	1069	1070	1071	1073	1074	1075	1076	1077	1078	1079	1081	1083	1084	1085	1088	1089	1090	1091	1095	1096	1099	1100	1101	1102	1103	1104	1105	1107	1108	1109	1111	1115	1116	1118	1120	
22	22	84	1007	1009	1010	1011	1012	1014	1015	1016	1017	1021	1022	1023	1024	1025	1026	1028	1030	1032	1034	1035	1036	1039	1040	1042	1043	1044	1045	1046	1047	1048	1049	1050	1051	1052	1053	1055	1057	1058	1059	1063	1064	1065	1069	1070	1071	1073	1074	1075	1076	1077	1079	1081	1083	1084	1085	1086	1087	1088	1090	1091	1093	1094	1095	1096	1097	1098	1099	1100	1101	1102	1103	1104	1105	1108	1109	1111	1112	1113	1114	1115	1116	1117	1118	1119	
23	23	88	1002	1003	1004	1007	1008	1009	1010	1011	1012	1013	1014	1015	1016	1019	1020	1021	1022	1024	1025	1026	1027	1029	1030	1031	1032	1033	1035	1036	1037	1038	1039	1040	1041	1042	1044	1045	1048	1049	1050	1051	1053	1054	1055	1056	1057	1058	1059	1060	1062	1063	1065	1066	1069	1070	1071	1072	1074	1075	1076	1077	1078	1080	1081	1083	1085	1088	1089	1090	1093	1094	1096	1097	1098	1099	1100	1101	1102	1104	1105	1106	1107	1108	1112	1113	1116	1117	1118	1120	
24	24	29	1003	1004	1007	1009	1012	1013	1023	1025	1030	1038	1042	1047	1051	1053	1055	1062	1071	1073	1076	1078	1079	1089	1098	1101	1104	1108	1113	1117	1118	
25	25	33	1001	1002	1006	1007	1009	1013	1016	1019	1022	1023	1024	1028	1030	1041	1045	1047	1049	1050	1059	1062	1065	1068	1074	1084	1091	1092	1094	1095	1100	1103	1104	1114	1116	
26	26	80	1001	1002	1003	1005	1006	1007	1010	1011	1013	1014	1015	1016	1018	1019	1020	1021	1022	1023	1024	1026	1027	1028	1031	1034	1035	1038	1039	1040	1041	1042	1043	1044	1045	1046	1048	1049	1050	1051	1052	1053	1056	1057	1058	1060	1061	1062	1063	1064	1065	1066	1069	1070	1073	1079	1080	1081	1082	1083	1084	1087	1088	1089	1090	1093	1094	1095	1097	1098	1099	1101	1102	1103	1105	1106	1107	1108	1109	1110	1119	1120	
27	27	93	1001	1002	1003	1005	1006	1007	1009	1010	1011	1013	1014	1016	1017	1020	1021	1022	1023	1025	1027	1028	1029	1030	1031	1032	1033	1034	1035	1036	1037	1039	1040	1041	1043	1044	1045	1046	1047	1048	1049	1050	1051	1052	1054	1055	1056	1057	1058	1060	1061	1062	1063	1064	1067	1068	1069	1070	1071	1074	1078	1079	1080	1081	1082	1083	1084	1087	1088	1089	1090	1091	1092	1093	1094	1095	1097	1098	1100	1101	1103	1104	1105	1106	1108	1109	1111	1113	1114	1115	1116	1117	1118	1119	1120	
28	28	58	1001	1004	1005	1007	1008	1011	1012	1013	1014	1015	1017	1018	1020	1024	1026	1029	1032	1033	1034	1037	1039	1042	1046	1049	1050	1052	1055	1060	1061	1062	1063	1064	1066	1068	1072	1073	1075	1076	1078	1079	1080	1084	1086	1087	1090	1091	1092	1096	1098	1101	1102	1105	1109	1113	1115	1116	1119	1120	
29	29	97	1001	1002	1003	1004	1006	1011	1013	1014	1015	1016	1017	1018	1019	1020	1023	1024	1025	1026	1027	1028	1029	1030	1031	1032	1035	1036	1039	1040	1041	1042	1043	1046	1047	1048	1049	1050	1051	1052	1053	1054	1055	1056	1057	1058	1059	1060	1061	1064	1065	1066	1067	1068	1069	1070	1071	1072	1073	1074	1075	1076	1077	1078	1079	1082	1083	1084	1085	1086	1087	1088	1089	1090	1091	1092	1093	1095	1096	1097	1098	1099	1101	1103	1104	1106	1107	1108	1109	1110	1111	1112	1113	1114	1115	1116	1117	1118	1120	
30	30	79	1002	1005	1006	1007	1008	1009	1011	1012	1013	1015	1016	1018	1021	1022	1023	1025	1027	1028	1029	1030	1031	1032	1033	1034	1040	1042	1043	1046	1047	1048	1051	1052	1054	1056	1057	1058	1059	1060	1061	1063	1064	1065	1066	1067	1068	1069	1070	1071	1073	1074	1075	1076	1077	1079	1080	1083	1084	1086	1087	1088	1090	1091	1092	1096	1098	1099	1102	1103	1105	1106	1108	1109	1111	1113	1114	1115	1116	1117	1119	
31	31	110	1001	1002	1003	1005	1006	1007	1008	1009	1010	1011	1012	1013	1014	1015	1016	1017	1018	1019	1020	1021	1022	1023	1024	1025	1026	1027	1028	1030	1031	1032	1033	1034	1035	1036	1037	1038	1039	1040	1041	1042	1043	1044	1045	1046	1047	1048	1049	1050	1051	1052	1053	1054	1055	1056	1057	1058	1059	1060	1061	1062	1063	1064	1065	1066	1067	1068	1069	1070	1071	1072	1073	1074	1075	1076	1078	1079	1080	1082	1083	1084	1085	1086	1088	1089	1090	1091	1092	1093	1094	1095	1097	1098	1100	1101	1102	1103	1104	1105	1106	1107	1108	1109	1110	1111	1112	1113	1114	1117	1119	1120	
32	32	110	1001	1002	1003	1004	1005	1006	1007	1008	1009	1010	1011	1013	1014	1016	1017	1018	1020	1021	1022	1023	1024	1025	1026	1027	1028	1029	1031	1032	1033	1034	1035	1036	1037	1038	1039	1040	1041	1042	1043	1045	1046	1047	1048	1050	1051	1052	1053	1054	1055	1057	1058	1059	1060	1061	1063	1064	1065	1066	1067	1069	1070	1071	1072	1073	1074	1075	1076	1077	1078	1079	1080	1081	1082	1083	1084	1085	1086	1087	1088	1089	1090	1091	1093	1094	1095	1096	1097	1098	1099	1100	1101	1102	1103	1104	1105	1106	1107	1108	1109	1110	1111	1112	1113	1114	1115	1116	1117	1118	1119	1120	
33	33	31	1010	1015	1018	1021	1022	1029	1031	1032	1035	1037	1042	1043	1044	1048	1050	1052	1055	1056	1060	1061	1063	1078	1079	1081	1085	1087	1092	1109	1110	1111	1119	
34	34	101	1001	1002	1003	1004	1005	1007	1008	1009	1010	1012	1013	1014	1016	1017	1018	1019	1021	1022	1023	1024	1025	1027	1028	1029	1030	1031	1032	1033	1034	1035	1036	1037	1038	1039	1040	1041	1042	1043	1045	1046	1048	1049	1051	1052	1053	1054	1055	1057	1058	1059	1060	1061	1062	1063	1064	1065	1066	1067	1068	1069	1070	1071	1072	1073	1074	1075	1077	1078	1079	1080	1081	1082	1083	1084	1085	1086	1088	1089	1090	1092	1093	1094	1095	1096	1097	1098	1099	1100	1101	1103	1104	1105	1106	1110	1111	1112	1113	1114	1115	1116	1119	
35	35	47	1001	1003	1004	1007	1008	1017	1019	1023	1029	1032	1034	1036	1038	1040	1042	1047	1048	1049	1051	1053	1054	1060	1066	1068	1070	1073	1075	1078	1080	1081	1085	1086	1088	1091	1095	1096	1100	1101	1102	1103	1104	1106	1111	1112	1114	1115	1118	
36	36	38	1001	1003	1004	1005	1010	1015	1017	1022	1028	1030	1033	1035	1039	1040	1042	1048	1049	1050	1051	1058	1061	1070	1073	1077	1080	1082	1084	1088	1090	1092	1093	1094	1099	1104	1106	1112	1118	1120	
37	37	41	1008	1014	1016	1019	1023	1028	1029	1034	1036	1037	1038	1039	1040	1041	1042	1043	1044	1046	1047	1049	1050	1051	1053	1056	1057	1059	1061	1065	1066	1067	1068	1078	1083	1088	1091	1093	1098	1100	1101	1106	1116	
38	38	40	1002	1003	1004	1007	1010	1016	1017	1020	1028	1029	1030	1032	1036	1039	1044	1048	1049	1053	1060	1062	1064	1065	1068	1074	1077	1078	1089	1093	1095	1096	1097	1099	1105	1106	1107	1109	1110	1115	1116	1117	
39	39	41	1006	1007	1008	1010	1013	1015	1022	1024	1028	1032	1035	1037	1043	1047	1048	1051	1052	1053	1054	1064	1068	1069	1070	1071	1076	1081	1083	1088	1089	1090	1093	1094	1095	1097	1102	1103	1110	1111	1114	1118	1119	
40	40	53	1005	1008	1011	1012	1013	1014	1019	1021	1022	1026	1027	1028	1029	1030	1033	1034	1037	1041	1046	1048	1050	1051	1052	1053	1054	1055	1059	1060	1066	1068	1071	1074	1076	1077	1080	1081	1090	1091	1093	1094	1095	1096	1099	1100	1101	1103	1104	1105	1108	1110	1113	1118	1119	
41	41	48	1002	1004	1006	1021	1023	1027	1028	1030	1031	1032	1033	1037	1042	1044	1045	1048	1049	1050	1055	1056	1058	1060	1063	1064	1065	1068	1069	1075	1078	1081	1082	1083	1086	1087	1091	1092	1093	1100	1102	1104	1105	1107	1110	1111	1113	1114	1117	1119	
42	42	80	1001	1002	1003	1007	1008	1009	1010	1011	1013	1015	1016	1017	1018	1019	1020	1021	1025	1027	1028	1029	1031	1032	1034	1036	1037	1040	1041	1043	1044	1046	1047	1048	1049	1051	1053	1054	1055	1056	1057	1058	1059	1060	1061	1062	1067	1070	1071	1073	1074	1076	1078	1080	1084	1085	1087	1088	1089	1090	1091	1093	1094	1096	1097	1098	1099	1100	1101	1102	1103	1104	1105	1106	1107	1110	1111	1113	1114	1116	1118	1119	
43	43	85	1001	1002	1004	1005	1007	1009	1010	1011	1012	1013	1014	1015	1016	1017	1018	1019	1020	1024	1025	1026	1027	1028	1029	1031	1032	1033	1036	1037	1038	1039	1040	1041	1042	1043	1044	1045	1046	1048	1050	1051	1055	1056	1057	1058	1059	1061	1062	1063	1065	1069	1070	1071	1072	1073	1075	1076	1077	1078	1079	1080	1082	1083	1084	1086	1088	1092	1093	1094	1096	1099	1101	1102	1104	1107	1108	1109	1110	1111	1112	1113	1114	1116	1117	1118	1120	
44	44	49	1003	1005	1008	1009	1011	1014	1017	1018	1019	1020	1022	1024	1026	1029	1030	1031	1040	1041	1042	1044	1046	1048	1049	1050	1051	1052	1053	1054	1058	1059	1062	1065	1067	1069	1075	1080	1083	1084	1086	1087	1091	1092	1093	1095	1096	1100	1103	1115	1119	
45	45	106	1001	1002	1003	1004	1005	1007	1008	1009	1011	1012	1013	1014	1015	1016	1017	1018	1020	1021	1023	1024	1025	1027	1028	1029	1030	1031	1032	1033	1034	1035	1037	1038	1039	1040	1041	1042	1043	1044	1046	1047	1048	1049	1050	1051	1052	1053	1054	1055	1056	1057	1058	1059	1060	1061	1062	1063	1064	1065	1066	1068	1069	1071	1073	1074	1075	1076	1077	1078	1079	1081	1082	1083	1084	1085	1086	1087	1088	1089	1090	1091	1093	1094	1095	1096	1097	1098	1099	1100	1101	1102	1103	1104	1106	1107	1108	1109	1110	1111	1112	1113	1115	1116	1117	1118	1119	1120	
46	46	91	1002	1003	1004	1005	1006	1008	1009	1010	1011	1013	1014	1016	1017	1018	1020	1021	1022	1023	1024	1025	1026	1028	1029	1030	1031	1032	1033	1034	1037	1038	1039	1040	1041	1042	1043	1044	1045	1047	1048	1049	1050	1051	1053	1057	1058	1059	1060	1062	1063	1064	1065	1066	1067	1068	1069	1071	1072	1073	1074	1076	1077	1079	1080	1083	1086	1087	1088	1089	1090	1091	1093	1094	1095	1096	1097	1098	1099	1100	1101	1103	1104	1107	1108	1109	1110	1112	1114	1115	1117	1119	1120	
47	47	89	1001	1002	1006	1007	1008	1009	1011	1012	1013	1014	1016	1017	1018	1019	1020	1022	1024	1026	1027	1029	1030	1031	1032	1033	1034	1035	1036	1037	1038	1039	1040	1041	1042	1043	1045	1046	1047	1048	1049	1051	1052	1055	1058	1059	1060	1061	1062	1063	1064	1065	1067	1068	1070	1071	1072	1073	1074	1076	1077	1078	1079	1080	1083	1084	1086	1088	1090	1092	1093	1095	1096	1097	1099	1100	1102	1103	1104	1105	1106	1107	1108	1111	1112	1113	1116	1117	1118	1119	1120	
48	48	77	1001	1002	1004	1006	1007	1008	1010	1011	1012	1015	1016	1018	1020	1021	1022	1023	1024	1026	1028	1030	1031	1033	1035	1036	1039	1041	1044	1046	1047	1049	1050	1051	1052	1053	1054	1055	1056	1058	1059	1060	1061	1062	1063	1064	1066	1068	1069	1071	1073	1075	1076	1078	1079	1080	1082	1086	1087	1088	1089	1090	1092	1093	1094	1095	1096	1100	1102	1104	1105	1110	1111	1112	1113	1114	1118	1119	1120	
49	49	52	1001	1005	1009	1018	1019	1023	1025	1030	1031	1035	1037	1038	1040	1041	1042	1043	1047	1051	1052	1053	1054	1056	1059	1061	1064	1065	1067	1068	1070	1075	1076	1077	1081	1082	1087	1090	1091	1092	1095	1097	1099	1102	1105	1106	1110	1111	1112	1113	1114	1116	1117	1119	
50	50	50	1008	1009	1014	1017	1019	1022	1023	1024	1026	1027	1028	1035	1036	1039	1041	1042	1046	1048	1049	1050	1060	1061	1062	1063	1068	1072	1073	1076	1078	1083	1084	1085	1086	1087	1088	1089	1090	1091	1094	1095	1097	1098	1101	1102	1104	1105	1106	1110	1111	1116	
51	51	52	1003	1004	1008	1009	1012	1013	1020	1021	1024	1027	1031	1033	1034	1035	1036	1037	1041	1043	1044	1046	1050	1052	1053	1055	1057	1058	1060	1061	1068	1070	1073	1074	1075	1076	1079	1080	1081	1086	1087	1089	1092	1094	1096	1097	1102	1109	1114	1116	1117	1118	1119	1120	
52	52	67	1001	1003	1006	1009	1010	1011	1012	1015	1016	1018	1019	1021	1023	1024	1025	1026	1027	1031	1033	1034	1035	1036	1037	1040	1042	1044	1045	1047	1048	1049	1052	1056	1059	1062	1064	1066	1067	1070	1071	1072	1078	1079	1082	1087	1088	1089	1091	1092	1093	1094	1096	1097	1098	1099	1101	1103	1104	1105	1106	1107	1110	1112	1113	1114	1115	1116	1120	
53	53	112	1001	1002	1003	1004	1005	1006	1007	1008	1009	1010	1011	1012	1013	1014	1015	1016	1017	1018	1019	1021	1022	1023	1024	1025	1026	1028	1029	1030	1032	1034	1035	1036	1037	1038	1039	1040	1041	1042	1043	1045	1046	1047	1048	1049	1050	1051	1052	1053	1054	1055	1056	1057	1058	1059	1060	1061	1062	1064	1065	1066	1067	1068	1069	1070	1071	1072	1073	1074	1075	1076	1077	1078	1079	1080	1081	1083	1084	1085	1086	1087	1088	1089	1090	1091	1093	1094	1095	1096	1097	1098	1099	1100	1101	1102	1103	1104	1105	1106	1107	1108	1109	1110	1111	1112	1113	1114	1115	1116	1117	1118	1119	1120	
54	54	72	1001	1003	1009	1010	1011	1017	1018	1019	1021	1022	1023	1026	1029	1030	1031	1032	1034	1035	1037	1040	1042	1044	1045	1046	1048	1049	1050	1051	1052	1053	1054	1056	1057	1058	1059	1063	1064	1066	1067	1068	1070	1071	1072	1074	1075	1076	1077	1080	1081	1082	1083	1084	1086	1087	1089	1090	1091	1092	1093	1095	1097	1098	1099	1102	1105	1107	1108	1110	1111	1114	1116	1120	
55	55	32	1004	1008	1018	1022	1027	1029	1037	1038	1042	1046	1059	1063	1068	1071	1072	1073	1076	1078	1080	1081	1084	1087	1088	1089	1090	1091	1094	1099	1102	1108	1114	1116	
56	56	31	1002	1010	1012	1015	1023	1024	1025	1026	1035	1041	1043	1044	1045	1047	1050	1058	1060	1068	1070	1076	1078	1081	1089	1092	1093	1101	1102	1104	1105	1107	1112	
57	57	25	1003	1007	1009	1020	1021	1027	1030	1037	1044	1045	1048	1051	1053	1061	1070	1075	1076	1077	1080	1082	1083	1100	1108	1109	1120	
58	58	57	1004	1005	1006	1010	1012	1013	1018	1020	1021	1022	1024	1026	1027	1028	1029	1030	1032	1035	1040	1041	1043	1045	1046	1048	1050	1054	1055	1056	1063	1064	1066	1068	1070	1071	1074	1076	1078	1079	1083	1087	1093	1098	1100	1101	1102	1104	1105	1106	1107	1109	1110	1111	1114	1115	1116	1117	1120	
59	59	101	1002	1003	1005	1006	1007	1008	1009	1010	1011	1012	1013	1014	1016	1017	1018	1019	1020	1021	1023	1024	1025	1026	1027	1028	1029	1030	1032	1033	1034	1035	1037	1038	1039	1040	1041	1042	1043	1046	1047	1048	1050	1051	1052	1053	1054	1055	1056	1057	1058	1059	1060	1061	1062	1063	1064	1065	1066	1068	1069	1072	1073	1075	1076	1077	1078	1079	1081	1082	1083	1084	1085	1086	1087	1088	1089	1090	1091	1092	1094	1095	1096	1098	1100	1101	1102	1103	1104	1105	1106	1107	1108	1109	1110	1111	1112	1113	1115	1116	1117	1119	1120	
60	60	63	1002	1003	1008	1009	1011	1013	1014	1017	1019	1020	1023	1026	1027	1028	1029	1031	1032	1036	1045	1046	1047	1048	1050	1051	1053	1056	1060	1061	1068	1069	1070	1071	1073	1074	1075	1076	1077	1078	1079	1080	1081	1082	1083	1084	1085	1086	1088	1090	1091	1094	1095	1096	1098	1101	1102	1103	1105	1107	1108	1109	1110	1113	1115	
61	61	40	1001	1002	1010	1011	1017	1018	1022	1025	1029	1031	1039	1042	1050	1052	1055	1059	1062	1063	1064	1072	1073	1074	1076	1077	1078	1079	1080	1083	1094	1098	1099	1102	1103	1104	1105	1109	1110	1112	1119	1120	
62	62	44	1004	1007	1008	1009	1011	1013	1014	1015	1021	1024	1027	1030	1031	1032	1036	1039	1041	1048	1056	1058	1061	1066	1069	1070	1072	1074	1075	1076	1077	1080	1081	1082	1087	1092	1093	1097	1098	1100	1101	1105	1109	1110	1118	1120	
63	63	64	1001	1003	1006	1009	1010	1011	1012	1013	1014	1019	1020	1021	1023	1025	1026	1027	1029	1030	1031	1032	1033	1034	1035	1036	1038	1041	1044	1049	1051	1053	1056	1058	1059	1061	1067	1068	1069	1070	1071	1072	1073	1075	1078	1079	1083	1084	1085	1089	1090	1091	1094	1095	1096	1100	1101	1104	1105	1106	1109	1110	1111	1112	1113	1117	
64	64	56	1001	1002	1005	1006	1008	1011	1012	1014	1021	1026	1027	1031	1032	1034	1035	1036	1037	1038	1040	1041	1042	1043	1047	1049	1051	1052	1054	1059	1060	1061	1062	1067	1070	1072	1073	1074	1075	1076	1080	1081	1082	1084	1085	1087	1090	1096	1100	1101	1102	1104	1105	1106	1107	1108	1111	1119	
65	65	91	1001	1003	1004	1005	1007	1008	1009	1011	1012	1013	1014	1016	1017	1018	1019	1020	1021	1022	1023	1027	1028	1029	1030	1031	1033	1035	1038	1040	1041	1042	1043	1045	1046	1047	1048	1049	1050	1051	1052	1053	1054	1055	1056	1057	1058	1059	1061	1063	1065	1066	1067	1069	1070	1071	1072	1073	1074	1075	1076	1077	1080	1081	1082	1083	1084	1085	1087	1088	1089	1091	1092	1093	1094	1095	1096	1097	1098	1099	1101	1102	1104	1105	1106	1107	1108	1109	1112	1113	1114	1118	1120	
66	66	48	1001	1002	1005	1008	1010	1011	1012	1013	1015	1027	1030	1032	1034	1035	1036	1038	1041	1043	1045	1046	1048	1051	1054	1055	1057	1058	1060	1065	1067	1068	1071	1075	1076	1083	1084	1089	1090	1095	1096	1099	1100	1103	1109	1114	1115	1117	1119	1120	
67	67	42	1001	1003	1005	1006	1009	1011	1015	1019	1021	1023	1024	1025	1029	1030	1033	1035	1038	1040	1046	1048	1060	1064	1065	1068	1070	1071	1072	1081	1082	1085	1086	1088	1089	1092	1093	1094	1105	1106	1113	1114	1117	1120	
68	68	28	1002	1009	1013	1014	1018	1019	1022	1025	1029	1031	1032	1033	1039	1041	1049	1057	1060	1066	1076	1079	1080	1091	1095	1102	1106	1109	1118	1120	
69	69	101	1001	1002	1003	1004	1006	1007	1008	1009	1010	1011	1012	1013	1014	1015	1016	1017	1018	1019	1020	1021	1022	1023	1024	1026	1027	1028	1029	1031	1032	1033	1036	1037	1038	1039	1040	1041	1042	1043	1044	1045	1046	1047	1048	1049	1050	1051	1052	1055	1057	1059	1060	1061	1062	1063	1065	1066	1068	1069	1071	1073	1074	1075	1076	1077	1078	1079	1080	1082	1083	1084	1085	1086	1087	1088	1090	1091	1094	1095	1096	1097	1098	1099	1100	1101	1103	1104	1105	1106	1107	1108	1109	1110	1111	1112	1113	1114	1116	1117	1118	1119	1120	
70	70	87	1001	1002	1003	1005	1006	1008	1009	1010	1011	1012	1013	1014	1016	1018	1020	1022	1023	1024	1025	1026	1027	1028	1029	1030	1035	1036	1038	1040	1042	1043	1045	1046	1049	1050	1051	1052	1053	1055	1057	1058	1059	1060	1061	1063	1064	1065	1066	1067	1068	1070	1071	1072	1073	1075	1076	1077	1078	1080	1081	1082	1083	1084	1085	1087	1088	1092	1093	1094	1095	1099	1100	1101	1103	1104	1106	1107	1108	1109	1110	1111	1112	1113	1114	1116	1118	1119	1120	
71	71	31	1003	1006	1007	1012	1019	1023	1024	1025	1028	1032	1033	1034	1038	1045	1047	1048	1049	1051	1054	1055	1064	1066	1074	1075	1080	1082	1084	1096	1098	1106	1114	
72	72	33	1001	1004	1005	1009	1011	1018	1020	1022	1023	1030	1032	1034	1037	1038	1040	1045	1052	1053	1060	1062	1064	1065	1069	1072	1076	1087	1089	1095	1096	1108	1115	1117	1120	
73	73	66	1001	1002	1003	1004	1005	1008	1009	1013	1015	1016	1018	1021	1023	1024	1025	1026	1031	1033	1034	1036	1037	1038	1039	1040	1041	1042	1043	1045	1048	1049	1050	1054	1055	1059	1060	1062	1064	1066	1067	1068	1069	1072	1076	1077	1078	1080	1081	1087	1090	1093	1094	1095	1099	1101	1102	1104	1106	1107	1108	1110	1113	1115	1116	1117	1118	1119	
74	74	90	1001	1003	1005	1006	1007	1009	1011	1012	1013	1015	1016	1017	1018	1019	1022	1023	1024	1025	1026	1027	1028	1030	1031	1032	1033	1035	1036	1037	1038	1039	1041	1042	1043	1044	1046	1047	1048	1050	1054	1055	1056	1057	1058	1059	1063	1064	1065	1067	1068	1069	1070	1071	1072	1073	1074	1075	1076	1079	1080	1082	1083	1084	1086	1088	1089	1091	1093	1094	1095	1096	1097	1098	1099	1100	1101	1102	1103	1106	1107	1108	1109	1110	1111	1112	1114	1115	1116	1117	1119	1120	
75	75	118	1001	1002	1003	1004	1005	1006	1007	1008	1009	1010	1011	1012	1013	1014	1015	1016	1017	1018	1019	1020	1021	1022	1023	1024	1025	1026	1027	1028	1029	1030	1031	1032	1033	1034	1035	1036	1037	1038	1039	1040	1041	1042	1043	1044	1045	1046	1047	1048	1049	1050	1051	1052	1053	1054	1055	1056	1057	1058	1059	1060	1061	1062	1063	1064	1065	1066	1067	1068	1069	1070	1071	1072	1073	1074	1075	1076	1077	1078	1079	1080	1081	1083	1084	1085	1086	1087	1088	1089	1090	1091	1092	1093	1094	1095	1096	1097	1098	1099	1100	1101	1102	1103	1104	1105	1106	1107	1109	1110	1111	1112	1113	1114	1115	1116	1117	1118	1119	1120	
76	76	91	1002	1005	1006	1008	1010	1011	1012	1013	1014	1016	1017	1018	1020	1021	1023	1024	1025	1026	1028	1029	1031	1032	1033	1034	1035	1036	1037	1038	1039	1040	1041	1043	1044	1045	1046	1047	1048	1049	1051	1052	1054	1055	1056	1057	1058	1059	1060	1062	1064	1065	1066	1067	1068	1069	1070	1072	1073	1074	1075	1076	1077	1078	1079	1080	1081	1082	1083	1084	1085	1086	1087	1088	1089	1090	1092	1093	1097	1099	1100	1102	1105	1106	1107	1108	1111	1113	1114	1116	1117	1118	1120	
77	77	78	1002	1003	1004	1007	1009	1010	1011	1012	1013	1015	1016	1017	1018	1020	1024	1025	1027	1028	1029	1031	1032	1033	1038	1039	1040	1041	1044	1046	1047	1048	1049	1050	1051	1053	1054	1058	1059	1061	1063	1065	1068	1069	1070	1073	1077	1078	1079	1080	1081	1082	1083	1084	1085	1087	1089	1090	1091	1092	1094	1097	1098	1099	1100	1101	1103	1105	1106	1107	1109	1110	1111	1112	1113	1114	1115	1117	1118	1119	
78	78	71	1003	1004	1011	1013	1014	1016	1018	1019	1022	1023	1024	1025	1027	1028	1029	1030	1034	1036	1038	1044	1045	1047	1048	1050	1053	1054	1056	1059	1061	1062	1064	1066	1067	1068	1070	1071	1072	1073	1074	1076	1077	1078	1079	1081	1083	1084	1085	1087	1088	1090	1091	1095	1097	1098	1100	1102	1103	1104	1105	1106	1107	1109	1110	1111	1112	1113	1114	1115	1116	1117	1120	
79	79	81	1003	1005	1007	1009	1010	1011	1012	1013	1014	1015	1016	1017	1020	1022	1023	1024	1025	1026	1027	1028	1029	1032	1033	1037	1038	1039	1040	1041	1042	1044	1046	1047	1050	1051	1052	1053	1054	1056	1057	1059	1060	1061	1062	1063	1064	1065	1066	1067	1069	1070	1072	1074	1078	1079	1080	1081	1082	1083	1084	1085	1086	1087	1088	1089	1092	1095	1096	1097	1098	1100	1102	1103	1106	1107	1109	1110	1112	1114	1116	1118	1120	
80	80	42	1001	1004	1007	1011	1012	1018	1023	1026	1030	1035	1037	1038	1039	1041	1047	1051	1055	1056	1058	1061	1062	1065	1068	1071	1073	1075	1080	1081	1082	1084	1088	1089	1092	1096	1099	1103	1104	1108	1114	1115	1118	1120	
81	81	71	1001	1002	1003	1004	1005	1006	1008	1009	1011	1014	1015	1016	1017	1019	1020	1021	1026	1027	1030	1033	1034	1035	1036	1037	1038	1040	1041	1042	1047	1048	1049	1052	1055	1056	1057	1060	1063	1065	1066	1067	1069	1071	1073	1074	1075	1076	1078	1079	1080	1082	1084	1085	1086	1087	1088	1090	1091	1094	1097	1099	1100	1101	1102	1104	1105	1106	1107	1115	1116	1117	1120	
82	82	50	1004	1014	1016	1018	1019	1021	1022	1023	1024	1027	1028	1035	1037	1038	1039	1043	1044	1045	1052	1055	1057	1058	1059	1064	1070	1071	1073	1074	1075	1078	1082	1085	1086	1089	1090	1091	1092	1093	1097	1098	1101	1104	1107	1108	1110	1114	1115	1117	1118	1119	
83	83	117	1001	1002	1003	1004	1005	1006	1007	1009	1010	1011	1012	1013	1014	1015	1016	1017	1018	1019	1020	1021	1022	1023	1024	1025	1026	1027	1029	1030	1031	1032	1033	1034	1035	1036	1037	1038	1039	1040	1041	1042	1043	1044	1045	1046	1047	1048	1049	1050	1051	1052	1053	1054	1055	1057	1058	1059	1060	1061	1062	1063	1064	1065	1066	1067	1068	1069	1070	1071	1072	1073	1074	1075	1076	1077	1078	1079	1080	1081	1082	1083	1084	1085	1086	1087	1088	1089	1090	1091	1092	1093	1094	1095	1096	1097	1098	1099	1100	1101	1102	1103	1104	1105	1106	1107	1108	1109	1110	1111	1112	1113	1114	1115	1116	1117	1118	1119	1120	
84	84	67	1001	1003	1005	1007	1008	1010	1011	1012	1013	1014	1015	1016	1017	1019	1020	1025	1027	1028	1030	1032	1035	1036	1038	1041	1042	1044	1045	1046	1047	1048	1053	1054	1055	1057	1058	1059	1060	1061	1062	1063	1067	1071	1074	1076	1078	1080	1084	1085	1086	1087	1088	1089	1090	1092	1093	1097	1098	1102	1104	1105	1107	1108	1109	1116	1117	1118	1119	
85	85	80	1001	1006	1007	1009	1010	1012	1013	1016	1018	1020	1021	1023	1025	1026	1027	1028	1029	1030	1031	1032	1035	1036	1037	1038	1039	1041	1042	1043	1044	1045	1047	1048	1049	1050	1051	1054	1055	1056	1057	1058	1059	1060	1062	1063	1065	1066	1067	1068	1069	1070	1071	1072	1076	1078	1080	1081	1082	1083	1087	1088	1090	1091	1093	1095	1096	1097	1098	1099	1101	1102	1104	1106	1107	1110	1113	1115	1116	1117	1118	1119	
86	86	112	1001	1002	1003	1004	1005	1006	1007	1008	1009	1010	1012	1013	1014	1015	1016	1017	1018	1020	1021	1022	1023	1024	1025	1027	1028	1029	1030	1031	1032	1033	1034	1035	1036	1037	1038	1039	1040	1041	1042	1043	1044	1045	1046	1047	1048	1049	1050	1051	1053	1054	1055	1056	1057	1058	1059	1060	1061	1062	1063	1064	1065	1066	1067	1069	1070	1071	1072	1073	1074	1075	1076	1078	1079	1080	1081	1082	1083	1084	1085	1086	1087	1088	1089	1090	1091	1093	1094	1095	1096	1097	1098	1099	1100	1101	1102	1103	1104	1105	1106	1107	1108	1109	1110	1111	1113	1114	1115	1116	1117	1118	1119	1120	
87	87	71	1001	1003	1006	1008	1009	1010	1014	1018	1020	1021	1023	1025	1027	1030	1032	1035	1036	1037	1038	1040	1041	1042	1043	1046	1047	1053	1054	1056	1057	1058	1059	1060	1061	1063	1064	1065	1066	1067	1068	1070	1072	1073	1074	1075	1079	1080	1082	1083	1085	1086	1087	1089	1090	1092	1096	1097	1099	1100	1102	1104	1105	1106	1108	1109	1110	1111	1113	1114	1117	1118	1119	
88	88	48	1001	1003	1005	1012	1014	1015	1016	1024	1026	1029	1030	1033	1034	1035	1037	1039	1040	1041	1042	1045	1047	1050	1054	1057	1059	1061	1064	1065	1066	1069	1074	1075	1078	1080	1081	1082	1083	1086	1093	1097	1099	1101	1103	1107	1109	1115	1118	1120	
89	89	106	1001	1002	1003	1004	1005	1006	1007	1008	1009	1010	1011	1012	1013	1014	1015	1016	1017	1019	1020	1021	1022	1023	1024	1026	1027	1028	1030	1031	1032	1033	1034	1035	1036	1037	1041	1042	1043	1044	1045	1046	1047	1048	1049	1050	1051	1052	1053	1054	1055	1056	1059	1060	1061	1062	1063	1064	1065	1066	1067	1068	1069	1070	1071	1073	1074	1075	1076	1077	1078	1079	1080	1081	1082	1083	1084	1085	1086	1087	1088	1089	1090	1091	1092	1093	1094	1096	1097	1098	1099	1100	1101	1103	1104	1105	1106	1107	1108	1109	1110	1111	1112	1113	1114	1116	1118	1119	
90	90	75	1001	1002	1006	1007	1008	1009	1010	1013	1016	1017	1021	1023	1025	1026	1028	1029	1031	1033	1034	1035	1036	1037	1038	1039	1040	1041	1042	1044	1046	1051	1052	1054	1055	1056	1057	1058	1059	1060	1062	1063	1065	1067	1068	1070	1071	1073	1074	1075	1076	1077	1078	1079	1081	1082	1083	1084	1087	1090	1095	1096	1097	1102	1103	1106	1107	1109	1110	1111	1112	1113	1114	1115	1117	1119	1120	
91	91	70	1001	1003	1004	1005	1007	1008	1009	1011	1015	1018	1021	1023	1025	1027	1028	1029	1030	1032	1033	1037	1038	1039	1040	1042	1043	1044	1046	1047	1048	1050	1052	1053	1055	1058	1059	1060	1061	1062	1063	1065	1066	1068	1071	1074	1075	1081	1085	1086	1087	1088	1089	1090	1091	1092	1094	1095	1096	1097	1098	1099	1102	1103	1106	1109	1110	1111	1113	1116	1117	1120	
92	92	58	1004	1005	1010	1014	1019	1021	1024	1025	1026	1027	1030	1034	1036	1040	1041	1046	1047	1048	1049	1055	1056	1058	1060	1063	1064	1065	1066	1067	1068	1069	1070	1074	1075	1078	1079	1082	1083	1084	1087	1091	1096	1097	1098	1099	1100	1101	1103	1104	1105	1107	1108	1111	1112	1113	1115	1116	1117	1119	
93	93	25	1001	1003	1005	1018	1019	1024	1025	1026	1034	1035	1040	1044	1045	1052	1072	1077	1078	1079	1081	1084	1090	1091	1102	1108	1115	
94	94	93	1001	1002	1003	1004	1006	1008	1009	1010	1012	1013	1015	1016	1018	1019	1021	1022	1023	1025	1026	1027	1029	1032	1033	1034	1035	1037	1039	1040	1041	1045	1046	1047	1048	1049	1050	1051	1052	1053	1055	1056	1057	1058	1059	1060	1062	1063	1064	1065	1067	1068	1069	1070	1071	1072	1073	1074	1076	1077	1079	1080	1081	1082	1083	1084	1085	1086	1087	1090	1091	1092	1093	1094	1095	1096	1099	1100	1101	1102	1103	1104	1105	1106	1107	1108	1109	1110	1113	1114	1115	1116	1117	1119	1120	
95	95	85	1001	1002	1003	1004	1005	1007	1008	1012	1016	1018	1019	1020	1021	1022	1023	1024	1025	1026	1027	1028	1031	1033	1034	1035	1036	1037	1038	1039	1041	1043	1045	1046	1047	1049	1050	1051	1054	1055	1057	1058	1060	1062	1064	1065	1067	1068	1069	1071	1073	1076	1077	1079	1081	1082	1083	1084	1085	1086	1087	1088	1089	1092	1093	1095	1096	1098	1099	1100	1101	1102	1103	1105	1106	1107	1108	1109	1110	1111	1112	1113	1114	1116	1118	1119	1120	
96	96	66	1001	1007	1012	1013	1014	1016	1018	1021	1022	1024	1027	1028	1030	1031	1032	1033	1034	1039	1041	1042	1043	1044	1046	1047	1048	1049	1050	1051	1053	1054	1055	1056	1057	1059	1061	1063	1066	1067	1068	1069	1073	1074	1077	1080	1081	1083	1085	1086	1087	1089	1091	1093	1094	1096	1098	1099	1100	1104	1105	1108	1109	1110	1111	1113	1115	1120	
97	97	60	1001	1003	1004	1007	1009	1011	1012	1014	1016	1017	1018	1020	1021	1022	1023	1026	1027	1028	1030	1032	1033	1034	1036	1039	1041	1043	1044	1045	1046	1048	1049	1050	1052	1054	1057	1063	1065	1072	1073	1074	1075	1077	1078	1079	1084	1087	1089	1091	1096	1099	1100	1101	1104	1106	1112	1113	1114	1115	1119	1120	
98	98	110	1001	1002	1003	1004	1005	1006	1007	1008	1009	1010	1011	1012	1013	1014	1015	1017	1018	1019	1020	1021	1022	1023	1024	1025	1026	1027	1028	1029	1031	1032	1033	1034	1036	1037	1038	1039	1040	1041	1042	1043	1044	1045	1046	1047	1048	1049	1050	1051	1052	1053	1054	1055	1056	1057	1058	1059	1060	1061	1062	1063	1064	1065	1066	1067	1068	1069	1070	1072	1073	1075	1076	1077	1078	1079	1080	1081	1082	1083	1084	1085	1086	1089	1090	1091	1092	1094	1095	1096	1097	1098	1099	1100	1101	1102	1103	1104	1105	1106	1108	1109	1110	1111	1112	1113	1114	1116	1117	1118	1119	1120	
99	99	68	1001	1002	1004	1008	1011	1012	1013	1014	1015	1017	1018	1020	1022	1023	1029	1030	1032	1033	1034	1035	1036	1038	1039	1040	1042	1045	1047	1048	1049	1050	1051	1052	1053	1055	1058	1060	1061	1062	1063	1064	1071	1072	1074	1076	1077	1079	1080	1081	1083	1085	1090	1091	1093	1094	1095	1096	1097	1102	1104	1109	1110	1111	1114	1115	1116	1117	1119	1120	
100	100	61	1003	1004	1008	1009	1012	1013	1015	1019	1023	1024	1027	1028	1031	1033	1034	1036	1037	1038	1040	1041	1042	1048	1052	1058	1059	1060	1062	1063	1064	1065	1068	1069	1073	1079	1080	1083	1084	1085	1086	1088	1092	1094	1095	1096	1097	1098	1099	1100	1101	1103	1104	1105	1106	1107	1108	1111	1112	1115	1117	1119	1120	
101	101	115	1001	1002	1003	1004	1005	1006	1008	1009	1010	1011	1012	1013	1014	1015	1016	1017	1018	1019	1020	1021	1022	1023	1024	1025	1027	1028	1029	1030	1031	1032	1033	1034	1035	1036	1037	1038	1039	1041	1042	1043	1044	1045	1046	1047	1048	1049	1050	1051	1052	1053	1054	1056	1057	1058	1059	1060	1061	1062	1063	1064	1065	1066	1067	1069	1070	1071	1072	1073	1074	1075	1076	1077	1078	1079	1080	1081	1082	1083	1084	1085	1086	1087	1088	1089	1090	1091	1092	1093	1094	1095	1096	1097	1098	1099	1100	1101	1102	1103	1104	1105	1106	1107	1108	1109	1110	1111	1112	1113	1114	1115	1116	1117	1118	1119	1120	
102	102	39	1001	1003	1007	1010	1014	1019	1024	1025	1028	1029	1031	1032	1036	1037	1040	1045	1047	1051	1056	1058	1060	1067	1069	1070	1071	1072	1073	1074	1075	1076	1087	1088	1092	1095	1096	1101	1108	1114	1120	
103	103	108	1001	1002	1003	1004	1005	1006	1007	1008	1009	1010	1011	1012	1014	1015	1016	1018	1019	1020	1021	1022	1023	1024	1025	1026	1028	1029	1030	1031	1032	1033	1034	1035	1036	1037	1038	1039	1040	1041	1042	1043	1044	1045	1046	1047	1048	1049	1050	1051	1053	1054	1056	1057	1058	1060	1062	1063	1064	1065	1066	1067	1068	1069	1070	1071	1072	1073	1074	1075	1076	1077	1078	1079	1080	1081	1082	1083	1084	1085	1086	1087	1090	1091	1092	1093	1094	1095	1096	1097	1098	1099	1101	1103	1104	1105	1106	1107	1108	1109	1110	1111	1112	1113	1114	1116	1117	1118	1119	1120	
104	104	52	1002	1003	1004	1005	1007	1009	1013	1015	1016	1017	1019	1022	1026	1032	1035	1037	1041	1046	1049	1050	1053	1056	1057	1058	1061	1063	1065	1066	1067	1069	1070	1071	1072	1073	1078	1079	1082	1087	1088	1089	1092	1093	1094	1095	1097	1100	1104	1107	1108	1114	1115	1119	
105	105	102	1001	1003	1005	1006	1009	1010	1011	1012	1013	1015	1016	1017	1018	1019	1020	1021	1022	1023	1025	1027	1028	1029	1030	1031	1032	1034	1035	1036	1037	1038	1039	1040	1041	1042	1043	1044	1045	1046	1047	1048	1049	1050	1051	1052	1053	1054	1055	1056	1057	1058	1059	1060	1061	1062	1063	1064	1065	1066	1069	1070	1071	1072	1073	1074	1075	1076	1077	1078	1079	1080	1081	1083	1085	1086	1087	1088	1089	1090	1093	1094	1095	1096	1097	1098	1099	1100	1101	1102	1105	1106	1107	1108	1109	1110	1111	1113	1114	1116	1117	1118	1119	1120	
106	106	92	1003	1004	1006	1008	1009	1010	1012	1013	1015	1016	1017	1018	1019	1020	1021	1022	1023	1026	1027	1028	1029	1030	1031	1033	1036	1038	1039	1041	1042	1043	1044	1045	1046	1048	1049	1050	1051	1052	1055	1056	1057	1058	1059	1061	1062	1063	1064	1065	1066	1067	1068	1069	1070	1071	1073	1074	1075	1076	1077	1078	1079	1080	1081	1082	1083	1085	1086	1087	1088	1089	1090	1092	1093	1094	1096	1098	1099	1102	1103	1104	1105	1106	1108	1109	1110	1111	1112	1113	1116	1117	1119	1120	
107	107	51	1001	1005	1009	1011	1012	1013	1014	1020	1022	1023	1025	1026	1027	1028	1032	1034	1035	1037	1038	1040	1043	1044	1047	1053	1057	1058	1059	1063	1069	1070	1072	1073	1074	1075	1076	1081	1083	1085	1086	1093	1096	1100	1103	1104	1105	1106	1112	1113	1114	1116	1119	
108	108	114	1001	1002	1003	1004	1005	1006	1007	1008	1009	1010	1011	1012	1013	1014	1015	1016	1017	1018	1019	1020	1021	1022	1023	1024	1025	1026	1027	1028	1029	1030	1031	1034	1035	1036	1037	1038	1039	1040	1041	1042	1043	1044	1045	1046	1047	1048	1049	1050	1051	1052	1053	1054	1055	1056	1058	1059	1060	1061	1062	1063	1064	1065	1067	1068	1069	1070	1071	1072	1073	1074	1075	1076	1077	1078	1079	1080	1081	1083	1084	1085	1086	1087	1088	1089	1090	1091	1092	1093	1094	1095	1096	1097	1098	1099	1101	1102	1103	1104	1105	1106	1107	1108	1109	1110	1111	1112	1113	1114	1115	1116	1117	1118	1119	1120	
109	109	95	1001	1002	1004	1007	1008	1009	1010	1011	1012	1013	1014	1015	1016	1017	1018	1019	1020	1021	1022	1023	1026	1027	1028	1029	1030	1031	1032	1033	1035	1036	1037	1038	1039	1041	1042	1043	1044	1046	1047	1048	1049	1053	1054	1055	1056	1057	1058	1059	1060	1061	1063	1064	1065	1066	1067	1069	1070	1072	1073	1074	1075	1076	1077	1078	1079	1081	1082	1083	1084	1085	1086	1087	1088	1091	1096	1098	1100	1101	1103	1104	1105	1107	1108	1109	1110	1111	1112	1113	1114	1115	1116	1117	1118	1119	1120	
110	110	47	1002	1004	1008	1010	1011	1015	1023	1024	1026	1027	1030	1031	1035	1036	1037	1041	1045	1046	1061	1063	1069	1070	1073	1074	1075	1077	1078	1080	1081	1083	1084	1089	1092	1094	1095	1097	1099	1100	1102	1103	1106	1107	1110	1112	1116	1117	1119	
111	111	66	1002	1003	1004	1007	1009	1010	1011	1012	1014	1015	1016	1017	1018	1022	1023	1024	1025	1026	1027	1030	1032	1033	1034	1035	1036	1038	1039	1040	1042	1045	1049	1051	1053	1055	1056	1057	1058	1059	1064	1065	1066	1068	1069	1070	1071	1072	1073	1074	1075	1077	1078	1083	1084	1087	1088	1089	1090	1094	1101	1108	1109	1111	1115	1117	1118	1119	
112	112	63	1001	1002	1004	1005	1010	1012	1015	1017	1020	1021	1022	1023	1025	1026	1029	1034	1036	1037	1040	1043	1044	1046	1048	1050	1052	1053	1054	1055	1056	1057	1058	1060	1061	1062	1063	1064	1066	1067	1068	1069	1074	1075	1076	1077	1078	1079	1080	1081	1086	1087	1089	1091	1092	1093	1094	1095	1096	1100	1101	1108	1112	1113	1117	
113	113	53	1001	1002	1003	1006	1010	1011	1013	1022	1023	1025	1027	1029	1032	1035	1036	1043	1044	1046	1048	1049	1051	1056	1057	1060	1062	1063	1064	1067	1069	1071	1075	1076	1077	1078	1079	1080	1084	1086	1088	1089	1090	1097	1101	1102	1103	1104	1105	1112	1114	1115	1118	1119	1120	
114	114	108	1001	1002	1003	1004	1007	1008	1009	1010	1011	1012	1013	1014	1015	1016	1017	1018	1019	1020	1021	1022	1024	1025	1026	1027	1028	1029	1030	1031	1032	1033	1034	1035	1036	1037	1038	1039	1041	1042	1043	1044	1045	1046	1047	1048	1049	1050	1051	1052	1053	1054	1055	1056	1057	1058	1059	1062	1063	1064	1065	1067	1068	1069	1070	1071	1072	1073	1074	1075	1076	1077	1079	1080	1081	1083	1084	1085	1086	1088	1089	1090	1092	1093	1094	1095	1096	1097	1098	1099	1100	1101	1102	1104	1105	1106	1107	1108	1109	1110	1111	1112	1113	1114	1115	1116	1117	1118	1119	1120	
115	115	78	1001	1002	1004	1005	1006	1007	1008	1009	1011	1012	1013	1014	1015	1016	1017	1019	1022	1023	1024	1025	1026	1027	1028	1031	1032	1034	1035	1036	1037	1041	1042	1044	1045	1047	1052	1054	1056	1057	1058	1059	1061	1062	1064	1067	1068	1071	1072	1073	1074	1075	1076	1079	1080	1084	1085	1089	1090	1091	1092	1093	1094	1096	1097	1098	1100	1105	1106	1107	1108	1109	1110	1111	1112	1113	1114	1115	1119	1120	
116	116	27	1006	1009	1010	1011	1013	1014	1026	1036	1040	1041	1043	1048	1052	1064	1066	1068	1071	1079	1084	1086	1087	1088	1092	1094	1095	1105	1106	
117	117	27	1001	1002	1004	1008	1017	1022	1030	1031	1033	1035	1041	1044	1052	1054	1056	1062	1066	1067	1070	1073	1092	1101	1107	1108	1110	1113	1116	
118	118	105	1001	1002	1003	1004	1005	1006	1008	1009	1010	1011	1012	1013	1014	1017	1018	1019	1020	1021	1022	1023	1025	1026	1027	1028	1029	1030	1031	1032	1033	1034	1035	1036	1038	1039	1040	1041	1042	1043	1044	1045	1046	1048	1050	1051	1052	1053	1054	1055	1056	1057	1058	1060	1061	1062	1063	1064	1065	1067	1068	1069	1071	1072	1073	1074	1075	1077	1078	1079	1080	1081	1082	1083	1084	1085	1086	1087	1089	1090	1091	1092	1093	1094	1095	1096	1097	1098	1100	1101	1102	1103	1104	1105	1106	1107	1108	1109	1110	1111	1112	1113	1114	1115	1116	1118	1119	
119	119	82	1001	1002	1004	1005	1006	1007	1009	1010	1011	1012	1015	1016	1017	1018	1019	1020	1022	1025	1026	1028	1030	1032	1034	1036	1037	1038	1039	1040	1041	1042	1043	1044	1045	1046	1047	1049	1051	1052	1054	1055	1056	1057	1059	1060	1061	1062	1064	1065	1068	1070	1071	1075	1076	1077	1080	1081	1082	1083	1084	1086	1088	1091	1092	1093	1094	1095	1096	1098	1100	1101	1102	1104	1107	1108	1110	1112	1113	1116	1117	1118	1119	1120	
120	120	110	1001	1002	1004	1005	1006	1007	1008	1009	1010	1011	1012	1013	1014	1015	1016	1017	1020	1021	1022	1023	1024	1025	1026	1027	1028	1029	1030	1031	1033	1034	1035	1036	1037	1038	1040	1041	1042	1043	1044	1045	1046	1047	1048	1050	1051	1052	1053	1054	1055	1057	1058	1060	1061	1062	1063	1064	1065	1066	1067	1068	1069	1070	1071	1072	1073	1074	1075	1076	1077	1078	1079	1080	1081	1082	1083	1084	1085	1086	1087	1088	1089	1090	1091	1093	1094	1095	1096	1097	1098	1099	1101	1102	1103	1104	1105	1106	1107	1108	1109	1110	1111	1112	1113	1114	1115	1116	1117	1118	1119	1120	
