-1	1	2	3	4	5	6	7	8	9	10	11	12	13	14	15	16	17	18	19	20	21	22	23	24	25	26	27	28	29	30	31	32	33	34	35	36	37	38	39	40	41	42	43	44	45	46	47	48	49	50	51	52	53	54	55	56	57	58	59	60	61	62	63	64	65	66	67	68	69	70	71	72	73	74	75	76	77	78	79	80	81	82	83	84	85	86	87	88	89	90	91	92	93	94	95	96	97	98	99	100	101	102	103	104	105	106	107	108	109	110	111	112	113	114	115	116	117	118	119	120	
1001	160	476	808	483	752	373	397	685	182	722	659	937	172	561	441	63	305	253	844	623	910	939	446	516	649	950	609	359	389	55	210	791	18	273	865	823	473	708	952	544	810	920	995	849	569	613	159	724	335	960	277	364	613	240	296	364	446	146	653	945	437	834	620	530	53	707	580	22	32	513	611	7	178	156	446	718	486	480	605	976	353	971	387	311	670	15	261	348	946	361	433	803	226	640	681	103	209	602	672	736	653	75	860	891	724	536	892	257	356	59	212	17	24	631	943	122	610	727	372	940	
1002	66	261	423	714	698	379	983	30	749	958	782	777	803	436	322	490	898	311	33	289	902	52	57	309	484	736	77	247	265	998	157	223	471	704	757	470	120	338	185	660	678	741	207	754	762	642	510	346	283	164	846	150	913	68	688	230	42	583	918	543	333	915	862	976	750	658	684	582	138	894	270	539	955	581	451	690	598	959	670	766	538	174	424	251	884	380	740	181	625	92	551	976	755	306	928	688	120	204	12	354	799	181	645	11	349	600	651	903	311	274	99	748	945	387	120	817	190	750	359	153	
1003	126	576	172	243	763	842	695	997	286	941	235	577	818	958	948	132	172	334	395	559	348	172	966	590	571	517	358	96	111	769	433	377	38	751	42	628	984	332	934	533	799	904	727	526	291	473	54	544	697	260	149	812	652	41	619	226	55	127	299	218	970	968	911	330	43	534	641	328	374	206	171	919	968	724	480	359	193	463	170	864	600	350	364	735	459	403	275	645	655	391	281	828	77	806	74	340	774	76	11	645	448	585	703	781	736	689	124	836	595	47	430	574	560	915	690	40	289	801	30	143	
1004	140	927	14	520	370	242	638	494	154	943	539	123	900	267	549	608	248	509	676	905	121	803	424	587	267	222	327	229	787	652	216	193	670	308	751	564	133	567	730	884	543	373	252	962	591	589	88	880	8	394	113	709	126	394	135	638	111	40	84	543	993	669	631	419	206	178	905	577	38	265	86	487	875	221	215	467	483	303	534	567	809	594	105	229	581	66	698	235	309	672	150	441	596	745	661	105	898	576	922	638	877	688	916	568	782	159	443	478	871	799	758	246	115	303	125	97	550	586	307	690	
1005	630	718	464	83	840	778	186	829	150	139	699	522	716	930	415	521	3	73	12	667	911	138	748	855	696	837	818	410	20	424	803	477	338	868	335	487	50	958	159	236	604	244	586	86	134	344	643	811	89	129	493	560	694	784	698	884	933	256	71	80	799	19	165	886	741	800	412	918	999	217	8	825	554	812	296	296	716	344	53	301	666	219	752	780	644	777	975	219	622	984	178	792	650	258	624	226	693	66	695	266	448	234	508	459	832	772	240	656	679	384	308	798	964	838	958	642	249	469	484	803	
1006	507	864	322	671	581	589	73	803	105	129	499	451	266	228	931	718	173	464	983	1000	890	793	38	200	604	758	231	901	948	688	44	796	202	731	527	253	934	956	860	592	175	994	360	434	234	455	727	244	413	120	868	253	252	915	221	271	483	137	253	56	37	4	510	810	29	787	270	692	459	644	482	98	954	513	905	883	95	806	498	354	548	841	751	152	438	875	708	519	332	23	651	234	65	176	698	795	836	983	800	812	574	134	763	275	243	551	270	656	316	152	585	512	220	827	849	935	314	896	250	810	
1007	215	682	323	329	971	263	904	590	840	68	38	197	393	224	57	890	843	135	135	792	854	494	327	956	989	457	444	551	460	599	382	356	153	680	275	395	414	326	273	845	822	410	392	217	414	776	830	702	534	957	610	458	600	424	157	867	112	647	118	20	836	899	765	306	454	527	410	31	784	165	487	575	568	938	731	257	980	795	193	768	711	272	128	987	333	503	812	490	851	804	229	866	554	223	166	10	374	183	344	815	922	758	808	805	54	309	975	215	132	50	729	369	31	926	409	787	485	788	82	409	
1008	391	880	737	934	803	241	924	40	79	294	753	923	241	22	983	434	490	645	953	702	771	472	599	630	313	933	2	817	494	441	863	987	648	241	713	551	101	629	552	757	567	306	126	676	444	824	140	33	529	859	840	545	889	365	442	747	368	316	48	577	69	575	982	968	127	615	913	774	743	420	822	4	471	798	182	789	361	661	966	54	251	803	980	5	185	640	236	263	108	238	772	804	586	390	708	38	925	602	963	459	976	917	13	830	928	248	441	197	679	895	963	334	23	259	213	988	445	441	203	233	
1009	979	831	795	811	773	642	660	985	634	685	557	585	872	295	995	688	434	159	861	15	637	524	356	293	845	651	419	612	128	689	586	120	115	849	870	211	524	736	867	260	280	408	436	672	790	418	898	978	35	327	460	912	679	929	310	822	776	605	717	559	813	620	193	680	126	418	140	175	963	830	634	12	634	499	97	112	317	255	580	867	26	906	771	842	565	809	956	145	563	660	624	316	753	813	263	965	252	634	741	257	554	580	346	820	161	992	492	398	622	566	720	509	217	129	521	205	519	918	999	878	
1010	368	836	613	954	971	179	246	638	632	298	936	281	65	258	337	390	957	364	724	553	462	639	295	783	729	999	330	213	590	551	181	830	553	146	642	641	384	270	875	722	213	995	157	808	950	803	229	215	204	250	209	175	945	368	466	964	645	284	240	303	586	59	991	565	775	66	450	487	458	664	445	778	985	39	22	783	787	53	239	829	43	942	669	534	597	508	573	832	852	713	888	429	250	452	859	669	561	667	317	378	490	736	931	444	988	127	30	766	712	183	423	561	755	487	81	360	891	834	944	59	
1011	110	849	375	278	761	346	118	712	278	451	884	896	967	549	426	838	514	442	838	517	81	382	34	355	261	348	595	651	299	987	381	113	626	467	214	21	659	323	720	228	250	453	91	676	708	132	258	279	945	844	757	345	277	27	703	133	361	70	169	356	727	887	902	32	902	710	160	953	994	742	116	917	960	921	1	717	256	751	78	166	492	355	500	693	632	278	626	111	907	776	688	72	581	907	23	970	369	243	183	592	485	563	776	19	39	314	365	261	779	326	85	20	946	183	492	945	493	207	226	282	
1012	921	746	213	502	856	278	814	484	889	697	651	28	363	5	277	448	549	78	970	620	553	615	865	660	305	139	605	305	591	455	910	847	353	614	852	1	84	732	494	190	936	104	194	393	957	940	477	867	476	326	789	227	977	764	229	473	784	67	761	927	821	633	227	369	920	84	645	767	793	586	136	528	833	946	868	521	9	851	65	999	638	204	86	993	918	532	143	785	684	811	924	85	834	912	736	129	95	92	904	127	423	102	141	490	187	825	979	231	728	772	298	108	204	24	348	182	470	215	609	486	
1013	194	656	219	341	276	143	670	813	94	524	514	28	146	645	859	70	948	413	744	865	869	632	716	341	850	649	465	347	477	129	254	36	418	939	107	902	309	422	489	403	690	755	840	674	877	519	979	482	347	947	695	252	144	562	596	841	658	715	155	500	510	712	561	721	202	342	698	85	659	54	410	888	768	35	584	273	822	373	684	584	661	477	586	498	891	18	319	960	408	91	203	265	178	566	368	522	714	321	587	75	574	719	744	756	360	85	938	975	879	317	59	463	284	250	865	522	312	198	243	883	
1014	977	506	451	106	707	195	145	570	683	539	295	134	368	828	887	250	280	200	318	935	200	523	672	591	636	85	324	134	807	448	185	815	692	296	713	284	814	49	685	370	358	661	250	20	691	325	90	903	886	839	77	86	374	978	386	406	889	974	913	453	285	575	675	703	910	516	19	537	144	962	935	394	160	535	522	206	878	852	868	301	749	202	877	884	926	584	13	234	850	131	911	429	807	56	551	461	421	446	114	290	617	528	149	906	490	313	705	38	90	584	653	805	839	575	117	89	146	830	121	561	
1015	333	417	822	519	42	711	826	138	543	821	29	961	592	209	618	636	860	239	458	991	954	38	296	10	350	277	453	896	692	439	92	696	995	676	224	603	14	979	52	325	439	508	76	336	261	227	227	237	912	106	708	748	954	78	869	702	328	613	632	473	401	390	747	860	174	410	59	212	171	105	541	134	637	88	118	709	429	938	107	823	612	68	395	499	63	221	531	781	949	694	810	677	518	862	895	365	334	186	583	466	42	771	444	837	514	552	906	714	248	310	852	40	209	196	190	650	785	148	44	390	
1016	935	539	812	554	368	350	113	810	116	421	293	410	352	128	289	390	668	258	557	431	703	804	353	662	411	135	810	418	394	847	400	525	224	972	150	118	883	914	433	650	625	259	52	780	617	643	3	456	285	125	111	410	942	453	418	804	408	797	627	279	495	899	196	98	602	555	234	537	775	601	5	472	680	82	608	520	797	252	843	312	794	523	56	944	242	37	706	106	659	648	717	179	612	538	586	385	812	337	345	700	413	109	860	369	793	779	330	949	284	971	793	967	899	532	271	282	515	782	579	449	
1017	456	431	484	135	387	497	330	983	503	963	983	252	117	920	240	557	532	319	180	167	728	189	69	80	832	142	695	369	55	979	353	748	821	627	586	851	982	443	286	17	227	376	553	516	520	223	226	875	895	186	884	460	435	486	137	898	471	555	248	573	743	275	745	858	943	895	134	469	843	590	476	364	359	840	370	54	664	394	578	659	947	274	222	110	452	797	636	224	25	367	260	591	416	651	962	767	622	332	800	167	938	923	69	783	42	810	883	641	340	945	414	670	903	894	609	450	123	50	133	475	
1018	938	844	45	625	947	211	274	954	2	47	512	452	850	569	115	252	783	332	285	92	43	798	443	813	399	22	818	472	293	141	609	23	899	368	489	370	355	109	187	172	472	827	536	783	131	191	207	796	759	749	618	376	138	435	362	788	573	692	173	276	998	44	900	618	316	991	170	331	650	447	162	34	584	422	664	548	110	24	987	852	170	884	969	400	636	901	52	540	8	644	939	221	452	633	932	664	59	130	265	708	33	354	96	206	376	61	15	43	18	27	696	659	256	820	593	820	994	179	751	613	
1019	158	933	980	65	805	599	202	665	456	876	381	288	438	268	110	625	75	174	317	208	873	884	57	688	891	211	972	324	430	478	151	564	769	434	210	363	935	575	870	246	738	37	447	319	642	198	76	915	278	347	96	920	802	114	182	180	922	933	945	322	685	790	594	14	574	882	245	763	503	612	606	346	159	708	680	150	318	255	726	726	742	440	94	978	533	791	306	178	832	33	41	107	617	329	286	612	924	414	871	32	863	4	713	780	536	776	377	924	227	582	54	881	100	820	470	326	122	869	998	331	
1020	783	477	849	74	510	563	631	196	93	391	60	309	361	558	102	869	57	515	906	305	635	579	869	472	480	831	795	34	611	960	94	107	310	222	370	543	597	201	846	557	375	20	853	9	835	879	598	253	63	748	480	592	950	956	450	537	643	771	571	677	825	425	589	360	974	458	615	152	863	737	3	896	717	424	772	308	120	707	293	504	699	254	614	302	840	443	888	232	693	329	956	562	96	225	510	964	527	283	880	439	659	305	348	429	198	786	297	654	762	442	483	231	868	887	700	526	161	55	415	748	
1021	529	375	610	391	329	987	424	185	312	348	809	882	411	634	627	826	434	796	670	80	548	663	66	330	953	945	758	615	248	767	70	96	307	603	149	150	231	650	267	325	72	789	849	506	621	813	755	73	984	989	156	171	89	371	432	541	507	447	438	916	470	415	742	856	119	306	378	894	29	403	278	251	845	625	548	517	569	877	28	572	428	483	250	745	961	341	242	190	516	188	576	623	305	336	491	319	333	498	441	990	418	352	265	193	358	97	773	514	21	553	527	650	278	703	797	293	892	814	968	820	
1022	969	657	304	402	10	141	510	69	852	587	46	925	103	595	849	19	869	26	570	43	771	819	28	726	497	984	76	442	534	801	208	696	246	739	376	775	349	773	380	359	88	240	287	144	306	357	770	988	956	523	908	298	497	961	888	948	529	937	440	540	980	29	521	418	594	590	798	737	840	491	578	755	582	463	176	34	271	430	277	105	192	281	224	282	668	104	345	569	887	424	808	640	370	893	159	164	943	850	307	968	637	654	678	953	598	961	25	387	351	255	313	962	599	564	831	91	724	353	668	427	
1023	854	380	335	190	729	378	518	571	798	717	213	698	415	418	938	751	845	458	291	633	992	750	63	18	203	280	884	841	372	827	579	620	43	669	282	361	824	203	209	415	658	390	814	184	949	998	836	474	636	108	738	711	592	924	664	945	743	507	655	698	848	949	762	931	678	962	735	843	27	745	715	763	223	766	181	759	689	240	761	159	725	222	480	375	567	332	933	692	63	920	764	176	726	394	462	976	624	395	16	100	210	117	197	486	765	827	857	823	91	434	39	246	681	289	405	690	151	629	327	226	
1024	312	401	195	509	379	617	139	152	649	44	27	267	821	335	882	659	567	145	279	938	332	216	295	944	412	1	992	365	935	676	637	750	714	55	411	422	351	842	155	639	179	570	330	353	827	186	61	458	593	23	536	199	308	51	289	129	703	516	281	260	299	566	363	684	238	582	680	248	918	504	185	404	289	716	143	178	727	92	792	49	58	458	203	937	436	215	493	493	354	639	132	441	160	563	965	302	309	439	665	28	384	189	974	408	59	361	411	175	343	311	195	801	889	858	925	937	715	670	131	163	
1025	280	787	703	422	149	355	758	894	608	232	362	446	392	616	715	882	289	509	335	661	81	741	417	326	623	553	310	610	519	243	444	762	792	60	468	150	554	100	609	42	978	979	569	263	361	95	100	461	116	87	675	593	860	792	314	690	288	974	657	208	850	453	47	390	288	200	344	639	924	354	290	807	502	779	530	924	24	285	212	277	754	295	466	977	783	58	476	843	224	507	601	829	735	345	557	427	15	191	268	273	690	619	942	327	426	472	380	676	829	104	570	889	715	487	773	351	970	908	598	196	
1026	513	791	417	926	782	966	552	516	824	432	437	660	592	512	818	368	633	48	231	600	666	639	937	879	285	915	642	757	758	17	698	765	320	667	149	391	285	905	61	705	789	51	674	161	249	190	734	311	879	717	925	449	665	986	301	422	586	5	11	927	448	172	383	267	528	692	592	82	494	183	491	325	116	598	456	203	221	504	917	535	259	828	327	168	918	124	710	121	949	411	9	482	170	448	594	598	169	51	779	632	169	479	225	415	502	336	183	777	30	159	446	383	91	148	932	229	360	436	203	350	
1027	524	884	637	235	636	683	55	850	791	901	655	653	650	191	153	683	322	184	323	778	731	482	337	199	935	861	857	281	947	364	550	305	528	44	57	540	865	619	996	612	145	78	216	180	887	629	778	595	332	482	730	922	203	496	708	377	698	232	490	855	857	786	762	705	97	362	620	405	207	609	383	231	672	358	828	636	863	324	130	213	237	262	868	110	504	504	336	920	279	559	250	611	237	212	856	520	229	101	423	966	909	477	774	523	189	718	521	190	585	603	345	714	861	402	58	270	897	834	733	859	
1028	514	471	965	568	90	538	830	412	222	778	15	555	824	563	504	535	829	705	970	6	107	463	547	357	944	836	753	55	359	172	963	390	767	243	917	737	485	111	682	391	379	446	695	906	25	204	461	344	291	306	919	950	322	285	893	597	624	955	265	594	30	291	272	184	80	796	122	505	4	942	629	701	622	401	503	130	72	523	652	965	96	702	335	880	211	745	907	780	336	613	860	465	40	99	793	716	213	116	822	575	567	233	960	439	231	68	823	267	734	639	835	848	237	716	168	437	115	612	244	595	
1029	996	483	332	731	364	40	945	84	170	143	756	103	319	697	421	108	624	391	299	785	40	507	929	330	156	491	132	620	951	599	290	462	198	662	197	921	759	723	551	543	70	566	32	155	64	136	254	391	388	831	317	156	814	667	631	917	509	192	886	925	728	333	64	74	69	348	1	506	250	131	239	597	448	459	258	275	700	543	571	840	967	350	583	244	577	53	707	8	17	583	794	238	441	846	981	424	440	79	331	460	175	448	41	951	384	773	467	863	291	916	795	677	883	814	233	531	81	135	933	2	
1030	559	57	80	952	274	58	584	286	741	640	537	932	434	708	772	638	886	330	328	965	761	71	824	103	437	812	808	910	658	804	532	87	906	51	50	191	489	103	248	337	343	331	569	755	281	17	84	954	452	160	157	218	316	638	592	115	788	808	180	944	30	144	852	674	758	23	292	916	98	251	882	536	549	906	394	475	452	535	911	60	88	908	919	610	93	689	990	319	555	276	525	967	3	266	917	854	372	165	726	25	982	55	805	275	374	277	470	987	916	623	670	364	226	471	420	534	38	512	721	563	
1031	217	573	524	761	274	140	180	123	774	353	173	453	698	802	394	652	533	492	325	841	361	936	722	418	81	86	748	902	346	881	983	760	39	60	293	223	63	331	116	741	322	485	920	399	85	583	485	405	634	541	816	667	156	285	743	567	913	349	77	636	760	262	323	174	21	800	787	350	250	225	879	840	921	976	122	372	375	23	52	474	947	400	852	570	904	918	713	770	783	255	410	697	809	121	383	724	619	155	583	534	11	254	595	926	553	996	235	195	290	223	351	587	481	5	961	229	62	962	906	635	
1032	326	1	277	342	337	107	698	162	565	855	975	545	779	378	549	917	488	547	966	803	377	319	592	419	532	967	293	806	9	272	962	336	698	708	71	998	255	423	735	386	244	613	537	308	855	322	685	275	245	178	979	684	212	106	688	50	6	830	915	103	44	749	135	618	49	914	513	138	913	244	365	434	722	464	659	549	162	205	432	371	65	848	35	957	544	849	965	838	458	38	516	250	514	255	194	675	605	138	537	682	209	392	466	323	839	79	447	540	381	785	701	287	366	109	438	901	190	133	93	654	
1033	216	187	495	259	88	226	523	134	734	280	573	807	445	39	12	209	732	811	808	583	504	595	508	804	346	227	357	589	988	401	242	361	514	591	877	352	367	512	121	250	349	686	11	761	425	204	566	66	526	864	674	1000	785	499	469	881	5	411	188	645	664	569	756	436	221	591	996	488	588	148	837	811	767	131	989	521	574	200	456	649	629	989	945	328	268	989	935	647	904	39	979	191	392	628	521	42	458	556	173	59	999	118	144	56	836	263	523	303	810	389	563	743	113	772	758	960	41	225	389	926	
1034	357	642	218	83	732	204	233	407	590	288	689	528	758	690	698	236	465	885	409	807	713	943	211	810	835	736	911	408	718	877	388	842	885	112	414	635	687	178	915	854	533	476	91	855	291	530	295	479	394	137	609	684	773	219	229	152	771	760	894	353	405	695	251	905	113	46	164	623	886	694	768	646	728	666	976	340	62	361	490	677	138	602	902	777	289	264	517	707	140	806	852	148	502	940	507	792	32	195	474	143	305	638	550	998	25	41	217	559	999	750	160	774	57	622	377	102	565	517	572	340	
1035	265	353	441	185	188	994	246	137	264	587	667	879	74	567	960	470	810	613	304	686	210	803	779	15	333	121	427	561	363	505	977	81	162	893	400	678	582	562	74	125	284	900	723	58	171	898	875	152	973	892	815	291	357	690	602	379	128	614	432	52	825	668	683	524	472	201	874	861	515	906	918	500	544	743	215	248	41	472	223	127	17	942	85	869	750	637	148	951	191	32	85	239	800	30	587	680	964	860	925	965	178	499	553	197	587	907	799	138	667	992	316	186	990	116	16	598	53	773	458	337	
1036	712	730	906	128	798	647	862	197	454	835	343	476	892	51	426	518	40	347	608	442	474	994	627	197	693	730	4	876	305	170	346	135	221	231	189	752	796	657	347	988	192	98	699	185	645	548	129	161	23	947	122	397	14	1	248	966	113	97	736	160	217	990	57	737	984	133	648	792	857	7	922	409	513	660	625	488	934	85	987	667	431	368	263	973	717	145	818	649	745	671	561	564	574	453	752	510	423	194	890	9	892	923	874	91	249	447	601	209	944	460	184	677	233	592	969	18	534	298	841	620	
1037	450	369	613	447	694	517	758	588	159	716	571	357	692	690	922	393	301	154	581	938	378	408	622	91	357	62	251	426	701	861	50	58	188	934	246	524	915	105	274	223	453	974	517	21	738	667	48	936	581	6	476	725	839	778	959	831	309	487	32	967	888	853	593	651	548	81	501	501	451	76	178	766	482	400	64	963	12	765	938	494	326	923	173	655	908	992	399	741	314	540	434	975	532	835	697	280	946	594	130	387	398	958	309	587	336	386	68	39	604	752	19	380	794	866	593	162	551	176	447	499	
1038	636	633	114	370	789	835	185	478	305	991	269	756	15	532	982	622	371	24	185	897	363	41	832	688	610	64	222	266	731	863	251	391	81	908	358	200	204	503	604	991	702	881	12	53	478	38	637	323	989	604	650	875	71	12	21	696	821	784	585	915	25	198	300	736	993	788	693	424	535	220	403	480	856	938	559	489	388	972	474	713	686	817	457	123	853	429	40	722	745	900	389	428	697	261	647	285	685	369	183	808	744	531	909	990	728	242	398	488	985	573	804	975	31	151	943	55	651	652	915	814	
1039	658	474	331	589	883	451	213	517	922	970	418	61	235	378	178	399	745	561	146	245	34	172	45	248	197	522	384	681	456	133	845	703	715	294	986	347	457	800	914	504	895	208	149	688	925	459	220	298	342	625	856	880	875	977	539	608	420	621	726	897	945	806	293	369	670	851	352	284	94	479	227	16	73	896	265	791	217	495	508	748	265	13	376	409	871	851	521	345	996	277	994	217	785	511	391	781	692	456	685	752	467	198	976	539	184	43	862	578	750	63	883	420	691	925	763	250	55	586	575	969	
1040	540	162	835	821	751	356	554	428	198	609	839	503	831	202	450	363	272	100	227	188	593	631	105	436	874	674	625	18	903	429	417	732	769	344	677	1000	190	82	889	863	244	580	136	155	714	391	709	851	447	971	880	685	751	489	716	187	915	364	495	73	985	563	441	677	636	946	640	520	957	682	410	156	74	886	437	167	342	712	396	831	512	835	723	718	825	482	517	809	416	152	19	859	409	906	984	775	126	746	659	837	803	717	557	876	944	415	572	538	139	621	478	592	260	348	138	258	101	241	660	573	
1041	728	167	505	909	832	40	401	766	582	104	432	248	498	658	231	423	119	342	525	689	951	45	598	722	302	782	62	493	917	416	856	64	842	337	698	223	470	487	340	396	128	381	577	133	16	928	300	158	550	282	711	41	284	535	488	243	785	814	149	377	880	410	977	970	80	202	847	711	861	94	551	400	423	867	335	833	713	400	340	573	93	202	401	170	190	741	470	781	486	828	325	519	945	619	129	89	857	170	688	659	796	213	331	475	803	210	723	580	780	530	14	173	194	108	458	212	147	343	1	771	
1042	454	654	153	376	441	912	348	189	153	676	589	978	851	919	860	972	490	852	303	89	590	627	469	439	513	235	1000	389	908	337	26	218	61	993	206	652	324	333	683	692	31	596	877	633	834	964	108	930	594	555	625	728	276	586	589	938	969	876	525	827	590	213	836	785	521	454	463	239	374	272	342	278	187	719	129	664	408	218	850	813	380	992	98	233	332	780	438	941	460	548	475	356	659	470	103	178	906	172	707	280	813	19	118	995	278	342	883	422	638	608	726	821	670	810	434	660	925	665	463	526	
1043	979	234	322	508	356	46	243	328	76	882	904	219	35	650	419	624	553	834	477	12	471	224	218	561	681	42	441	576	408	656	303	538	83	811	516	417	758	118	966	98	350	860	917	286	659	819	495	889	695	607	148	66	14	609	636	117	302	25	296	157	49	626	15	846	633	677	482	249	740	393	90	801	200	906	648	831	865	119	765	633	904	521	667	992	622	688	540	441	393	112	89	428	502	220	6	396	360	769	676	758	239	719	263	525	629	51	801	789	805	824	838	991	573	824	250	869	550	117	688	71	
1044	29	205	500	620	134	683	388	86	414	306	46	831	254	964	790	123	415	136	218	504	750	923	764	118	692	793	362	463	329	745	581	55	130	938	607	902	73	752	296	587	100	28	642	35	472	435	924	499	583	558	292	162	791	290	561	746	694	712	255	432	67	904	748	418	231	569	331	714	587	820	327	968	779	946	586	476	388	123	222	524	602	185	772	82	389	813	955	922	397	336	220	939	620	723	620	907	538	363	681	600	775	559	424	821	564	381	878	953	563	933	949	62	912	123	74	281	528	194	493	133	
1045	975	513	565	586	828	980	594	493	494	713	209	506	938	500	529	30	867	101	371	867	207	641	931	114	690	966	878	502	739	990	892	907	390	277	840	879	442	350	342	928	124	138	669	270	827	507	501	146	389	193	114	22	818	338	809	39	888	567	634	689	583	229	503	650	558	545	164	722	620	752	808	369	396	22	675	794	627	597	400	806	684	976	133	988	6	280	792	679	700	423	484	704	925	803	525	271	669	165	344	348	20	947	135	506	133	547	100	886	106	193	683	372	398	395	556	572	75	979	841	187	
1046	356	773	548	567	432	774	672	597	409	597	836	361	431	28	722	377	786	991	435	97	225	829	596	165	746	920	590	162	682	635	642	645	151	949	228	908	948	628	991	732	365	779	578	963	436	910	330	383	163	501	336	30	283	575	460	832	444	169	474	1	142	648	356	523	872	635	296	412	78	948	987	380	776	617	742	210	697	70	337	623	686	957	565	707	72	680	806	926	27	350	665	930	311	373	265	39	6	864	153	143	592	929	653	828	972	783	809	854	224	211	143	249	786	328	179	918	424	698	705	729	
1047	224	450	579	181	332	2	489	395	307	973	997	760	712	604	811	167	590	802	479	455	134	844	701	481	757	473	665	978	202	390	968	355	887	357	950	711	69	894	81	765	277	478	702	55	540	456	283	466	454	362	965	103	895	233	27	905	958	591	171	344	26	788	51	5	378	530	642	599	152	662	544	893	493	236	819	989	603	218	411	789	502	832	561	384	573	261	563	83	888	990	331	400	26	755	138	346	609	122	15	579	636	257	52	515	548	54	506	274	653	289	811	711	199	708	881	481	505	577	558	854	
1048	669	571	227	850	307	837	284	901	901	868	820	673	23	694	415	977	356	756	125	236	69	83	162	721	958	302	852	818	987	778	252	69	172	914	177	400	157	204	769	982	105	763	994	136	232	846	32	189	110	394	263	381	582	507	188	578	167	337	151	665	766	904	355	367	123	752	570	375	176	511	946	451	360	859	44	921	853	797	391	232	293	306	144	914	85	348	958	229	462	96	75	453	807	65	669	28	387	541	765	957	701	14	775	317	297	684	884	715	781	49	172	329	728	286	728	683	457	84	760	768	
1049	221	520	383	472	907	512	980	979	33	555	891	459	417	104	763	861	830	696	231	840	324	639	577	551	116	943	560	42	876	233	164	471	486	653	678	816	224	93	486	156	884	236	176	642	337	364	614	74	953	97	436	551	788	944	479	675	254	221	672	113	868	139	560	465	501	380	820	55	94	507	522	485	814	912	604	602	444	413	30	202	846	743	91	57	363	591	948	555	683	729	939	869	421	124	509	801	937	571	78	565	975	436	938	78	840	583	457	620	788	921	418	893	595	794	979	734	880	971	768	263	
1050	908	538	671	341	957	666	95	297	139	214	955	842	446	987	663	880	57	572	671	935	985	754	570	121	841	373	887	923	61	666	111	117	630	437	573	654	222	864	580	455	428	84	689	887	226	568	209	615	109	280	891	367	981	959	665	481	53	105	978	987	725	706	492	555	343	627	561	598	927	110	960	346	822	495	997	446	816	982	995	630	252	467	345	546	244	593	994	489	495	798	170	90	715	665	109	684	390	125	314	95	663	749	321	738	440	48	969	142	608	176	149	35	270	277	560	922	160	87	614	867	
1051	28	12	159	367	191	211	416	693	434	673	816	911	69	761	767	372	135	388	513	417	732	40	848	147	111	456	622	767	50	428	397	823	469	290	338	136	803	357	263	370	619	405	649	503	765	687	97	208	171	271	311	876	642	419	611	907	697	881	222	226	498	116	697	895	510	179	291	367	198	651	105	278	767	206	625	159	870	587	529	45	60	720	806	506	307	510	470	773	714	916	49	281	550	671	446	99	874	552	58	756	479	509	119	313	223	469	834	415	895	958	693	947	267	610	879	944	535	154	400	242	
1052	264	881	563	270	395	691	252	999	975	432	119	623	660	79	34	123	744	971	999	689	143	518	249	512	202	466	417	469	197	745	778	795	558	173	594	595	907	314	674	885	410	187	624	782	375	362	811	858	50	788	686	275	31	68	25	306	154	647	804	502	106	145	349	179	661	133	708	869	596	26	189	21	513	780	94	979	470	409	746	77	24	950	677	318	52	704	313	882	889	487	336	57	582	607	659	331	829	418	898	75	704	603	589	223	634	116	939	414	610	490	144	523	308	335	988	121	184	152	658	336	
1053	800	134	575	179	205	683	354	478	362	276	374	710	189	401	26	288	81	685	160	698	15	581	125	397	272	59	933	483	206	108	715	989	548	134	64	456	843	831	608	257	822	538	797	711	760	195	991	912	549	981	697	486	918	137	370	19	841	378	338	547	257	679	91	770	673	696	939	358	23	317	711	973	566	35	17	577	356	969	773	875	534	130	145	39	737	859	307	63	35	856	95	290	760	426	97	862	873	532	560	299	850	558	68	826	347	705	882	263	385	764	445	778	342	718	798	196	607	69	471	112	
1054	758	141	167	541	838	389	258	987	169	624	777	724	241	113	249	363	370	111	726	784	819	942	309	420	55	827	877	495	517	655	142	181	932	747	179	487	443	342	413	606	97	771	136	413	488	534	65	32	207	600	776	159	416	689	154	735	966	574	11	971	764	443	594	967	418	130	173	86	969	429	247	540	82	280	727	750	993	811	562	984	48	886	764	111	265	598	163	169	699	719	909	130	338	210	67	809	536	914	5	122	184	73	768	508	549	72	214	933	654	679	189	69	540	377	818	913	655	676	111	585	
1055	191	123	972	734	589	625	778	30	594	612	283	56	27	753	518	809	474	573	228	333	666	553	814	453	656	915	131	770	651	935	63	455	718	517	561	490	467	725	396	763	306	472	17	824	298	369	490	992	687	325	729	934	325	494	266	977	948	574	631	370	45	802	363	269	971	36	25	340	293	750	166	416	363	380	444	929	151	945	792	648	855	301	366	563	696	477	851	121	653	323	948	647	399	504	765	793	799	167	860	293	771	548	272	325	717	669	676	619	410	272	776	146	457	413	666	594	146	429	48	13	
1056	75	377	64	284	529	693	108	385	943	627	93	860	128	650	714	191	989	729	342	386	70	10	742	686	581	756	141	532	438	713	668	187	981	352	822	522	830	324	875	858	706	484	683	80	656	916	622	554	299	451	282	184	219	510	580	605	574	62	50	965	288	222	688	785	273	368	625	729	982	280	417	218	114	656	817	672	535	134	979	445	103	987	126	163	528	277	388	919	167	143	906	886	692	631	95	492	727	985	145	546	25	402	405	408	135	968	445	972	18	888	599	913	450	79	299	244	500	221	781	739	
1057	319	564	223	289	980	730	443	968	667	790	637	928	747	398	941	743	842	24	35	131	906	883	110	235	841	497	834	335	776	728	586	427	582	82	927	880	989	321	647	91	870	7	921	586	49	773	576	532	768	514	710	985	668	119	435	594	679	616	134	858	52	85	851	205	220	786	974	727	131	948	519	577	490	213	343	824	798	98	873	102	832	843	100	692	102	714	321	280	603	56	832	124	843	292	335	111	585	973	133	257	788	346	348	681	415	24	406	624	928	989	106	131	956	674	102	757	353	430	679	820	
1058	488	711	349	227	445	246	714	165	211	660	51	97	301	134	435	669	632	103	436	825	717	185	845	891	481	868	379	11	145	294	286	969	553	739	910	430	991	199	893	745	804	370	927	643	787	212	487	109	125	449	867	88	908	662	779	220	630	109	686	654	628	357	831	356	860	750	414	659	731	451	73	707	791	336	324	456	365	94	958	653	166	21	222	532	72	730	782	129	66	25	735	768	231	165	149	484	54	525	861	338	585	129	756	268	414	654	146	786	947	165	119	358	621	347	196	191	538	221	477	633	
1059	610	741	899	194	725	715	289	754	643	180	106	129	538	224	477	487	443	225	864	332	753	714	41	856	818	949	776	825	678	568	812	110	109	152	429	876	918	614	307	543	238	225	285	755	621	837	748	259	847	554	369	442	57	336	420	208	11	570	519	503	445	72	114	983	797	273	800	990	496	944	138	812	166	551	946	743	731	729	795	482	803	821	663	547	686	352	281	53	597	305	796	795	348	11	51	438	736	175	363	368	922	112	750	386	844	635	841	260	860	886	928	411	967	640	857	40	120	746	470	966	
1060	101	503	44	312	259	735	100	14	18	222	730	229	839	407	361	944	887	938	291	407	300	293	40	322	557	511	433	246	975	205	29	382	595	448	179	444	1000	111	329	976	195	625	148	160	155	973	801	929	874	958	244	644	809	633	327	877	43	633	357	896	342	997	56	205	53	192	784	718	193	953	220	989	792	108	814	332	638	681	274	751	628	995	111	253	263	524	41	359	499	215	334	239	463	262	136	741	970	205	26	286	342	870	375	215	524	351	503	1000	408	57	619	692	342	434	771	855	589	606	614	57	
1061	929	698	619	498	176	325	711	2	480	963	173	799	71	128	67	564	554	416	365	895	462	877	981	367	108	690	413	796	887	518	50	326	967	442	787	920	283	414	931	502	690	769	579	461	594	320	988	786	829	105	962	613	393	824	949	287	759	218	61	131	439	960	675	905	897	678	136	208	495	469	168	213	185	973	807	231	545	759	207	453	272	706	504	850	872	44	642	311	653	828	575	226	166	885	756	870	807	102	929	227	484	984	287	111	839	223	874	861	394	525	447	293	196	243	879	204	61	785	668	342	
1062	112	908	953	340	206	676	492	2	297	375	848	594	32	871	29	970	55	131	184	679	665	754	427	591	859	310	589	647	334	124	516	158	781	116	265	529	872	380	43	464	737	554	487	697	349	65	566	812	820	875	503	767	733	896	438	970	819	502	693	454	949	666	58	305	133	198	657	669	806	995	652	627	708	953	408	33	711	268	946	347	64	273	506	393	15	434	302	758	507	726	50	137	388	437	191	999	350	258	705	760	663	978	678	441	691	700	116	139	629	369	90	545	377	134	657	359	304	952	996	593	
1063	199	974	418	916	142	299	47	273	578	530	635	602	576	873	772	678	332	730	917	352	120	77	285	8	978	197	296	127	825	583	333	131	777	88	848	764	972	695	705	790	844	27	260	520	526	454	466	388	257	914	104	97	688	683	663	325	124	981	668	750	918	895	49	667	955	329	579	670	680	850	677	213	616	941	365	49	588	796	53	359	58	341	37	117	106	380	527	279	141	106	539	171	654	853	28	594	405	176	363	872	506	700	883	437	863	790	812	325	545	435	812	709	728	298	579	871	125	801	405	712	
1064	515	573	664	946	144	776	897	904	653	16	579	249	341	227	480	192	408	299	220	742	908	471	215	131	849	265	86	290	505	273	350	274	696	730	699	265	80	708	376	172	632	954	735	429	798	61	476	388	170	585	341	10	838	437	541	538	371	393	457	400	981	91	506	422	449	571	788	572	669	760	255	32	226	658	324	895	790	953	450	107	301	797	569	206	81	872	934	629	247	394	185	816	411	803	612	505	351	22	877	387	848	316	573	485	162	206	530	751	198	383	778	180	32	361	752	209	189	383	764	957	
1065	996	742	385	141	498	220	986	289	540	485	717	248	440	28	938	944	279	40	588	596	888	187	544	907	836	706	924	339	794	517	250	909	62	264	516	211	782	537	578	999	486	27	595	662	948	434	440	389	622	279	95	490	610	294	310	783	310	55	814	938	610	34	107	792	986	463	569	588	944	820	561	226	746	496	612	41	336	424	143	88	577	175	911	776	982	836	999	826	239	87	832	787	317	579	73	61	527	250	535	168	257	517	390	793	578	316	617	569	316	286	910	481	322	160	5	348	117	131	771	751	
1066	897	186	148	388	464	795	661	277	275	823	239	671	124	698	300	68	951	713	822	585	195	246	553	95	98	65	960	573	924	425	347	518	14	875	447	207	656	330	847	197	456	168	858	892	793	452	428	370	64	797	73	517	145	758	63	274	428	106	364	664	6	169	416	940	542	460	36	911	477	910	419	5	681	331	167	303	796	333	168	235	824	20	521	473	782	230	619	762	792	865	934	613	827	852	837	498	481	220	193	82	133	102	489	326	576	95	777	735	756	892	288	782	904	96	758	262	107	856	838	599	
1067	405	744	396	489	962	802	574	638	228	128	754	417	954	482	80	804	501	757	542	650	322	869	661	478	454	377	139	472	234	415	120	321	279	329	668	377	930	48	385	559	579	745	941	9	851	365	324	692	381	37	451	110	455	69	887	690	856	361	879	885	300	126	31	750	62	82	303	299	525	390	516	986	162	874	341	708	353	418	872	377	54	312	246	120	66	827	308	422	550	854	636	937	471	755	99	437	123	394	924	183	691	652	309	936	353	509	401	436	891	466	446	731	169	135	87	784	36	388	372	56	
1068	697	849	109	267	399	692	468	317	817	299	540	547	739	782	929	87	106	480	463	610	412	60	826	93	289	654	789	420	314	591	481	692	425	101	233	847	1	11	973	597	63	716	539	85	866	478	220	788	743	460	182	222	168	332	5	755	182	307	480	147	476	78	90	525	502	498	493	779	746	318	510	99	541	143	933	170	793	540	35	442	734	364	105	382	263	477	118	106	454	622	553	320	523	7	704	185	552	55	497	809	200	14	911	286	818	764	360	610	593	482	868	750	550	968	631	386	464	774	979	587	
1069	391	592	916	181	155	190	504	128	540	669	551	638	27	514	879	927	212	812	852	881	343	184	515	592	264	978	939	387	105	909	198	497	623	997	319	724	666	146	411	477	169	320	261	481	654	853	389	58	101	403	217	585	299	951	255	186	460	784	617	960	413	964	194	652	772	359	88	736	445	678	322	544	838	347	372	163	789	274	585	334	264	131	200	945	822	640	514	359	908	506	171	120	242	935	855	953	279	320	887	343	66	88	676	896	195	70	419	891	626	783	490	568	446	349	170	978	520	693	397	292	
1070	792	994	650	736	888	486	914	497	406	557	987	403	721	938	333	569	393	651	257	491	196	457	970	677	993	670	315	297	52	264	867	337	802	117	879	871	85	183	511	296	34	578	652	622	120	363	47	38	340	420	326	474	531	789	979	135	191	885	293	889	166	962	123	405	655	981	678	919	831	529	574	462	739	837	168	797	871	464	463	363	286	485	777	333	307	888	659	747	119	639	167	632	451	668	28	973	289	666	463	57	862	669	705	298	875	95	841	63	756	9	628	753	264	247	66	126	315	871	538	352	
1071	395	665	462	827	45	15	242	526	659	498	987	722	235	359	483	216	288	126	620	64	93	54	398	890	281	193	972	548	652	841	312	844	562	595	148	718	550	675	394	543	88	824	14	154	418	457	755	123	991	952	267	587	300	646	708	900	268	239	359	502	167	416	666	129	883	78	752	515	662	528	295	172	490	256	43	408	898	614	225	844	188	94	406	85	704	539	537	918	832	827	607	177	143	341	670	888	47	545	243	883	118	255	24	292	41	994	576	466	916	838	757	979	736	872	500	358	470	29	191	920	
1072	126	636	308	29	626	796	664	381	436	350	686	678	231	644	209	324	711	647	817	200	834	199	248	667	918	845	637	489	805	725	1	80	383	894	137	601	902	964	587	86	576	935	828	661	296	901	577	796	158	190	916	37	1000	79	490	884	409	873	195	439	786	874	378	213	390	965	102	890	34	542	975	538	260	464	181	107	915	58	405	857	935	671	493	436	899	605	667	468	832	777	504	792	52	824	851	819	483	33	684	952	812	418	661	752	632	160	352	618	14	755	357	10	651	688	10	732	248	273	89	370	
1073	651	76	509	843	510	412	257	311	810	330	100	191	624	205	153	149	687	454	47	452	152	680	167	457	907	669	518	1	491	724	487	452	888	623	342	864	780	100	992	65	145	994	438	48	944	215	804	810	700	335	45	474	89	976	417	121	55	404	642	269	116	358	51	880	712	360	66	978	2	845	199	17	948	594	93	729	842	419	642	391	761	579	282	330	926	267	720	884	460	887	511	556	986	430	469	240	716	777	481	978	456	693	159	216	732	92	450	201	535	432	314	284	957	42	150	123	631	626	211	368	
1074	64	485	831	926	963	325	509	554	560	645	583	639	581	560	789	306	878	685	896	917	991	37	122	512	779	906	421	228	549	363	976	889	614	557	757	673	638	309	46	716	670	171	977	29	29	729	409	380	153	997	943	102	416	506	616	714	120	990	489	421	116	127	113	497	648	135	622	945	719	282	683	56	34	166	968	555	676	171	290	196	548	610	861	416	451	522	327	915	127	937	750	595	62	560	573	66	623	954	715	448	358	519	101	728	86	756	829	129	52	261	962	361	201	5	866	637	656	757	285	372	
1075	3	789	884	173	589	387	620	659	543	947	797	58	394	290	483	760	629	527	808	35	551	32	546	286	686	871	524	478	362	909	99	845	238	420	874	423	624	435	248	147	918	694	591	213	459	21	905	961	962	654	934	626	699	117	257	180	948	947	284	718	290	852	481	133	480	85	595	605	870	374	172	217	350	725	184	565	443	371	945	865	955	35	765	713	303	912	133	227	344	326	343	64	972	620	502	7	57	688	65	399	17	171	377	499	439	39	303	443	409	502	853	848	367	653	307	768	835	425	342	579	
1076	240	804	324	945	492	443	212	626	59	978	372	857	874	216	594	274	260	732	135	135	117	708	326	447	420	482	382	176	208	652	587	936	10	291	658	152	596	718	300	794	192	784	142	589	540	407	606	735	476	863	440	730	697	726	914	466	177	193	36	846	126	431	341	356	187	340	578	178	301	809	23	499	542	842	283	822	72	736	143	189	472	144	584	788	801	651	501	721	691	328	330	772	586	647	199	662	788	471	251	551	590	491	101	930	190	264	420	804	150	50	549	565	887	935	677	701	533	596	711	67	
1077	454	448	290	309	564	490	990	916	884	430	134	223	211	293	537	447	377	65	421	535	796	903	814	898	812	880	341	77	271	904	81	774	357	230	610	558	47	46	339	675	299	755	967	504	411	97	328	17	655	849	972	762	24	22	377	1000	799	777	451	394	685	944	667	288	804	100	345	677	558	202	894	329	349	218	499	818	202	207	799	837	625	526	927	679	845	226	254	457	440	303	647	523	446	894	680	447	475	369	522	18	394	496	166	839	880	466	818	93	456	359	4	233	191	198	95	215	739	571	700	925	
1078	748	722	512	531	627	841	196	803	470	571	550	916	502	692	556	957	429	652	31	181	259	722	927	778	858	227	72	482	617	995	221	885	54	108	258	442	448	53	870	434	419	28	16	618	997	495	528	629	761	135	722	217	114	823	407	488	618	716	269	450	659	213	392	17	214	644	968	821	698	317	501	697	656	142	936	526	797	392	500	390	399	814	957	700	99	131	784	642	406	593	131	387	730	911	110	386	180	579	858	370	692	352	817	904	437	497	911	262	917	759	143	650	935	103	913	902	431	32	330	776	
1079	67	300	333	367	212	512	314	184	496	993	627	477	439	939	816	905	852	620	588	879	923	521	871	80	826	772	159	526	699	317	411	129	449	423	928	71	489	661	799	113	228	980	495	604	346	450	639	325	144	519	23	705	540	699	895	900	217	800	871	536	31	874	209	56	228	532	644	853	377	781	827	745	406	203	406	130	168	94	102	81	644	840	222	156	756	828	313	577	913	805	575	652	481	592	124	67	532	132	786	992	66	792	597	438	375	663	695	79	721	312	78	141	337	200	675	496	272	828	165	416	
1080	905	101	500	300	759	18	226	896	342	24	967	236	311	989	441	119	830	460	211	614	935	422	897	79	455	701	189	51	243	706	841	682	999	882	742	686	824	973	948	265	58	560	763	128	578	867	586	493	563	700	558	711	27	973	557	597	771	916	970	75	314	410	396	3	828	183	779	703	394	820	771	454	489	728	868	470	63	79	592	529	955	479	887	971	813	485	216	563	630	840	849	584	209	196	744	358	681	867	979	368	309	534	349	920	386	698	274	549	168	385	837	133	720	925	935	771	676	229	91	522	
1081	289	264	379	22	968	135	123	623	93	981	257	33	613	691	62	581	932	404	142	684	529	743	382	577	535	478	583	696	389	518	426	990	912	696	980	315	311	471	547	798	159	859	201	495	464	461	385	915	264	260	48	99	471	391	231	558	867	956	902	881	133	953	866	708	955	593	234	271	791	9	822	892	424	27	825	783	15	138	569	843	125	504	396	366	619	981	806	776	314	385	944	168	77	667	843	472	267	906	13	770	657	125	475	907	79	798	8	679	338	92	933	829	243	609	498	828	365	65	875	886	
1082	980	22	188	821	894	228	787	992	557	143	389	677	546	747	154	150	524	423	897	257	345	438	418	714	247	529	526	782	82	79	553	890	694	632	966	645	144	838	699	875	736	309	399	764	658	749	722	260	293	230	76	580	738	219	697	698	593	385	890	156	57	2	591	730	983	901	756	813	354	361	570	794	604	154	696	348	427	466	546	865	928	916	16	491	231	517	298	955	561	988	354	529	903	331	754	182	807	374	441	805	812	124	840	391	361	644	409	775	942	58	802	253	990	921	982	999	440	515	933	845	
1083	47	206	851	649	163	714	564	94	690	362	549	389	863	723	673	870	467	57	371	411	860	818	312	311	782	629	950	796	502	91	24	526	301	964	60	682	537	613	30	44	746	793	422	383	492	749	15	573	408	856	682	161	544	859	227	691	523	78	17	389	709	339	748	564	971	78	306	41	598	677	99	56	694	165	14	904	256	525	323	572	435	487	930	410	495	108	548	898	191	375	17	425	473	789	409	839	380	620	655	581	129	209	355	803	477	606	671	721	118	900	868	12	611	485	861	188	433	222	428	508	
1084	962	212	697	74	866	392	942	798	660	226	279	91	290	750	461	296	941	647	954	140	105	754	541	489	386	130	184	253	935	84	760	855	975	156	885	663	537	751	43	289	664	747	303	316	543	995	174	910	385	416	75	562	380	453	239	644	119	609	206	796	297	794	471	66	780	776	788	33	315	839	972	478	23	466	333	579	440	244	821	799	618	432	443	265	278	197	994	445	771	154	414	470	668	744	121	404	603	751	328	383	790	609	602	709	594	847	473	761	461	640	556	5	713	369	539	1	893	354	661	284	
1085	301	87	625	950	876	230	270	131	979	7	90	100	308	772	117	88	34	714	917	935	464	497	590	204	810	428	233	404	892	65	40	40	570	626	256	825	504	54	856	213	803	986	865	692	87	828	399	753	387	633	976	197	826	269	874	558	859	827	993	760	843	302	153	778	929	784	529	589	538	816	377	928	783	545	133	559	628	848	739	157	18	390	273	432	671	464	202	628	300	811	795	763	71	204	320	211	330	199	949	312	956	13	74	212	695	780	422	236	210	418	575	869	415	105	321	599	775	482	710	504	
1086	571	716	220	504	338	29	604	405	631	963	76	101	109	442	1	995	210	203	339	480	88	910	384	890	178	735	970	747	618	557	665	38	418	551	787	743	778	255	147	3	426	428	344	845	72	538	856	891	708	285	29	152	682	998	590	364	664	309	897	793	745	623	288	215	17	730	361	610	562	303	730	722	350	303	589	964	374	674	32	39	730	187	9	233	994	120	72	507	741	472	973	186	167	654	475	544	384	21	453	835	235	428	401	307	220	493	826	994	222	417	482	543	156	534	63	635	318	347	877	976	
1087	834	173	567	228	343	261	121	727	441	119	976	845	983	134	255	276	773	687	143	794	127	85	723	682	125	751	566	688	7	677	876	895	339	481	871	240	181	835	259	534	574	960	427	944	272	603	45	110	560	276	147	768	421	649	884	892	865	714	835	638	686	841	222	388	642	194	401	250	678	855	948	716	179	119	643	515	694	640	300	898	446	82	342	97	475	606	240	489	137	135	80	441	526	200	317	72	504	150	295	580	906	904	165	770	425	52	911	119	138	771	166	471	662	64	128	933	184	925	529	298	
1088	743	774	336	927	978	611	417	861	272	520	748	890	958	871	81	351	528	425	980	747	686	466	783	81	334	42	699	541	661	629	495	264	576	221	605	546	328	71	88	288	21	108	779	982	458	704	382	942	625	368	362	458	536	7	368	214	477	682	556	722	102	710	144	550	988	326	494	598	633	577	29	769	175	458	737	21	771	522	300	285	970	828	265	230	866	279	419	750	156	946	865	765	929	850	892	161	875	823	988	557	133	760	376	161	285	804	117	176	425	628	810	877	728	957	657	816	915	521	943	16	
1089	632	560	897	285	347	813	680	211	282	39	148	300	166	81	728	216	673	921	334	644	77	239	390	149	971	777	687	619	117	374	213	107	70	9	204	474	944	25	332	982	101	407	661	767	90	751	909	447	498	419	176	813	839	572	367	256	222	834	412	74	507	958	717	731	954	318	959	496	137	73	980	20	514	52	872	93	277	580	249	162	237	852	405	780	633	377	993	386	358	308	511	537	507	368	543	131	582	629	529	744	333	317	433	931	352	669	349	535	685	646	235	929	451	196	750	551	627	342	859	721	
1090	879	831	495	686	92	347	996	777	288	539	841	462	309	67	405	46	459	915	508	955	381	228	93	68	698	195	296	669	810	502	919	806	267	709	829	58	506	731	325	499	141	100	36	363	880	737	673	326	126	954	356	247	107	228	541	313	808	51	414	127	943	257	20	645	159	272	113	856	106	860	662	539	773	117	576	324	519	636	512	287	342	339	887	402	495	410	241	240	12	815	162	281	787	709	70	585	212	673	317	296	739	617	864	755	39	53	565	922	370	899	9	89	51	734	534	170	336	822	938	42	
1091	846	794	627	511	546	431	507	354	319	409	507	910	752	97	834	997	93	339	107	625	767	564	492	396	826	960	360	543	922	455	208	729	225	960	645	403	95	543	818	17	411	212	599	939	425	76	600	741	213	627	352	900	423	353	88	794	560	989	157	148	571	160	57	130	55	4	32	870	324	620	525	601	404	781	670	34	205	54	174	800	948	852	41	627	924	169	69	165	903	374	264	535	44	734	276	633	1	661	394	906	915	192	470	9	316	335	495	523	764	137	738	510	787	902	311	893	733	43	924	397	
1092	26	832	207	946	632	851	176	215	667	860	157	113	99	92	115	880	15	833	621	485	436	613	639	313	290	744	907	955	88	507	882	18	321	927	558	368	390	133	429	640	382	471	624	113	723	894	61	162	895	126	129	625	911	415	994	831	223	374	693	334	494	275	979	78	796	900	98	268	625	306	33	476	95	17	195	745	762	518	728	946	743	29	968	543	763	897	353	436	373	215	467	789	695	981	322	932	681	246	156	942	191	849	900	716	325	972	574	249	223	363	731	575	485	718	943	80	807	569	226	17	
1093	965	260	881	507	743	277	899	139	983	484	703	563	148	677	608	448	23	120	738	659	965	192	650	979	745	217	411	635	617	630	950	974	71	226	41	216	515	949	91	951	38	417	895	218	114	982	959	72	841	82	732	165	460	429	331	776	182	69	121	152	215	317	402	872	660	635	646	496	543	946	414	439	555	181	341	486	28	701	298	734	548	525	694	917	512	339	729	357	781	666	969	573	981	310	334	348	310	416	407	795	213	843	25	242	430	350	202	470	1000	227	945	362	711	398	656	867	689	946	820	128	
1094	225	357	426	289	835	193	945	116	545	517	567	971	722	879	1	472	621	118	818	207	384	779	114	346	776	364	48	320	386	765	659	89	922	554	480	117	618	988	135	318	190	736	886	635	165	182	514	239	810	527	27	193	803	168	544	989	618	663	803	403	691	52	982	382	749	242	654	40	124	214	318	908	566	535	599	780	493	166	511	972	620	352	600	799	318	737	131	88	467	348	484	699	700	424	520	6	817	277	108	466	857	392	823	326	314	723	635	886	762	88	648	895	341	615	122	999	263	438	820	75	
1095	81	60	105	686	418	161	255	360	386	314	635	753	601	905	460	890	587	697	265	531	228	507	145	379	749	719	66	479	710	713	294	733	166	738	811	729	58	953	946	728	474	825	387	19	178	285	950	406	216	33	525	562	657	370	912	263	361	369	873	542	18	308	378	606	316	342	379	109	927	641	808	394	781	968	394	601	715	305	349	94	177	739	642	189	704	677	998	177	627	520	891	764	82	101	869	631	651	705	199	610	865	360	783	182	26	152	624	177	363	544	191	770	911	456	424	645	952	562	721	353	
1096	234	887	192	948	211	528	951	698	506	497	751	737	478	33	571	265	560	181	932	227	199	229	369	497	831	511	970	546	555	851	214	693	353	999	380	155	222	332	831	90	665	560	790	431	756	933	91	732	224	233	17	274	704	664	252	656	129	608	940	885	184	371	234	419	564	962	382	493	878	703	888	634	487	44	253	858	649	306	228	296	184	317	394	961	882	678	59	284	620	553	298	394	831	945	307	728	564	40	223	315	620	587	623	547	515	436	637	187	773	962	983	7	793	727	917	463	21	137	390	916	
1097	483	525	521	346	756	146	372	360	169	430	228	279	534	127	684	141	522	173	913	208	156	316	17	250	433	251	821	569	120	124	961	675	367	374	969	272	902	119	974	40	276	501	97	687	154	911	310	533	989	599	485	195	592	771	886	763	929	796	27	135	458	799	2	341	539	331	2	314	694	713	262	468	196	738	113	764	966	70	793	940	53	153	678	901	958	475	117	853	81	920	400	559	129	605	32	178	401	620	374	335	428	234	214	821	822	111	421	199	705	285	212	617	531	44	525	655	390	214	550	119	
1098	495	212	535	628	783	146	18	184	435	394	663	848	176	603	354	883	626	492	304	325	660	752	437	605	752	546	16	240	122	202	937	661	896	601	529	363	461	153	699	487	6	97	786	915	84	152	332	939	28	55	85	993	115	4	46	988	189	356	168	308	224	265	996	978	236	420	860	262	191	429	911	440	534	609	657	267	158	987	633	150	28	94	480	93	761	737	639	296	843	292	759	379	128	34	62	958	596	784	313	165	804	829	885	74	187	10	83	297	718	108	380	741	612	152	120	689	992	54	717	906	
1099	713	366	915	329	446	682	392	93	363	831	128	789	314	398	949	941	941	640	845	667	692	770	302	730	261	29	597	854	540	330	864	520	540	492	365	445	916	941	138	282	853	590	423	290	251	305	761	668	834	761	200	334	555	85	491	607	15	464	314	284	115	141	980	129	412	801	394	442	661	777	419	522	439	622	306	499	881	238	502	583	840	341	632	328	616	380	562	435	723	304	318	570	874	518	428	889	298	886	112	409	841	901	987	372	633	424	481	264	387	909	996	336	672	972	863	214	508	23	837	374	
1100	894	770	583	553	982	986	971	654	570	849	322	23	570	499	361	898	187	333	553	594	807	203	309	65	407	59	379	502	694	466	159	288	736	814	853	530	291	724	278	727	301	379	508	415	350	673	593	795	263	764	917	429	731	611	159	12	557	374	326	207	850	739	423	959	801	579	26	586	520	852	681	21	224	464	649	866	659	526	836	371	933	824	333	533	330	76	277	296	30	407	446	478	795	239	839	450	214	335	335	684	818	105	325	834	410	543	311	632	153	210	361	163	404	311	593	882	722	55	561	726	
1101	973	716	972	607	614	581	729	496	644	668	117	883	123	322	715	395	808	415	840	335	174	250	570	348	243	377	395	414	298	337	598	859	338	768	289	680	648	793	555	168	208	497	128	722	74	56	11	571	363	537	563	253	768	477	945	62	82	484	401	683	927	510	535	302	517	818	204	717	189	125	641	142	253	181	595	888	494	646	552	331	831	69	976	731	338	59	664	305	742	68	563	587	124	416	882	852	670	970	366	199	685	191	794	488	146	433	806	708	751	413	498	226	982	290	432	442	362	284	662	765	
1102	167	490	260	675	663	542	222	477	447	526	453	112	649	79	744	543	854	923	894	509	486	498	969	104	369	691	833	690	639	363	827	554	406	197	689	426	594	444	123	298	826	917	583	118	585	47	605	243	393	511	862	336	423	224	199	163	291	616	432	697	350	521	498	609	833	573	559	363	523	3	428	709	35	106	237	879	895	811	464	32	125	317	181	96	824	139	20	344	462	16	543	358	911	837	18	293	544	914	712	997	800	196	168	271	426	838	912	171	909	507	640	445	473	186	658	718	491	195	464	279	
1103	570	551	19	787	578	787	597	58	155	996	976	210	254	839	454	399	264	879	371	226	526	613	162	748	913	413	32	262	906	420	352	873	135	383	319	714	798	134	729	248	641	801	476	345	202	97	251	9	641	954	917	949	285	791	616	151	624	647	399	411	37	311	860	225	670	744	498	627	41	82	42	570	891	369	576	997	552	527	567	202	937	266	83	383	223	815	917	930	927	871	12	16	383	185	849	284	312	953	396	504	876	48	942	136	762	947	886	693	375	640	288	736	223	22	507	640	573	180	698	293	
1104	837	965	589	758	483	281	984	604	338	917	287	199	446	750	410	53	96	382	234	232	644	752	28	212	206	663	495	822	615	735	960	264	682	348	684	770	412	634	685	731	539	333	889	89	782	234	976	437	990	102	388	242	908	45	845	559	115	549	534	251	6	789	610	409	781	152	820	284	804	302	333	749	509	444	262	490	328	379	537	529	511	455	195	782	495	401	309	25	356	839	539	860	171	602	508	139	126	432	252	420	420	428	758	425	511	955	558	300	442	919	918	50	691	913	663	251	397	571	426	546	
1105	964	567	744	622	367	503	493	718	846	741	89	715	67	378	96	354	864	201	973	22	504	295	360	33	781	767	74	767	218	94	696	523	492	874	487	261	957	96	920	868	345	551	996	73	29	31	41	388	4	350	757	52	532	964	762	425	961	293	699	451	760	23	462	152	55	524	930	994	995	146	43	968	17	914	100	807	337	838	949	47	576	134	621	978	317	108	433	227	422	687	597	996	60	813	930	595	653	13	473	813	552	164	359	186	14	565	618	156	927	878	147	539	74	953	324	714	922	265	188	416	
1106	974	497	567	198	722	901	177	46	340	772	708	918	709	772	3	552	746	558	520	487	49	836	918	364	943	956	28	858	89	20	511	596	610	686	102	934	52	46	380	666	778	505	833	60	998	57	210	447	895	951	531	153	133	392	250	372	976	786	686	87	821	792	808	941	554	941	856	12	533	910	387	473	335	611	267	698	367	703	144	651	261	853	214	277	731	62	679	396	427	416	82	552	893	777	683	367	271	597	622	392	475	212	534	795	451	816	251	1000	272	533	220	877	523	577	752	427	635	806	123	27	
1107	470	839	413	785	655	825	306	962	711	814	19	78	81	398	792	910	640	488	814	752	548	862	203	635	995	793	619	221	386	120	457	698	595	974	742	632	977	698	717	561	666	10	979	896	285	866	689	391	92	842	508	273	619	110	310	284	234	682	318	217	807	445	478	718	928	197	131	155	472	844	466	509	335	18	113	368	463	907	76	384	740	105	362	113	331	13	943	893	911	386	738	238	648	723	945	789	397	383	84	730	507	353	712	981	382	805	246	517	431	263	75	575	871	998	872	673	836	930	676	159	
1108	106	777	253	195	353	84	734	489	865	857	317	91	856	447	891	494	499	112	256	646	528	244	157	102	704	286	777	997	533	223	210	73	432	545	118	72	47	415	115	412	373	155	532	407	834	799	653	384	924	201	617	972	302	601	361	305	32	996	528	782	807	54	981	983	654	140	273	616	829	824	994	168	98	360	807	976	237	656	420	251	833	679	984	680	263	368	317	838	252	683	992	105	511	547	378	642	988	800	582	267	268	264	172	546	392	609	229	797	171	579	848	624	904	932	396	379	869	763	495	392	
1109	169	511	211	21	605	503	859	344	823	956	872	11	287	952	597	536	487	239	207	980	118	561	750	516	327	711	157	423	905	32	909	102	264	854	63	185	500	269	393	796	648	964	687	483	277	376	390	737	24	397	718	319	730	686	206	434	679	671	205	774	442	104	822	914	526	141	490	468	103	556	565	343	930	295	378	186	451	450	256	667	238	383	249	692	704	856	56	660	22	141	355	777	390	855	890	220	893	612	199	878	352	212	182	914	311	986	711	634	855	224	849	623	592	996	825	843	622	671	155	817	
1110	873	384	904	133	165	130	468	587	858	836	197	14	124	149	132	646	968	166	955	907	944	545	364	997	390	181	365	438	3	848	994	510	434	172	403	815	185	45	960	514	360	689	291	457	614	321	781	471	752	560	283	549	130	513	578	351	603	390	393	934	692	38	206	31	50	6	835	716	804	700	2	25	183	152	567	113	40	347	109	538	737	884	604	631	272	713	882	997	260	467	143	728	82	886	397	990	63	583	303	948	110	414	289	456	580	326	513	783	731	899	525	351	212	307	141	760	360	824	818	495	
1111	533	304	267	252	111	671	963	402	238	456	687	999	68	446	359	322	653	394	97	287	208	828	327	281	101	503	215	892	855	861	621	378	188	482	830	787	386	829	742	651	484	788	245	799	494	792	198	368	285	17	984	507	227	51	864	704	713	769	38	330	69	408	831	222	63	760	67	471	711	366	336	745	937	573	695	109	387	575	725	797	478	807	741	465	699	384	811	592	232	403	636	875	755	789	333	278	807	527	153	664	109	939	199	206	388	627	779	35	395	203	836	738	895	658	494	967	161	949	769	947	
1112	878	17	766	457	259	783	770	867	25	400	622	92	362	237	744	269	845	235	647	192	781	411	511	840	316	972	558	404	562	712	119	773	208	485	445	510	538	53	810	404	269	952	176	733	917	872	352	422	667	469	522	544	108	314	20	794	605	968	518	477	197	673	45	244	260	248	854	274	971	927	630	449	820	249	823	360	812	673	214	324	309	187	203	403	377	90	289	877	355	105	398	755	528	597	853	445	671	506	674	134	133	478	278	443	84	867	636	324	413	193	330	98	603	923	276	50	474	497	461	80	
1113	374	952	336	619	875	719	432	395	131	89	730	225	688	225	233	944	446	348	2	18	967	356	270	390	47	291	788	985	512	801	572	667	65	970	105	764	650	706	974	927	524	787	493	909	759	296	772	429	691	738	794	386	210	763	776	822	294	769	410	422	328	158	160	221	833	677	208	653	748	535	943	75	451	887	880	315	873	667	724	581	672	549	123	902	124	448	961	129	696	502	500	919	583	569	61	685	398	105	885	670	976	974	82	728	513	87	603	659	896	402	856	215	526	28	437	949	356	659	504	553	
1114	786	433	382	903	357	594	683	80	486	791	125	54	215	80	781	375	513	397	691	906	380	577	763	526	696	441	535	2	460	799	181	397	349	74	571	591	265	560	152	31	555	679	28	222	802	265	210	67	566	558	253	969	443	238	666	934	737	167	365	142	106	875	878	456	726	78	476	934	388	559	338	467	786	557	10	168	862	604	304	687	614	871	416	364	709	64	443	456	911	598	301	304	439	407	586	262	422	662	483	670	943	438	500	508	153	688	704	28	717	705	894	929	528	144	413	283	723	918	158	787	
1115	279	210	1000	649	936	28	7	677	226	671	518	266	614	739	266	369	896	132	618	197	353	356	555	686	976	939	901	845	841	188	294	465	545	41	654	817	185	769	555	235	801	49	110	277	446	473	989	114	494	248	274	863	204	147	924	966	224	546	148	91	977	683	875	509	221	980	210	143	280	387	762	808	835	552	598	319	935	125	293	875	354	700	780	555	321	498	996	913	767	555	863	596	413	646	257	478	155	906	293	411	221	769	389	379	873	812	814	554	952	967	323	574	67	295	601	768	641	489	795	183	
1116	140	102	849	110	850	304	812	754	555	973	60	185	883	26	669	483	853	806	796	314	584	821	865	786	769	415	888	579	440	177	560	685	711	906	690	203	385	176	454	682	432	307	883	220	242	795	367	952	164	302	446	941	799	133	213	455	322	655	113	584	56	366	635	939	836	761	615	165	418	633	550	324	664	800	561	781	901	486	430	897	160	318	792	696	52	201	746	737	315	666	300	119	512	882	737	552	242	604	704	947	358	499	282	696	307	170	587	733	996	885	557	421	418	247	241	779	328	499	400	856	
1117	774	657	449	833	613	931	221	353	355	157	606	228	966	35	229	650	123	116	811	672	446	411	653	440	231	555	871	154	170	310	829	930	525	511	782	122	279	14	274	57	615	61	837	596	58	697	452	836	506	419	696	920	923	927	49	196	631	612	220	602	349	117	392	145	678	544	501	491	664	525	758	99	502	857	745	806	864	428	381	9	222	351	939	44	131	10	248	46	24	181	786	825	78	197	72	286	904	90	327	132	385	503	210	222	282	105	610	51	70	355	55	938	553	193	965	588	22	836	754	812	
1118	614	631	517	460	198	958	820	165	70	155	782	192	491	261	562	969	485	815	762	197	344	306	854	762	41	142	481	844	317	25	712	257	151	230	921	431	968	625	976	564	292	58	720	134	234	264	952	261	28	689	755	598	761	991	149	633	111	709	891	445	564	74	658	562	151	229	586	527	859	442	844	189	148	211	306	324	284	363	383	605	424	895	87	991	943	222	911	558	275	315	600	505	963	176	256	178	327	148	378	348	262	496	207	112	685	735	213	776	857	261	543	128	175	578	893	626	265	366	157	985	
1119	247	634	304	168	392	508	763	512	149	472	94	234	740	314	85	537	854	120	36	745	847	48	176	442	449	389	117	305	120	62	274	59	970	864	954	804	813	413	116	192	333	53	797	871	78	572	844	222	199	555	15	403	872	675	540	737	933	800	450	909	667	499	233	720	283	706	631	695	13	292	789	903	142	687	89	773	973	781	805	381	579	823	920	328	809	432	532	924	558	429	136	127	216	266	422	19	467	889	879	473	896	768	782	839	960	416	667	739	378	741	369	773	673	307	97	984	921	181	840	522	
1120	124	55	45	767	862	850	660	137	684	539	969	88	785	543	78	811	896	57	75	572	645	150	744	569	935	185	107	497	788	672	636	685	813	919	719	807	404	203	162	86	908	817	288	770	287	504	517	590	789	157	355	788	76	213	524	765	947	192	401	848	740	684	258	515	433	272	943	616	14	690	471	514	223	523	502	384	147	545	708	137	609	925	124	353	386	71	3	627	360	190	74	311	989	980	964	910	535	722	12	268	971	664	345	724	767	759	187	394	92	763	323	165	644	155	662	84	784	754	347	931	
