30
1	1	67	1002	1004	1005	1007	1008	1009	1012	1013	1015	1016	1017	1019	1021	1022	1023	1025	1026	1027	1028	1029	1031	1032	1033	1034	1035	1036	1038	1039	1042	1044	1045	1046	1047	1048	1049	1050	1051	1053	1055	1057	1058	1060	1061	1062	1064	1065	1066	1067	1068	1069	1070	1071	1072	1073	1074	1076	1077	1078	1079	1081	1082	1083	1084	1085	1087	1089	1090	
2	2	57	1003	1004	1006	1007	1008	1010	1011	1012	1015	1018	1020	1022	1023	1025	1026	1029	1030	1031	1033	1037	1038	1039	1040	1041	1043	1046	1048	1049	1051	1052	1053	1054	1055	1056	1057	1059	1060	1061	1065	1066	1067	1068	1071	1072	1073	1074	1076	1078	1079	1080	1081	1082	1084	1085	1087	1088	1090	
3	3	84	1001	1002	1003	1005	1006	1007	1008	1009	1010	1011	1012	1013	1014	1015	1016	1017	1018	1019	1020	1021	1022	1023	1024	1025	1026	1027	1028	1029	1030	1031	1032	1033	1034	1035	1036	1037	1038	1039	1040	1041	1042	1043	1044	1045	1046	1047	1048	1050	1051	1052	1053	1055	1056	1057	1058	1059	1060	1061	1062	1064	1065	1066	1067	1068	1069	1071	1072	1073	1074	1075	1076	1077	1078	1079	1080	1082	1083	1084	1085	1086	1087	1088	1089	1090	
4	4	37	1001	1002	1003	1004	1009	1011	1015	1017	1022	1023	1029	1030	1031	1033	1037	1038	1041	1045	1049	1050	1051	1053	1054	1055	1058	1059	1063	1064	1066	1071	1074	1078	1080	1082	1083	1084	1086	
5	5	44	1001	1002	1004	1007	1008	1010	1014	1015	1016	1019	1020	1022	1025	1028	1032	1033	1034	1035	1037	1041	1043	1046	1047	1048	1049	1051	1056	1060	1061	1062	1069	1070	1071	1072	1074	1076	1077	1082	1084	1085	1087	1088	1089	1090	
6	6	66	1001	1003	1004	1005	1008	1010	1013	1014	1015	1016	1017	1019	1020	1021	1022	1023	1025	1026	1030	1031	1032	1033	1034	1035	1036	1037	1038	1039	1040	1041	1042	1043	1044	1045	1047	1048	1049	1050	1051	1052	1053	1054	1055	1056	1057	1059	1060	1061	1062	1066	1067	1070	1071	1072	1074	1075	1076	1077	1078	1079	1080	1081	1082	1083	1086	1087	
7	7	63	1001	1003	1004	1006	1008	1009	1010	1011	1012	1014	1015	1016	1017	1018	1019	1020	1021	1023	1026	1027	1028	1030	1031	1035	1036	1037	1040	1042	1045	1046	1048	1049	1051	1052	1053	1055	1057	1058	1059	1060	1061	1062	1063	1064	1065	1066	1067	1068	1069	1070	1071	1072	1076	1078	1079	1080	1081	1082	1083	1084	1085	1088	1090	
8	8	81	1001	1002	1003	1004	1007	1008	1009	1010	1011	1012	1013	1014	1015	1016	1017	1018	1019	1021	1023	1024	1025	1026	1027	1028	1029	1030	1031	1032	1034	1035	1036	1037	1038	1039	1040	1041	1042	1043	1044	1045	1046	1047	1048	1049	1050	1051	1053	1054	1055	1056	1057	1058	1059	1060	1061	1062	1063	1064	1065	1066	1067	1068	1069	1070	1071	1072	1073	1074	1076	1077	1078	1079	1080	1081	1083	1084	1085	1086	1087	1088	1089	
9	9	62	1001	1004	1008	1009	1010	1012	1015	1017	1018	1019	1020	1021	1022	1023	1024	1025	1027	1028	1029	1032	1033	1034	1035	1037	1039	1041	1042	1045	1046	1047	1048	1051	1053	1055	1056	1057	1058	1060	1061	1062	1063	1064	1066	1067	1069	1070	1071	1073	1074	1075	1078	1079	1081	1082	1083	1084	1085	1086	1087	1088	1089	1090	
10	10	79	1001	1002	1003	1004	1005	1006	1007	1008	1010	1011	1012	1013	1016	1017	1018	1019	1021	1022	1023	1024	1027	1028	1029	1030	1031	1033	1034	1035	1036	1037	1038	1040	1041	1042	1043	1044	1045	1046	1047	1048	1049	1050	1051	1052	1053	1054	1055	1056	1057	1058	1059	1060	1061	1062	1064	1065	1066	1067	1068	1069	1070	1071	1072	1073	1075	1076	1077	1078	1079	1081	1082	1083	1084	1085	1086	1087	1088	1089	1090	
11	11	54	1001	1004	1005	1007	1009	1011	1014	1016	1018	1019	1021	1022	1023	1024	1025	1026	1027	1033	1036	1037	1038	1041	1043	1048	1049	1050	1051	1052	1053	1054	1056	1057	1060	1061	1062	1063	1064	1065	1067	1069	1070	1071	1072	1075	1076	1077	1078	1079	1082	1084	1086	1087	1089	1090	
12	12	52	1002	1005	1006	1008	1010	1015	1019	1020	1022	1023	1024	1025	1027	1028	1031	1032	1034	1035	1037	1038	1040	1042	1044	1045	1046	1048	1049	1051	1053	1054	1055	1056	1058	1059	1060	1062	1064	1066	1067	1068	1069	1070	1073	1074	1077	1078	1080	1082	1084	1086	1088	1089	
13	13	22	1002	1006	1008	1016	1027	1028	1030	1037	1038	1039	1044	1046	1048	1049	1052	1063	1065	1066	1069	1080	1081	1090	
14	14	59	1001	1002	1003	1005	1006	1010	1012	1014	1018	1020	1023	1025	1026	1027	1028	1030	1031	1033	1035	1037	1038	1039	1040	1041	1042	1043	1044	1045	1046	1047	1048	1049	1051	1052	1053	1054	1055	1056	1057	1058	1059	1060	1063	1064	1065	1066	1069	1076	1077	1078	1080	1081	1083	1084	1085	1087	1088	1089	1090	
15	15	62	1002	1005	1007	1010	1012	1013	1014	1015	1016	1018	1019	1023	1024	1025	1026	1027	1028	1029	1030	1031	1032	1033	1034	1035	1037	1038	1039	1040	1042	1043	1044	1045	1046	1047	1048	1049	1052	1054	1055	1056	1058	1060	1063	1064	1069	1070	1072	1074	1075	1076	1077	1078	1080	1081	1082	1083	1084	1085	1086	1087	1088	1090	
16	16	23	1001	1008	1017	1019	1020	1024	1026	1028	1031	1036	1039	1041	1042	1046	1049	1055	1060	1061	1063	1071	1073	1077	1086	
17	17	29	1003	1005	1006	1011	1013	1014	1017	1018	1022	1023	1031	1032	1034	1036	1040	1042	1044	1045	1052	1056	1062	1065	1069	1072	1076	1079	1086	1089	1090	
18	18	64	1001	1002	1003	1005	1006	1007	1008	1009	1010	1011	1013	1015	1016	1018	1019	1020	1021	1022	1023	1024	1025	1026	1027	1028	1029	1030	1031	1032	1033	1034	1036	1037	1039	1042	1043	1044	1045	1046	1048	1049	1050	1051	1052	1054	1055	1056	1057	1058	1059	1060	1062	1068	1070	1073	1074	1076	1077	1078	1079	1083	1084	1085	1087	1088	
19	19	74	1002	1003	1004	1005	1006	1007	1009	1010	1011	1012	1013	1014	1016	1017	1018	1019	1020	1021	1022	1023	1024	1025	1026	1027	1028	1031	1032	1033	1034	1035	1036	1037	1038	1039	1041	1042	1043	1044	1045	1047	1048	1049	1050	1051	1052	1053	1054	1055	1056	1057	1058	1059	1060	1061	1062	1065	1066	1067	1068	1070	1071	1072	1074	1079	1080	1081	1082	1083	1085	1086	1087	1088	1089	1090	
20	20	58	1001	1003	1004	1005	1007	1008	1009	1010	1011	1014	1015	1017	1018	1019	1021	1022	1023	1024	1026	1027	1028	1029	1030	1031	1039	1040	1042	1043	1044	1045	1048	1050	1051	1052	1053	1054	1055	1056	1058	1059	1060	1062	1063	1066	1067	1068	1070	1071	1073	1074	1079	1080	1081	1083	1084	1085	1086	1088	
21	21	47	1004	1006	1008	1010	1012	1014	1016	1019	1020	1021	1024	1026	1027	1029	1031	1033	1034	1035	1038	1039	1042	1043	1045	1048	1049	1051	1052	1053	1056	1057	1058	1059	1061	1066	1068	1069	1070	1071	1073	1076	1078	1081	1082	1084	1085	1088	1089	
22	22	78	1001	1003	1004	1005	1007	1008	1009	1010	1011	1012	1014	1015	1017	1018	1019	1020	1021	1022	1023	1024	1025	1026	1027	1028	1029	1030	1031	1032	1033	1034	1036	1037	1038	1039	1040	1041	1042	1043	1044	1045	1046	1047	1048	1049	1051	1054	1055	1056	1057	1058	1059	1060	1062	1063	1064	1066	1067	1068	1069	1071	1072	1073	1074	1075	1076	1077	1078	1079	1081	1082	1083	1084	1085	1086	1087	1088	1089	1090	
23	23	29	1009	1014	1016	1017	1024	1025	1026	1027	1028	1029	1032	1039	1040	1043	1049	1051	1054	1055	1056	1063	1065	1069	1071	1072	1074	1077	1082	1083	1089	
24	24	75	1001	1003	1005	1006	1007	1008	1009	1010	1012	1013	1014	1016	1017	1018	1019	1020	1021	1022	1023	1024	1025	1026	1027	1031	1032	1033	1034	1035	1036	1037	1038	1039	1040	1042	1044	1045	1046	1047	1048	1049	1050	1051	1052	1053	1054	1055	1056	1057	1058	1059	1060	1062	1063	1064	1065	1066	1069	1070	1071	1073	1074	1075	1077	1078	1079	1080	1081	1082	1083	1084	1085	1086	1087	1088	1089	
25	25	89	1001	1002	1003	1004	1005	1007	1008	1009	1010	1011	1012	1013	1014	1015	1016	1017	1018	1019	1020	1021	1022	1023	1024	1025	1026	1027	1028	1029	1030	1031	1032	1033	1034	1035	1036	1037	1038	1039	1040	1041	1042	1043	1044	1045	1046	1047	1048	1049	1050	1051	1052	1053	1054	1055	1056	1057	1058	1059	1060	1061	1062	1063	1064	1065	1066	1067	1068	1069	1070	1071	1072	1073	1074	1075	1076	1077	1078	1079	1080	1081	1082	1083	1084	1085	1086	1087	1088	1089	1090	
26	26	64	1001	1003	1004	1005	1006	1007	1009	1010	1011	1014	1015	1017	1020	1021	1022	1023	1024	1026	1027	1030	1031	1033	1034	1035	1036	1038	1042	1044	1045	1046	1047	1049	1052	1054	1055	1056	1057	1058	1059	1060	1062	1063	1064	1067	1068	1069	1070	1071	1072	1074	1076	1077	1078	1079	1080	1081	1082	1083	1084	1085	1087	1088	1089	1090	
27	27	28	1001	1002	1003	1006	1009	1014	1020	1024	1025	1026	1034	1041	1042	1046	1049	1050	1051	1052	1053	1056	1063	1064	1072	1073	1074	1078	1085	1090	
28	28	45	1001	1003	1004	1006	1007	1009	1011	1013	1015	1017	1018	1019	1021	1022	1025	1030	1031	1032	1033	1034	1035	1036	1040	1043	1046	1049	1054	1055	1060	1062	1065	1066	1067	1071	1072	1073	1074	1077	1078	1080	1081	1082	1084	1086	1087	
29	29	57	1002	1006	1010	1011	1014	1015	1016	1017	1018	1019	1020	1023	1024	1025	1026	1027	1028	1031	1032	1033	1034	1035	1036	1038	1039	1040	1042	1045	1046	1047	1048	1049	1050	1051	1054	1055	1056	1057	1059	1060	1061	1062	1064	1065	1067	1068	1069	1071	1073	1078	1079	1083	1084	1087	1088	1089	1090	
30	30	54	1003	1005	1006	1007	1009	1010	1011	1012	1013	1015	1016	1017	1018	1019	1021	1023	1024	1025	1027	1032	1033	1036	1037	1040	1043	1044	1047	1048	1049	1050	1051	1053	1054	1056	1058	1059	1060	1061	1064	1066	1067	1069	1071	1072	1073	1075	1076	1079	1081	1082	1084	1087	1089	1090	
