90
1	1	35	1002	1003	1005	1006	1007	1009	1010	1011	1012	1013	1014	1015	1020	1022	1023	1025	1026	1027	1029	1030	1031	1034	1035	1036	1039	1040	1042	1044	1045	1050	1051	1052	1054	1056	1060	
2	2	34	1002	1003	1005	1007	1009	1011	1012	1013	1015	1016	1018	1020	1022	1023	1024	1025	1026	1030	1033	1034	1035	1039	1040	1041	1042	1043	1045	1047	1051	1052	1053	1058	1059	1060	
3	3	59	1001	1002	1003	1004	1005	1006	1007	1008	1009	1010	1011	1012	1013	1014	1015	1016	1017	1018	1019	1020	1021	1022	1023	1024	1025	1026	1027	1028	1029	1030	1032	1033	1034	1035	1036	1037	1038	1039	1040	1041	1042	1043	1044	1045	1046	1047	1048	1049	1050	1051	1052	1053	1054	1055	1056	1057	1058	1059	1060	
4	4	25	1002	1003	1008	1012	1013	1014	1017	1018	1021	1022	1024	1025	1030	1032	1034	1035	1037	1040	1044	1051	1054	1055	1058	1059	1060	
5	5	37	1002	1004	1005	1006	1007	1008	1009	1010	1011	1013	1015	1016	1017	1019	1021	1026	1028	1029	1030	1031	1033	1036	1038	1039	1040	1042	1044	1046	1047	1048	1050	1052	1053	1056	1057	1058	1060	
6	6	27	1001	1002	1003	1004	1005	1006	1010	1011	1014	1017	1019	1021	1023	1028	1030	1032	1035	1037	1038	1044	1047	1050	1053	1055	1056	1058	1059	
7	7	43	1003	1005	1006	1007	1010	1011	1012	1013	1014	1015	1017	1018	1019	1020	1021	1022	1024	1025	1026	1027	1028	1031	1032	1033	1034	1037	1039	1040	1041	1042	1044	1045	1046	1048	1049	1051	1052	1053	1055	1057	1058	1059	1060	
8	8	28	1002	1003	1004	1006	1012	1014	1016	1018	1019	1020	1023	1025	1027	1028	1034	1035	1037	1044	1046	1047	1048	1050	1053	1054	1055	1056	1057	1058	
9	9	32	1005	1007	1009	1010	1011	1012	1013	1015	1016	1017	1018	1020	1022	1027	1028	1031	1034	1035	1036	1038	1039	1040	1041	1043	1045	1047	1050	1055	1056	1057	1058	1059	
10	10	54	1001	1002	1003	1004	1005	1007	1008	1010	1011	1012	1013	1015	1017	1019	1020	1021	1022	1023	1024	1025	1026	1027	1028	1029	1030	1031	1032	1033	1034	1035	1036	1037	1038	1039	1040	1041	1042	1043	1044	1045	1046	1047	1048	1049	1050	1051	1052	1053	1054	1056	1057	1058	1059	1060	
11	11	37	1001	1002	1004	1005	1006	1007	1011	1013	1014	1015	1016	1017	1018	1023	1025	1026	1027	1028	1030	1031	1032	1033	1034	1036	1038	1040	1041	1043	1046	1047	1049	1051	1052	1054	1055	1056	1058	
12	12	20	1004	1005	1006	1008	1011	1018	1019	1023	1026	1030	1032	1041	1044	1045	1051	1055	1056	1058	1059	1060	
13	13	55	1001	1002	1003	1004	1005	1006	1007	1008	1009	1010	1011	1012	1013	1014	1015	1016	1017	1020	1021	1022	1023	1024	1025	1026	1028	1029	1030	1031	1032	1033	1034	1035	1036	1037	1038	1039	1040	1042	1044	1045	1046	1047	1048	1049	1050	1051	1052	1053	1054	1055	1056	1057	1058	1059	1060	
14	14	28	1002	1004	1007	1008	1010	1011	1015	1016	1017	1018	1020	1021	1024	1026	1033	1036	1037	1038	1040	1041	1043	1044	1045	1047	1050	1054	1058	1060	
15	15	18	1006	1015	1019	1022	1023	1024	1026	1035	1036	1040	1041	1042	1043	1045	1046	1050	1051	1056	
16	16	43	1002	1006	1007	1008	1009	1010	1012	1013	1015	1017	1018	1020	1021	1023	1024	1025	1029	1030	1031	1032	1034	1036	1037	1038	1039	1040	1041	1042	1043	1044	1045	1046	1048	1049	1050	1051	1053	1054	1055	1056	1057	1058	1059	
17	17	41	1001	1003	1005	1006	1007	1008	1009	1010	1011	1013	1014	1015	1016	1017	1018	1019	1022	1024	1025	1026	1028	1030	1031	1032	1033	1036	1039	1040	1041	1046	1047	1049	1050	1051	1052	1054	1055	1056	1058	1059	1060	
18	18	50	1001	1002	1003	1004	1005	1006	1007	1008	1009	1010	1011	1012	1015	1016	1017	1018	1019	1020	1023	1024	1025	1026	1027	1028	1029	1030	1031	1032	1034	1038	1039	1040	1041	1042	1043	1045	1046	1047	1048	1049	1050	1051	1052	1053	1055	1056	1057	1058	1059	1060	
19	19	43	1002	1003	1004	1006	1007	1009	1010	1013	1014	1015	1016	1017	1018	1020	1021	1022	1025	1028	1029	1030	1031	1032	1033	1035	1036	1039	1040	1041	1042	1043	1044	1045	1046	1047	1050	1051	1052	1053	1054	1057	1058	1059	1060	
20	20	27	1001	1002	1004	1006	1008	1009	1011	1012	1013	1015	1025	1028	1029	1030	1033	1035	1036	1037	1040	1044	1045	1047	1050	1054	1056	1058	1060	
21	21	51	1001	1003	1004	1006	1007	1008	1009	1010	1011	1012	1013	1015	1016	1017	1019	1020	1023	1024	1025	1026	1028	1029	1030	1031	1032	1033	1034	1035	1037	1038	1039	1040	1041	1042	1043	1044	1045	1046	1047	1048	1049	1050	1051	1052	1053	1054	1055	1056	1058	1059	1060	
22	22	56	1001	1002	1003	1004	1005	1006	1007	1008	1009	1010	1011	1012	1013	1014	1015	1016	1017	1018	1019	1020	1021	1022	1024	1025	1026	1027	1028	1029	1030	1032	1033	1034	1035	1036	1037	1038	1039	1040	1041	1042	1043	1044	1045	1046	1047	1049	1050	1051	1052	1054	1055	1056	1057	1058	1059	1060	
23	23	16	1001	1003	1007	1013	1016	1022	1029	1031	1033	1039	1040	1048	1049	1050	1052	1060	
24	24	59	1001	1002	1003	1004	1005	1006	1007	1008	1009	1010	1011	1012	1013	1014	1015	1016	1017	1018	1019	1020	1021	1023	1024	1025	1026	1027	1028	1029	1030	1031	1032	1033	1034	1035	1036	1037	1038	1039	1040	1041	1042	1043	1044	1045	1046	1047	1048	1049	1050	1051	1052	1053	1054	1055	1056	1057	1058	1059	1060	
25	25	41	1001	1002	1004	1005	1006	1007	1008	1009	1010	1011	1012	1013	1014	1016	1017	1020	1021	1022	1023	1027	1028	1029	1030	1031	1032	1037	1038	1039	1040	1043	1046	1047	1049	1051	1053	1054	1055	1056	1057	1059	1060	
26	26	38	1001	1002	1005	1006	1007	1008	1009	1010	1012	1013	1015	1017	1018	1019	1020	1021	1025	1027	1028	1029	1030	1032	1034	1036	1037	1038	1042	1046	1047	1048	1050	1052	1053	1055	1056	1057	1058	1059	
27	27	16	1004	1005	1011	1014	1020	1021	1028	1032	1034	1036	1037	1044	1045	1051	1053	1057	
28	28	54	1001	1002	1003	1004	1005	1006	1007	1008	1010	1011	1012	1013	1014	1015	1016	1017	1018	1019	1022	1023	1024	1025	1026	1028	1029	1030	1031	1032	1033	1034	1035	1036	1037	1038	1039	1040	1041	1042	1043	1044	1045	1046	1047	1049	1050	1051	1052	1053	1054	1055	1057	1058	1059	1060	
29	29	44	1001	1002	1003	1005	1006	1008	1009	1010	1011	1012	1013	1015	1016	1017	1018	1020	1021	1022	1024	1025	1026	1027	1028	1029	1030	1032	1037	1038	1041	1042	1044	1045	1046	1047	1048	1049	1050	1051	1052	1055	1056	1058	1059	1060	
30	30	33	1003	1006	1010	1011	1012	1013	1015	1018	1020	1022	1024	1025	1026	1029	1030	1034	1036	1037	1038	1040	1042	1044	1045	1046	1050	1051	1052	1053	1054	1055	1056	1057	1060	
31	31	57	1001	1002	1003	1004	1005	1006	1007	1008	1009	1010	1011	1012	1013	1014	1015	1016	1017	1018	1019	1020	1021	1022	1023	1024	1025	1026	1027	1028	1029	1030	1031	1032	1033	1035	1036	1037	1038	1039	1041	1042	1043	1044	1045	1046	1047	1048	1049	1050	1051	1052	1053	1055	1056	1057	1058	1059	1060	
32	32	27	1002	1003	1004	1008	1012	1014	1020	1021	1023	1024	1025	1027	1028	1029	1030	1031	1034	1038	1043	1044	1046	1048	1050	1051	1053	1054	1057	
33	33	23	1002	1004	1017	1021	1022	1023	1024	1025	1027	1030	1031	1032	1033	1036	1040	1042	1043	1047	1051	1053	1055	1059	1060	
34	34	49	1001	1002	1004	1005	1006	1007	1008	1009	1011	1013	1015	1016	1017	1018	1020	1021	1023	1024	1025	1026	1027	1029	1031	1032	1033	1034	1035	1036	1037	1038	1039	1040	1041	1042	1043	1044	1046	1047	1048	1049	1050	1052	1053	1054	1055	1056	1057	1058	1060	
35	35	52	1001	1002	1004	1005	1006	1007	1008	1009	1010	1011	1012	1013	1014	1015	1016	1017	1018	1020	1021	1022	1023	1024	1025	1027	1028	1029	1030	1031	1032	1034	1035	1036	1037	1038	1039	1042	1043	1044	1045	1046	1047	1048	1049	1051	1052	1053	1054	1055	1056	1058	1059	1060	
36	36	22	1004	1006	1007	1008	1010	1013	1016	1024	1025	1035	1039	1041	1042	1043	1044	1046	1047	1049	1050	1055	1056	1058	
37	37	51	1001	1003	1004	1005	1007	1008	1009	1010	1011	1012	1013	1014	1015	1016	1017	1018	1019	1020	1021	1022	1023	1024	1025	1027	1028	1029	1030	1031	1033	1035	1036	1037	1038	1039	1041	1042	1043	1044	1047	1048	1049	1051	1052	1053	1054	1055	1056	1057	1058	1059	1060	
38	38	41	1001	1003	1004	1005	1006	1007	1009	1011	1013	1014	1015	1016	1017	1018	1020	1022	1023	1025	1026	1027	1029	1030	1031	1032	1033	1034	1035	1036	1038	1039	1042	1043	1044	1045	1046	1048	1049	1053	1056	1057	1060	
39	39	45	1001	1002	1003	1005	1007	1010	1011	1013	1014	1015	1016	1017	1018	1019	1020	1021	1022	1023	1025	1027	1029	1030	1031	1032	1034	1035	1037	1038	1039	1040	1044	1045	1046	1047	1048	1049	1050	1051	1054	1055	1056	1057	1058	1059	1060	
40	40	51	1001	1002	1003	1004	1007	1008	1009	1010	1012	1013	1015	1016	1018	1019	1020	1021	1023	1024	1025	1026	1027	1030	1031	1032	1033	1034	1035	1036	1037	1038	1039	1041	1042	1043	1044	1045	1046	1047	1048	1049	1050	1051	1052	1053	1054	1055	1056	1057	1058	1059	1060	
41	41	45	1001	1002	1005	1006	1007	1008	1009	1011	1012	1013	1014	1015	1016	1017	1018	1023	1025	1026	1027	1028	1029	1030	1031	1032	1033	1034	1037	1038	1039	1040	1041	1042	1043	1044	1046	1047	1049	1051	1052	1053	1054	1055	1056	1058	1059	
42	42	38	1001	1002	1003	1004	1005	1006	1007	1008	1012	1013	1014	1015	1020	1023	1024	1028	1029	1030	1032	1033	1034	1035	1036	1038	1039	1041	1042	1044	1045	1046	1049	1053	1054	1055	1056	1057	1058	1060	
43	43	16	1002	1006	1007	1016	1019	1020	1025	1028	1030	1036	1046	1047	1052	1053	1057	1059	
44	44	42	1001	1002	1003	1006	1007	1008	1010	1011	1012	1013	1014	1015	1016	1017	1018	1019	1020	1022	1024	1026	1028	1029	1031	1032	1033	1034	1035	1036	1037	1038	1044	1045	1048	1049	1051	1052	1054	1055	1057	1058	1059	1060	
45	45	42	1001	1003	1006	1007	1008	1011	1012	1013	1015	1016	1017	1021	1023	1024	1025	1026	1027	1029	1031	1032	1033	1034	1035	1036	1037	1039	1040	1041	1042	1044	1045	1046	1048	1049	1051	1052	1053	1054	1055	1056	1057	1060	
46	46	46	1002	1003	1004	1006	1007	1008	1009	1011	1012	1013	1014	1018	1019	1020	1021	1022	1024	1025	1027	1028	1029	1030	1031	1032	1033	1034	1035	1037	1038	1039	1040	1041	1042	1043	1044	1045	1046	1047	1048	1049	1050	1051	1052	1053	1058	1059	
47	47	13	1003	1004	1010	1012	1020	1021	1027	1028	1031	1033	1040	1057	1059	
48	48	13	1012	1013	1022	1024	1025	1031	1037	1040	1042	1043	1047	1053	1054	
49	49	40	1002	1003	1004	1005	1009	1011	1013	1016	1018	1019	1021	1022	1024	1025	1026	1027	1029	1030	1031	1032	1033	1035	1036	1037	1038	1039	1040	1042	1043	1045	1048	1049	1050	1052	1053	1054	1055	1058	1059	1060	
50	50	28	1009	1010	1012	1013	1014	1015	1016	1018	1020	1025	1026	1028	1031	1034	1035	1037	1038	1040	1044	1046	1047	1048	1050	1052	1054	1057	1059	1060	
51	51	53	1001	1003	1004	1005	1006	1009	1010	1011	1012	1013	1014	1016	1017	1018	1019	1020	1021	1022	1023	1024	1025	1026	1028	1029	1030	1031	1032	1033	1034	1035	1036	1037	1038	1039	1040	1041	1042	1043	1044	1046	1047	1048	1049	1050	1051	1052	1053	1054	1055	1057	1058	1059	1060	
52	52	52	1001	1003	1004	1005	1006	1008	1009	1010	1011	1012	1013	1014	1015	1016	1017	1018	1019	1021	1023	1024	1025	1026	1027	1028	1029	1030	1031	1032	1033	1034	1035	1036	1037	1038	1039	1040	1042	1043	1044	1045	1046	1047	1048	1049	1050	1051	1052	1053	1055	1056	1059	1060	
53	53	24	1006	1010	1011	1015	1016	1021	1024	1026	1030	1031	1032	1033	1034	1036	1038	1039	1046	1049	1050	1051	1052	1054	1055	1058	
54	54	30	1001	1002	1004	1007	1008	1010	1014	1017	1019	1020	1022	1024	1027	1028	1029	1032	1034	1035	1037	1039	1040	1042	1043	1045	1046	1048	1049	1055	1056	1060	
55	55	31	1001	1004	1005	1007	1008	1009	1010	1013	1014	1015	1017	1019	1021	1022	1024	1025	1027	1029	1030	1034	1035	1037	1039	1040	1041	1046	1048	1051	1052	1056	1059	
56	56	57	1001	1002	1003	1004	1006	1007	1008	1009	1010	1011	1012	1013	1014	1015	1016	1017	1018	1019	1020	1021	1022	1023	1024	1025	1026	1027	1028	1029	1030	1031	1032	1034	1035	1036	1037	1038	1039	1040	1041	1042	1043	1044	1045	1046	1048	1049	1050	1051	1052	1053	1054	1055	1056	1057	1058	1059	1060	
57	57	19	1002	1003	1006	1012	1013	1017	1020	1025	1028	1031	1036	1041	1043	1044	1052	1053	1054	1055	1060	
58	58	19	1005	1006	1013	1015	1017	1020	1023	1026	1027	1037	1041	1042	1043	1050	1054	1055	1057	1059	1060	
59	59	38	1001	1002	1003	1004	1005	1006	1008	1009	1011	1012	1013	1014	1015	1016	1018	1019	1021	1022	1023	1024	1028	1032	1034	1035	1036	1037	1038	1040	1043	1044	1046	1050	1051	1052	1053	1056	1058	1059	
60	60	52	1001	1002	1003	1004	1005	1006	1008	1010	1011	1012	1013	1014	1015	1017	1019	1020	1022	1023	1024	1025	1026	1027	1028	1029	1030	1031	1032	1033	1034	1035	1036	1037	1038	1039	1040	1041	1042	1043	1044	1045	1046	1047	1048	1051	1053	1054	1055	1056	1057	1058	1059	1060	
61	61	16	1002	1004	1010	1012	1019	1022	1027	1032	1035	1037	1042	1043	1045	1048	1050	1060	
62	62	17	1006	1008	1009	1011	1015	1016	1020	1034	1035	1036	1037	1040	1041	1043	1053	1056	1059	
63	63	47	1001	1005	1007	1008	1009	1012	1013	1014	1015	1016	1018	1019	1021	1023	1024	1025	1026	1027	1028	1029	1030	1031	1032	1033	1035	1037	1038	1039	1040	1042	1043	1044	1045	1046	1048	1049	1050	1051	1052	1053	1054	1055	1056	1057	1058	1059	1060	
64	64	38	1001	1002	1004	1007	1008	1009	1010	1011	1012	1013	1015	1016	1017	1018	1021	1025	1028	1029	1031	1032	1033	1034	1036	1037	1039	1040	1041	1042	1043	1044	1046	1049	1050	1052	1053	1054	1057	1060	
65	65	20	1003	1005	1006	1011	1012	1013	1014	1019	1020	1021	1026	1035	1036	1038	1039	1045	1046	1048	1052	1053	
66	66	36	1001	1002	1006	1007	1010	1013	1017	1018	1020	1021	1022	1025	1026	1028	1029	1032	1033	1036	1037	1038	1039	1040	1042	1043	1044	1045	1046	1047	1048	1050	1051	1052	1054	1055	1056	1060	
67	67	18	1003	1009	1012	1015	1024	1029	1034	1036	1039	1041	1043	1047	1048	1049	1053	1055	1058	1060	
68	68	15	1004	1006	1008	1010	1016	1017	1023	1025	1030	1033	1034	1041	1046	1053	1056	
69	69	49	1001	1003	1004	1005	1006	1007	1009	1010	1011	1012	1013	1014	1015	1019	1020	1021	1023	1024	1025	1026	1027	1028	1029	1030	1031	1032	1033	1034	1035	1036	1037	1038	1039	1040	1042	1043	1045	1047	1048	1049	1050	1051	1052	1053	1054	1055	1056	1058	1060	
70	70	35	1003	1004	1005	1006	1007	1009	1010	1013	1015	1016	1018	1019	1020	1023	1025	1026	1027	1028	1031	1032	1034	1035	1036	1039	1040	1041	1042	1044	1046	1047	1048	1049	1051	1054	1058	
71	71	28	1001	1003	1004	1005	1008	1011	1015	1022	1024	1028	1029	1030	1033	1034	1035	1037	1038	1041	1042	1044	1045	1047	1048	1050	1052	1056	1058	1060	
72	72	25	1001	1004	1007	1009	1012	1016	1018	1019	1022	1023	1027	1029	1032	1033	1034	1035	1038	1039	1040	1047	1051	1053	1055	1056	1060	
73	73	29	1001	1002	1007	1008	1010	1011	1012	1013	1015	1017	1023	1027	1028	1032	1033	1035	1037	1041	1048	1049	1050	1051	1052	1053	1054	1055	1056	1057	1058	
74	74	50	1001	1003	1004	1006	1007	1008	1009	1011	1012	1013	1014	1016	1017	1019	1020	1021	1022	1023	1024	1025	1026	1028	1029	1031	1032	1033	1034	1035	1036	1038	1039	1040	1041	1042	1043	1044	1045	1046	1047	1048	1049	1050	1051	1053	1055	1056	1057	1058	1059	1060	
75	75	44	1003	1004	1006	1007	1009	1010	1011	1013	1014	1015	1016	1017	1019	1020	1021	1022	1023	1024	1026	1027	1028	1029	1032	1033	1034	1035	1036	1037	1038	1040	1041	1042	1043	1044	1045	1046	1047	1048	1049	1050	1053	1057	1058	1059	
76	76	48	1001	1002	1003	1004	1005	1007	1008	1009	1010	1013	1015	1016	1017	1019	1021	1022	1023	1024	1025	1026	1027	1028	1029	1032	1033	1035	1036	1037	1038	1039	1040	1041	1042	1043	1045	1046	1047	1048	1049	1050	1051	1052	1055	1056	1057	1058	1059	1060	
77	77	43	1002	1003	1004	1007	1008	1011	1012	1013	1014	1015	1016	1017	1021	1022	1023	1025	1026	1027	1029	1030	1031	1032	1033	1034	1035	1037	1038	1039	1041	1043	1044	1046	1047	1048	1049	1050	1052	1053	1054	1056	1057	1059	1060	
78	78	59	1001	1002	1004	1005	1006	1007	1008	1009	1010	1011	1012	1013	1014	1015	1016	1017	1018	1019	1020	1021	1022	1023	1024	1025	1026	1027	1028	1029	1030	1031	1032	1033	1034	1035	1036	1037	1038	1039	1040	1041	1042	1043	1044	1045	1046	1047	1048	1049	1050	1051	1052	1053	1054	1055	1056	1057	1058	1059	1060	
79	79	37	1001	1002	1003	1004	1005	1006	1007	1013	1015	1016	1017	1020	1023	1024	1025	1026	1027	1028	1030	1031	1032	1033	1034	1035	1036	1037	1038	1040	1043	1048	1049	1050	1054	1056	1057	1059	1060	
80	80	16	1003	1007	1016	1018	1024	1027	1034	1036	1037	1038	1039	1042	1045	1051	1055	1059	
81	81	26	1001	1002	1010	1012	1017	1018	1021	1027	1028	1029	1031	1033	1035	1039	1045	1047	1048	1049	1053	1054	1055	1056	1057	1058	1059	1060	
82	82	21	1004	1007	1013	1014	1015	1016	1020	1021	1022	1030	1038	1040	1041	1043	1047	1048	1049	1051	1054	1056	1058	
83	83	13	1003	1008	1010	1017	1021	1023	1027	1033	1037	1038	1041	1045	1059	
84	84	54	1001	1002	1003	1004	1005	1006	1007	1008	1009	1011	1012	1013	1014	1016	1018	1019	1020	1021	1022	1023	1024	1026	1027	1028	1029	1030	1031	1032	1033	1034	1035	1036	1037	1038	1039	1040	1041	1043	1044	1045	1046	1047	1048	1049	1050	1051	1053	1054	1055	1056	1057	1058	1059	1060	
85	85	57	1001	1002	1003	1004	1005	1006	1007	1008	1009	1010	1011	1012	1013	1014	1015	1016	1017	1018	1019	1020	1021	1022	1023	1024	1025	1026	1027	1028	1029	1030	1031	1032	1033	1034	1035	1036	1037	1038	1039	1040	1041	1042	1043	1044	1045	1046	1047	1048	1049	1050	1053	1054	1055	1057	1058	1059	1060	
86	86	21	1003	1006	1010	1012	1016	1018	1019	1020	1021	1023	1027	1031	1034	1035	1036	1038	1045	1052	1053	1055	1058	
87	87	22	1001	1002	1006	1010	1012	1014	1015	1016	1020	1022	1023	1028	1030	1031	1035	1036	1045	1047	1048	1057	1058	1059	
88	88	35	1001	1003	1006	1007	1008	1011	1016	1017	1018	1020	1021	1023	1026	1028	1030	1031	1032	1033	1034	1035	1036	1037	1038	1040	1042	1044	1046	1047	1050	1052	1053	1054	1055	1057	1059	
89	89	40	1001	1006	1007	1008	1009	1010	1011	1012	1013	1014	1015	1016	1017	1019	1020	1022	1024	1025	1026	1027	1028	1029	1030	1031	1033	1034	1035	1036	1037	1038	1040	1042	1047	1049	1052	1054	1056	1057	1058	1059	
90	90	44	1001	1003	1004	1005	1006	1008	1009	1012	1013	1015	1017	1018	1019	1020	1021	1023	1024	1026	1028	1029	1030	1031	1032	1033	1034	1036	1037	1039	1040	1041	1042	1043	1045	1048	1050	1051	1052	1053	1054	1055	1056	1057	1059	1060	
