60
1	1	24	1002	1004	1005	1008	1009	1012	1013	1014	1015	1017	1019	1020	1021	1022	1023	1026	1028	1031	1032	1034	1047	1048	1054	1056	
2	2	34	1001	1002	1004	1005	1006	1008	1011	1012	1013	1015	1017	1018	1020	1022	1023	1024	1026	1027	1028	1029	1033	1034	1035	1036	1037	1039	1042	1044	1047	1048	1049	1052	1053	1057	
3	3	37	1002	1003	1004	1005	1006	1010	1011	1013	1014	1017	1018	1020	1022	1023	1025	1027	1031	1032	1033	1034	1035	1036	1037	1038	1041	1042	1043	1044	1047	1048	1049	1051	1052	1054	1055	1059	1060	
4	4	29	1003	1004	1005	1008	1009	1010	1011	1014	1015	1017	1019	1020	1022	1024	1026	1030	1031	1033	1034	1039	1040	1042	1049	1050	1054	1055	1056	1058	1059	
5	5	39	1001	1002	1003	1005	1007	1008	1011	1012	1014	1015	1016	1019	1023	1026	1027	1028	1029	1033	1034	1036	1037	1038	1039	1040	1041	1042	1043	1044	1046	1047	1048	1049	1051	1052	1053	1054	1058	1059	1060	
6	6	45	1001	1002	1003	1004	1006	1007	1008	1010	1011	1012	1014	1015	1016	1018	1020	1021	1023	1025	1026	1027	1028	1030	1031	1032	1033	1034	1035	1037	1038	1039	1040	1043	1044	1045	1046	1047	1048	1049	1051	1053	1054	1055	1056	1057	1058	
7	7	16	1004	1008	1013	1016	1021	1023	1024	1029	1031	1034	1039	1042	1043	1046	1050	1059	
8	8	35	1002	1003	1005	1006	1007	1008	1009	1010	1011	1012	1013	1015	1017	1019	1020	1021	1023	1027	1031	1032	1033	1034	1035	1036	1037	1042	1044	1046	1048	1053	1054	1055	1057	1059	1060	
9	9	43	1001	1002	1003	1005	1006	1008	1009	1010	1013	1015	1017	1018	1020	1021	1022	1024	1025	1026	1028	1030	1032	1033	1034	1035	1036	1037	1038	1040	1041	1042	1043	1044	1046	1047	1048	1049	1050	1051	1052	1053	1054	1055	1060	
10	10	25	1001	1004	1008	1011	1012	1018	1020	1021	1023	1024	1027	1031	1032	1034	1035	1037	1039	1040	1041	1043	1047	1050	1052	1056	1060	
11	11	53	1001	1002	1004	1005	1006	1007	1008	1009	1010	1011	1012	1013	1014	1015	1016	1018	1019	1020	1021	1022	1023	1024	1025	1026	1028	1029	1030	1031	1032	1034	1035	1036	1037	1038	1039	1040	1041	1042	1043	1044	1045	1046	1047	1049	1050	1051	1052	1053	1055	1056	1058	1059	1060	
12	12	27	1001	1003	1006	1010	1012	1014	1015	1016	1017	1018	1026	1027	1030	1031	1033	1035	1038	1039	1040	1041	1044	1049	1051	1053	1054	1055	1058	
13	13	44	1004	1005	1006	1007	1008	1009	1011	1012	1013	1014	1015	1016	1017	1018	1019	1020	1022	1023	1025	1026	1027	1029	1031	1033	1035	1036	1037	1039	1040	1041	1042	1044	1045	1046	1047	1048	1049	1050	1051	1053	1055	1056	1058	1059	
14	14	28	1001	1002	1004	1006	1012	1013	1014	1016	1022	1023	1024	1025	1029	1031	1032	1033	1036	1037	1038	1042	1043	1046	1048	1050	1051	1053	1058	1060	
15	15	36	1002	1003	1004	1005	1006	1008	1009	1010	1013	1014	1015	1016	1017	1021	1022	1023	1024	1025	1026	1029	1031	1038	1043	1044	1045	1047	1051	1052	1053	1054	1055	1056	1057	1058	1059	1060	
16	16	38	1004	1005	1006	1008	1009	1010	1011	1013	1014	1015	1016	1017	1018	1019	1020	1021	1027	1028	1030	1031	1033	1034	1035	1036	1038	1039	1041	1043	1044	1045	1046	1047	1050	1052	1053	1055	1057	1060	
17	17	20	1002	1003	1006	1020	1023	1024	1025	1026	1027	1030	1034	1035	1036	1040	1041	1045	1049	1053	1055	1057	
18	18	13	1006	1009	1012	1021	1022	1024	1027	1029	1033	1047	1049	1052	1054	
19	19	25	1004	1008	1009	1010	1011	1013	1014	1017	1018	1020	1021	1023	1025	1027	1029	1030	1034	1038	1043	1044	1045	1047	1050	1055	1057	
20	20	13	1006	1009	1025	1030	1032	1034	1036	1041	1048	1049	1050	1051	1057	
21	21	22	1001	1002	1003	1004	1005	1007	1010	1011	1014	1015	1016	1018	1019	1020	1023	1026	1044	1045	1046	1051	1057	1059	
22	22	49	1001	1002	1003	1004	1006	1007	1008	1009	1010	1011	1013	1014	1015	1016	1018	1019	1020	1021	1022	1023	1025	1026	1027	1029	1030	1031	1032	1033	1036	1037	1038	1039	1040	1043	1044	1045	1046	1047	1048	1049	1052	1053	1054	1055	1056	1057	1058	1059	1060	
23	23	41	1001	1003	1004	1005	1006	1007	1009	1010	1011	1012	1015	1016	1018	1019	1020	1021	1022	1025	1026	1028	1031	1034	1035	1036	1037	1038	1039	1040	1041	1042	1043	1044	1047	1049	1051	1052	1053	1056	1057	1059	1060	
24	24	32	1005	1007	1008	1009	1013	1014	1015	1016	1017	1019	1020	1021	1022	1024	1028	1031	1032	1033	1038	1039	1040	1043	1045	1046	1047	1048	1052	1053	1055	1058	1059	1060	
25	25	57	1001	1002	1003	1004	1005	1006	1007	1008	1009	1010	1011	1012	1013	1015	1016	1017	1018	1019	1020	1021	1022	1023	1024	1025	1026	1028	1029	1030	1031	1032	1033	1034	1035	1036	1037	1038	1039	1040	1041	1042	1043	1045	1046	1047	1048	1049	1050	1051	1052	1053	1054	1055	1056	1057	1058	1059	1060	
26	26	21	1004	1005	1008	1009	1010	1012	1013	1015	1016	1018	1023	1025	1026	1035	1036	1043	1044	1046	1047	1056	1058	
27	27	26	1002	1004	1005	1007	1009	1011	1015	1017	1019	1020	1021	1024	1027	1029	1033	1034	1037	1039	1042	1043	1046	1047	1050	1052	1056	1060	
28	28	50	1001	1002	1003	1004	1006	1007	1008	1009	1010	1012	1013	1015	1016	1017	1018	1019	1020	1021	1022	1023	1024	1026	1027	1029	1030	1031	1032	1033	1034	1035	1037	1038	1039	1040	1042	1044	1045	1047	1048	1049	1050	1051	1052	1053	1055	1056	1057	1058	1059	1060	
29	29	60	1001	1002	1003	1004	1005	1006	1007	1008	1009	1010	1011	1012	1013	1014	1015	1016	1017	1018	1019	1020	1021	1022	1023	1024	1025	1026	1027	1028	1029	1030	1031	1032	1033	1034	1035	1036	1037	1038	1039	1040	1041	1042	1043	1044	1045	1046	1047	1048	1049	1050	1051	1052	1053	1054	1055	1056	1057	1058	1059	1060	
30	30	32	1002	1006	1007	1008	1009	1010	1013	1014	1015	1022	1027	1028	1029	1030	1034	1036	1037	1038	1041	1042	1043	1044	1045	1046	1047	1049	1050	1052	1053	1057	1058	1060	
31	31	27	1002	1003	1008	1013	1015	1017	1019	1020	1021	1023	1025	1029	1030	1031	1033	1034	1036	1038	1039	1047	1051	1053	1055	1057	1058	1059	1060	
32	32	43	1002	1003	1004	1007	1008	1010	1012	1013	1014	1015	1016	1017	1018	1020	1021	1022	1023	1024	1027	1030	1031	1032	1033	1034	1035	1036	1037	1038	1039	1040	1041	1042	1043	1045	1048	1049	1051	1052	1053	1054	1055	1056	1059	
33	33	54	1001	1002	1003	1004	1005	1006	1007	1008	1009	1010	1011	1012	1013	1015	1016	1018	1019	1020	1021	1022	1023	1024	1025	1026	1027	1028	1030	1032	1033	1034	1035	1036	1037	1038	1039	1040	1041	1042	1043	1044	1046	1047	1048	1049	1050	1051	1052	1053	1054	1055	1057	1058	1059	1060	
34	34	41	1002	1003	1004	1005	1006	1008	1009	1010	1011	1012	1013	1014	1016	1017	1018	1019	1020	1021	1022	1023	1024	1030	1031	1032	1033	1034	1035	1037	1038	1039	1041	1043	1044	1046	1049	1051	1052	1055	1057	1058	1059	
35	35	29	1001	1002	1006	1009	1010	1011	1015	1017	1018	1019	1020	1021	1023	1025	1026	1028	1029	1031	1034	1037	1039	1041	1043	1046	1048	1050	1051	1053	1060	
36	36	42	1001	1002	1003	1004	1006	1008	1010	1011	1014	1017	1019	1020	1021	1022	1023	1024	1025	1026	1027	1028	1029	1031	1032	1034	1035	1037	1038	1040	1041	1042	1043	1045	1046	1050	1051	1052	1053	1054	1056	1057	1058	1059	
37	37	56	1001	1002	1003	1004	1005	1006	1007	1008	1009	1010	1011	1012	1013	1014	1016	1017	1018	1019	1020	1021	1022	1023	1024	1025	1026	1027	1028	1029	1030	1031	1032	1033	1034	1035	1036	1037	1038	1039	1040	1041	1042	1043	1044	1045	1046	1047	1049	1050	1053	1054	1055	1056	1057	1058	1059	1060	
38	38	13	1009	1013	1023	1024	1027	1030	1036	1043	1045	1047	1052	1053	1059	
39	39	32	1001	1003	1004	1009	1012	1013	1015	1019	1021	1022	1023	1025	1027	1028	1030	1032	1034	1037	1038	1039	1040	1041	1044	1048	1049	1051	1052	1053	1054	1055	1057	1060	
40	40	28	1007	1008	1012	1013	1014	1017	1018	1021	1022	1025	1028	1029	1033	1034	1035	1038	1040	1042	1043	1044	1045	1048	1049	1051	1056	1057	1059	1060	
41	41	19	1006	1015	1016	1018	1019	1022	1025	1027	1031	1034	1035	1037	1043	1045	1049	1054	1055	1056	1059	
42	42	23	1004	1010	1013	1015	1023	1024	1026	1030	1034	1036	1038	1039	1040	1041	1042	1045	1047	1048	1049	1051	1054	1055	1058	
43	43	28	1001	1003	1004	1006	1007	1008	1009	1014	1015	1016	1022	1025	1028	1029	1033	1037	1038	1039	1040	1042	1043	1048	1049	1053	1054	1056	1059	1060	
44	44	30	1003	1005	1006	1008	1013	1014	1017	1022	1024	1025	1026	1027	1029	1031	1032	1033	1036	1039	1040	1041	1042	1045	1046	1047	1048	1051	1052	1056	1058	1059	
45	45	43	1001	1003	1004	1006	1008	1009	1010	1011	1012	1013	1017	1018	1021	1022	1024	1025	1026	1027	1028	1029	1031	1032	1033	1034	1037	1038	1039	1040	1041	1042	1043	1044	1049	1051	1052	1053	1054	1055	1056	1057	1058	1059	1060	
46	46	38	1002	1005	1006	1007	1008	1010	1011	1012	1014	1015	1016	1017	1018	1021	1022	1023	1024	1025	1027	1028	1029	1034	1035	1036	1037	1041	1043	1044	1045	1047	1049	1051	1052	1055	1056	1057	1058	1059	
47	47	58	1001	1002	1003	1004	1005	1006	1007	1008	1009	1010	1011	1012	1013	1014	1015	1016	1017	1018	1019	1020	1021	1022	1023	1024	1025	1026	1027	1028	1029	1030	1032	1033	1034	1035	1036	1037	1038	1039	1040	1041	1042	1043	1044	1045	1046	1048	1049	1050	1051	1052	1053	1054	1055	1056	1057	1058	1059	1060	
48	48	50	1001	1002	1003	1004	1005	1006	1007	1008	1009	1010	1011	1012	1013	1014	1016	1018	1019	1020	1021	1022	1023	1024	1025	1027	1029	1031	1032	1033	1034	1035	1036	1037	1038	1039	1042	1043	1045	1046	1047	1048	1049	1050	1052	1053	1054	1055	1057	1058	1059	1060	
49	49	15	1002	1004	1005	1008	1012	1026	1028	1034	1037	1040	1041	1045	1047	1050	1053	
50	50	51	1001	1002	1003	1004	1006	1007	1008	1009	1010	1011	1012	1013	1014	1015	1016	1017	1020	1021	1022	1023	1024	1025	1026	1027	1028	1029	1030	1032	1033	1034	1035	1036	1037	1038	1039	1040	1041	1042	1044	1045	1046	1047	1048	1049	1050	1052	1054	1055	1058	1059	1060	
51	51	47	1002	1003	1004	1006	1007	1008	1009	1010	1011	1012	1013	1014	1015	1016	1020	1021	1022	1023	1024	1027	1028	1029	1030	1032	1033	1034	1036	1037	1039	1040	1041	1042	1043	1044	1047	1048	1049	1050	1051	1052	1053	1054	1056	1057	1058	1059	1060	
52	52	54	1001	1002	1003	1004	1005	1006	1007	1008	1009	1010	1011	1012	1013	1014	1015	1016	1017	1018	1019	1020	1022	1023	1025	1026	1028	1029	1030	1031	1032	1033	1035	1036	1037	1038	1039	1040	1042	1043	1044	1045	1046	1047	1048	1049	1050	1051	1052	1053	1054	1055	1056	1058	1059	1060	
53	53	43	1004	1005	1007	1010	1011	1012	1013	1014	1016	1017	1018	1019	1020	1021	1023	1024	1026	1027	1028	1029	1030	1031	1032	1033	1034	1035	1036	1037	1038	1039	1042	1043	1046	1050	1051	1052	1053	1054	1056	1057	1058	1059	1060	
54	54	53	1001	1002	1003	1004	1005	1006	1008	1010	1011	1012	1013	1014	1015	1016	1018	1020	1021	1022	1023	1024	1025	1026	1027	1028	1029	1030	1031	1032	1033	1034	1036	1037	1038	1039	1040	1041	1042	1043	1044	1045	1046	1047	1048	1049	1050	1051	1052	1054	1055	1056	1057	1059	1060	
55	55	34	1003	1006	1007	1008	1009	1010	1012	1013	1016	1020	1021	1022	1031	1032	1033	1035	1036	1038	1039	1041	1043	1044	1045	1046	1051	1052	1053	1054	1055	1056	1057	1058	1059	1060	
56	56	51	1001	1002	1004	1005	1006	1008	1010	1011	1012	1013	1014	1015	1016	1017	1019	1020	1021	1022	1023	1024	1025	1026	1027	1028	1029	1030	1031	1032	1033	1034	1035	1036	1037	1038	1039	1040	1041	1043	1044	1045	1046	1047	1048	1050	1052	1053	1054	1055	1056	1057	1058	
57	57	14	1007	1009	1012	1017	1021	1029	1031	1040	1047	1049	1050	1055	1056	1058	
58	58	44	1002	1004	1005	1006	1007	1008	1009	1010	1012	1013	1014	1015	1016	1017	1019	1020	1021	1022	1025	1027	1028	1031	1032	1033	1034	1036	1037	1039	1040	1041	1043	1044	1045	1046	1047	1048	1049	1051	1053	1055	1057	1058	1059	1060	
59	59	53	1001	1002	1003	1004	1005	1006	1008	1009	1010	1011	1012	1014	1015	1016	1017	1018	1019	1020	1021	1022	1023	1024	1025	1026	1027	1028	1029	1031	1032	1033	1034	1035	1036	1037	1038	1039	1041	1042	1043	1044	1045	1046	1047	1048	1049	1052	1053	1055	1056	1057	1058	1059	1060	
60	60	36	1001	1003	1005	1007	1008	1010	1011	1013	1014	1017	1019	1023	1025	1026	1027	1029	1032	1033	1034	1035	1036	1037	1038	1039	1040	1041	1042	1044	1045	1047	1053	1054	1055	1056	1059	1060	
