120
1	1	26	1001	1006	1008	1011	1020	1022	1024	1025	1030	1033	1040	1043	1046	1056	1067	1068	1069	1077	1082	1083	1094	1104	1107	1108	1119	1120	
2	2	77	1001	1002	1007	1008	1011	1012	1013	1015	1016	1018	1020	1022	1023	1025	1026	1028	1029	1032	1035	1036	1037	1038	1039	1041	1045	1046	1047	1048	1049	1050	1051	1053	1054	1055	1058	1062	1064	1065	1066	1067	1068	1070	1073	1075	1076	1077	1078	1079	1080	1081	1084	1086	1087	1088	1089	1090	1092	1094	1095	1096	1097	1098	1100	1101	1104	1105	1106	1107	1109	1110	1111	1112	1113	1115	1118	1119	1120	
3	3	72	1002	1005	1006	1007	1008	1009	1010	1011	1012	1014	1015	1017	1019	1020	1021	1022	1023	1024	1025	1026	1027	1028	1031	1033	1036	1038	1039	1040	1043	1045	1047	1048	1049	1050	1051	1053	1055	1056	1061	1065	1066	1067	1068	1069	1071	1074	1075	1076	1079	1080	1083	1084	1085	1087	1088	1090	1092	1095	1097	1098	1101	1104	1106	1107	1109	1110	1112	1113	1114	1117	1119	1120	
4	4	32	1001	1005	1008	1009	1010	1014	1022	1024	1025	1027	1030	1034	1036	1043	1044	1051	1054	1055	1060	1071	1073	1075	1084	1089	1091	1094	1095	1096	1106	1110	1112	1117	
5	5	68	1001	1005	1006	1007	1008	1009	1010	1012	1013	1014	1018	1020	1021	1022	1023	1025	1026	1027	1029	1031	1034	1037	1038	1039	1040	1041	1042	1043	1046	1047	1049	1050	1051	1052	1054	1055	1057	1058	1060	1061	1063	1065	1068	1071	1072	1073	1074	1075	1076	1077	1078	1083	1088	1089	1090	1092	1093	1099	1100	1101	1102	1105	1107	1109	1112	1114	1117	1120	
6	6	27	1002	1003	1017	1024	1026	1029	1031	1034	1049	1061	1062	1064	1067	1072	1074	1075	1077	1084	1090	1092	1101	1102	1105	1109	1112	1115	1119	
7	7	53	1003	1004	1006	1008	1010	1014	1017	1019	1020	1022	1023	1024	1027	1028	1029	1030	1033	1036	1039	1040	1041	1042	1044	1046	1051	1054	1057	1058	1059	1064	1066	1069	1070	1074	1075	1076	1079	1081	1082	1085	1086	1087	1088	1089	1096	1098	1101	1103	1112	1113	1114	1115	1116	
8	8	105	1002	1003	1004	1005	1006	1007	1008	1009	1010	1011	1012	1013	1015	1016	1017	1018	1019	1021	1022	1024	1025	1026	1027	1029	1030	1031	1032	1033	1034	1035	1036	1037	1038	1039	1040	1042	1044	1045	1046	1047	1048	1049	1050	1051	1052	1054	1055	1056	1057	1058	1059	1062	1063	1064	1065	1066	1068	1069	1070	1071	1072	1073	1074	1075	1076	1077	1078	1079	1080	1081	1082	1083	1084	1085	1086	1087	1088	1089	1090	1091	1092	1093	1094	1095	1096	1097	1098	1099	1100	1101	1102	1104	1105	1106	1108	1109	1110	1111	1112	1114	1115	1116	1118	1119	1120	
9	9	91	1002	1003	1004	1006	1007	1008	1009	1010	1011	1012	1014	1015	1017	1018	1019	1020	1021	1022	1023	1024	1025	1028	1029	1031	1032	1033	1034	1035	1037	1038	1039	1041	1043	1046	1047	1048	1049	1050	1051	1053	1054	1055	1056	1058	1059	1060	1061	1063	1064	1065	1066	1067	1068	1069	1070	1071	1072	1074	1076	1077	1079	1081	1084	1085	1086	1087	1088	1089	1091	1092	1093	1094	1095	1096	1097	1098	1099	1100	1101	1102	1103	1104	1107	1108	1110	1114	1115	1116	1118	1119	1120	
10	10	112	1001	1002	1003	1004	1005	1006	1007	1008	1009	1010	1011	1012	1013	1014	1015	1016	1017	1018	1019	1020	1021	1022	1023	1024	1025	1026	1027	1028	1029	1030	1031	1033	1034	1035	1036	1037	1038	1039	1041	1042	1043	1044	1045	1046	1047	1048	1049	1050	1051	1052	1053	1054	1055	1056	1057	1058	1059	1060	1061	1063	1064	1065	1066	1067	1068	1069	1070	1071	1072	1073	1074	1075	1076	1077	1079	1080	1081	1082	1083	1084	1085	1086	1089	1091	1092	1093	1094	1095	1096	1097	1098	1099	1100	1101	1102	1103	1104	1106	1107	1108	1109	1110	1111	1112	1113	1114	1115	1116	1117	1118	1119	1120	
11	11	67	1001	1003	1004	1005	1006	1008	1012	1014	1015	1016	1017	1019	1020	1021	1022	1023	1024	1025	1027	1028	1029	1031	1036	1038	1039	1041	1046	1047	1048	1051	1053	1054	1058	1059	1060	1061	1062	1064	1065	1067	1069	1070	1073	1074	1079	1080	1081	1083	1091	1093	1095	1098	1099	1100	1102	1103	1104	1105	1107	1109	1111	1113	1114	1116	1117	1118	1120	
12	12	61	1001	1002	1003	1004	1009	1010	1013	1014	1015	1018	1019	1021	1027	1028	1030	1032	1036	1037	1038	1039	1041	1043	1044	1045	1047	1048	1049	1054	1058	1060	1061	1064	1067	1069	1072	1073	1074	1076	1079	1080	1082	1084	1085	1086	1088	1089	1090	1091	1092	1094	1095	1098	1101	1105	1106	1107	1109	1110	1112	1116	1117	
13	13	39	1001	1002	1005	1008	1011	1013	1016	1019	1020	1021	1030	1031	1032	1034	1037	1039	1044	1046	1047	1052	1054	1055	1056	1059	1065	1069	1070	1073	1074	1079	1081	1086	1094	1097	1101	1104	1105	1106	1110	
14	14	89	1001	1002	1003	1005	1006	1007	1008	1009	1010	1012	1013	1014	1015	1016	1017	1019	1020	1021	1022	1023	1025	1026	1028	1029	1030	1031	1032	1033	1035	1037	1038	1039	1040	1041	1042	1043	1044	1045	1046	1048	1049	1050	1051	1052	1053	1054	1055	1059	1060	1062	1063	1065	1066	1070	1071	1073	1075	1077	1079	1080	1081	1083	1084	1086	1087	1088	1089	1091	1094	1095	1096	1097	1098	1099	1100	1101	1102	1103	1105	1106	1107	1108	1109	1110	1113	1114	1115	1117	1119	
15	15	91	1001	1002	1004	1005	1007	1009	1010	1011	1012	1013	1014	1015	1016	1017	1018	1019	1020	1023	1024	1026	1027	1029	1031	1032	1033	1034	1035	1036	1037	1038	1040	1041	1042	1044	1045	1047	1048	1049	1050	1051	1052	1053	1054	1055	1056	1058	1059	1060	1061	1063	1064	1065	1066	1067	1068	1070	1072	1074	1075	1076	1079	1081	1082	1083	1085	1086	1087	1088	1090	1091	1092	1093	1094	1096	1097	1098	1099	1100	1101	1102	1103	1105	1107	1111	1112	1113	1116	1117	1118	1119	1120	
16	16	49	1004	1005	1010	1011	1016	1017	1018	1021	1023	1025	1026	1027	1028	1030	1031	1032	1038	1040	1048	1054	1055	1058	1060	1061	1063	1068	1070	1072	1074	1077	1081	1083	1087	1095	1096	1097	1099	1100	1102	1104	1106	1107	1108	1109	1110	1114	1117	1118	1120	
17	17	88	1001	1002	1006	1008	1009	1010	1012	1013	1014	1015	1016	1017	1018	1019	1020	1021	1022	1023	1024	1025	1026	1027	1028	1029	1031	1032	1033	1034	1036	1038	1040	1041	1042	1044	1045	1046	1048	1049	1051	1053	1054	1055	1056	1057	1058	1059	1061	1062	1063	1064	1066	1068	1070	1072	1073	1075	1076	1077	1078	1079	1081	1082	1085	1087	1090	1091	1092	1093	1094	1096	1097	1098	1099	1100	1102	1104	1105	1106	1107	1108	1109	1110	1111	1113	1114	1115	1116	1119	
18	18	101	1001	1002	1003	1004	1005	1006	1007	1008	1009	1011	1013	1014	1015	1016	1017	1018	1019	1021	1022	1023	1024	1025	1026	1027	1029	1031	1033	1034	1035	1036	1037	1038	1039	1040	1041	1042	1043	1044	1045	1046	1047	1048	1049	1052	1053	1054	1055	1056	1057	1058	1059	1062	1064	1065	1066	1067	1068	1069	1070	1071	1072	1073	1074	1075	1077	1078	1079	1081	1083	1084	1086	1088	1089	1090	1091	1092	1093	1094	1095	1096	1097	1098	1099	1100	1102	1103	1104	1105	1106	1107	1108	1109	1110	1111	1112	1113	1116	1117	1118	1119	1120	
19	19	54	1001	1006	1007	1008	1009	1012	1014	1015	1016	1018	1024	1025	1028	1030	1031	1034	1035	1036	1037	1038	1040	1041	1043	1048	1050	1053	1054	1057	1059	1060	1061	1062	1063	1066	1067	1073	1075	1076	1077	1086	1088	1094	1095	1098	1099	1100	1103	1106	1109	1114	1115	1116	1118	1120	
20	20	80	1002	1004	1005	1008	1009	1010	1014	1015	1017	1021	1022	1023	1025	1026	1027	1028	1029	1030	1032	1033	1036	1037	1039	1042	1043	1044	1046	1047	1048	1050	1053	1054	1055	1056	1057	1058	1059	1060	1061	1062	1063	1064	1066	1067	1068	1071	1073	1074	1075	1076	1080	1081	1082	1084	1085	1086	1090	1091	1092	1094	1095	1096	1097	1098	1099	1101	1102	1103	1104	1106	1107	1108	1109	1110	1112	1114	1115	1117	1118	1120	
21	21	110	1001	1002	1003	1004	1005	1006	1007	1008	1009	1010	1011	1012	1013	1014	1015	1017	1018	1019	1020	1021	1022	1023	1024	1025	1026	1027	1028	1029	1030	1031	1032	1033	1034	1035	1036	1037	1038	1039	1040	1041	1042	1043	1044	1045	1047	1048	1050	1051	1052	1053	1054	1055	1056	1058	1059	1060	1061	1062	1063	1064	1065	1066	1067	1069	1070	1071	1073	1074	1076	1077	1078	1079	1080	1081	1082	1083	1084	1085	1086	1087	1088	1089	1090	1091	1093	1094	1095	1096	1097	1098	1100	1101	1102	1103	1104	1106	1107	1108	1109	1110	1111	1112	1113	1114	1115	1116	1117	1118	1119	1120	
22	22	45	1001	1003	1004	1007	1016	1017	1021	1022	1026	1027	1030	1031	1032	1033	1034	1036	1037	1038	1039	1041	1045	1046	1050	1051	1060	1061	1064	1066	1068	1071	1073	1074	1083	1084	1085	1087	1088	1089	1094	1097	1100	1104	1107	1115	1116	
23	23	88	1004	1005	1006	1007	1008	1009	1011	1012	1013	1014	1015	1017	1020	1021	1022	1023	1025	1027	1028	1030	1032	1033	1034	1035	1036	1038	1039	1040	1042	1043	1044	1045	1046	1047	1049	1050	1051	1052	1053	1054	1055	1056	1057	1058	1059	1060	1061	1062	1063	1064	1065	1066	1067	1068	1070	1076	1078	1080	1081	1082	1083	1084	1085	1086	1087	1088	1090	1091	1094	1095	1096	1097	1098	1100	1101	1102	1103	1104	1106	1107	1108	1109	1112	1113	1116	1117	1118	1120	
24	24	95	1001	1002	1004	1005	1006	1007	1008	1009	1012	1013	1014	1015	1016	1017	1018	1019	1020	1021	1023	1024	1025	1026	1027	1028	1029	1030	1031	1032	1033	1034	1035	1037	1038	1042	1043	1044	1046	1049	1050	1051	1052	1053	1054	1055	1058	1061	1062	1063	1065	1067	1068	1069	1071	1072	1073	1074	1075	1076	1078	1079	1081	1083	1084	1086	1088	1090	1092	1093	1094	1095	1096	1097	1098	1099	1100	1101	1102	1103	1104	1105	1106	1107	1108	1109	1110	1111	1112	1113	1114	1115	1116	1117	1118	1119	1120	
25	25	65	1007	1009	1010	1011	1012	1013	1015	1021	1022	1023	1029	1031	1032	1033	1034	1035	1036	1038	1039	1040	1043	1044	1045	1046	1050	1051	1054	1055	1056	1058	1059	1062	1064	1065	1066	1067	1068	1072	1074	1075	1076	1078	1079	1080	1081	1083	1084	1087	1088	1090	1091	1093	1095	1097	1099	1102	1104	1108	1110	1111	1112	1114	1117	1118	1120	
26	26	78	1001	1002	1003	1004	1005	1007	1008	1009	1013	1015	1017	1020	1021	1022	1023	1024	1025	1028	1029	1030	1031	1032	1033	1034	1038	1040	1042	1043	1044	1046	1048	1050	1051	1052	1053	1056	1057	1059	1060	1061	1062	1063	1065	1067	1068	1069	1070	1071	1072	1073	1074	1077	1079	1080	1082	1083	1084	1086	1087	1088	1090	1091	1093	1094	1096	1098	1100	1102	1103	1104	1106	1108	1109	1111	1112	1114	1115	1119	
27	27	45	1002	1003	1004	1005	1009	1010	1011	1016	1020	1026	1027	1028	1035	1038	1039	1044	1047	1050	1052	1058	1062	1064	1071	1073	1077	1078	1079	1080	1082	1084	1090	1091	1092	1095	1100	1103	1104	1106	1108	1109	1112	1113	1114	1115	1119	
28	28	42	1003	1010	1012	1013	1015	1017	1018	1022	1024	1025	1034	1036	1037	1045	1047	1048	1052	1058	1059	1060	1062	1065	1067	1069	1073	1074	1075	1076	1079	1080	1081	1085	1088	1093	1095	1097	1098	1100	1105	1107	1110	1113	
29	29	70	1001	1002	1008	1010	1012	1015	1016	1017	1018	1019	1020	1021	1023	1024	1025	1026	1027	1030	1031	1034	1037	1039	1041	1043	1044	1046	1048	1049	1050	1051	1054	1055	1057	1058	1059	1061	1062	1063	1064	1074	1075	1077	1079	1080	1081	1084	1086	1087	1088	1090	1091	1092	1093	1094	1096	1097	1099	1101	1102	1103	1105	1106	1109	1110	1111	1112	1115	1117	1118	1119	
30	30	36	1004	1012	1014	1018	1021	1022	1024	1025	1026	1028	1038	1039	1041	1050	1052	1054	1059	1060	1067	1069	1073	1078	1086	1087	1088	1089	1100	1103	1105	1106	1108	1111	1113	1118	1119	1120	
31	31	60	1001	1002	1003	1005	1007	1008	1010	1011	1014	1015	1016	1017	1018	1020	1021	1025	1026	1027	1028	1034	1035	1038	1039	1040	1041	1042	1043	1047	1049	1054	1055	1056	1059	1062	1063	1066	1067	1069	1070	1071	1073	1075	1078	1080	1082	1085	1086	1088	1089	1091	1092	1096	1098	1102	1105	1110	1113	1115	1117	1120	
32	32	110	1001	1003	1004	1005	1006	1007	1008	1009	1010	1011	1012	1013	1015	1016	1017	1018	1019	1020	1021	1022	1023	1024	1025	1026	1027	1028	1029	1031	1032	1033	1034	1035	1036	1037	1038	1039	1040	1043	1044	1045	1046	1047	1048	1049	1050	1051	1052	1053	1054	1055	1056	1057	1059	1060	1061	1062	1063	1064	1065	1066	1067	1068	1069	1070	1071	1073	1075	1076	1077	1078	1079	1080	1081	1082	1083	1084	1085	1086	1087	1088	1089	1090	1091	1092	1093	1094	1095	1096	1097	1098	1099	1100	1101	1102	1103	1104	1105	1106	1107	1109	1110	1111	1112	1113	1114	1115	1116	1117	1118	1119	
33	33	38	1013	1015	1018	1019	1020	1034	1036	1037	1040	1041	1046	1048	1052	1056	1060	1061	1063	1064	1065	1066	1067	1069	1072	1073	1074	1075	1078	1080	1082	1087	1089	1091	1094	1101	1109	1113	1115	1116	
34	34	57	1001	1003	1004	1005	1006	1007	1009	1011	1012	1014	1016	1018	1020	1023	1024	1027	1028	1029	1032	1034	1035	1038	1042	1044	1045	1046	1051	1052	1054	1058	1062	1063	1064	1066	1067	1069	1070	1071	1074	1078	1079	1082	1086	1088	1089	1093	1099	1103	1106	1109	1110	1111	1113	1115	1116	1117	1120	
35	35	58	1004	1005	1006	1009	1010	1011	1012	1013	1016	1017	1022	1023	1024	1025	1031	1034	1035	1036	1037	1041	1042	1046	1050	1051	1053	1055	1057	1058	1059	1060	1061	1064	1065	1067	1068	1069	1071	1073	1076	1077	1079	1080	1086	1088	1094	1098	1101	1103	1105	1106	1109	1111	1114	1115	1116	1117	1118	1120	
36	36	53	1001	1003	1007	1008	1014	1015	1017	1018	1019	1021	1023	1024	1025	1026	1027	1030	1032	1033	1035	1044	1045	1051	1053	1058	1060	1061	1063	1065	1066	1072	1073	1074	1077	1079	1080	1081	1083	1086	1087	1090	1093	1094	1095	1097	1100	1106	1108	1109	1111	1113	1115	1117	1120	
37	37	29	1001	1007	1011	1014	1015	1016	1027	1029	1035	1038	1040	1042	1044	1046	1055	1056	1063	1065	1067	1075	1087	1091	1097	1099	1101	1106	1109	1117	1119	
38	38	61	1003	1004	1006	1008	1010	1014	1015	1016	1017	1018	1020	1021	1022	1024	1025	1034	1036	1039	1045	1047	1048	1049	1050	1054	1056	1062	1063	1064	1065	1066	1067	1069	1072	1074	1075	1076	1081	1082	1083	1084	1088	1091	1092	1095	1096	1097	1098	1099	1100	1101	1102	1106	1108	1109	1110	1111	1112	1113	1115	1119	1120	
39	39	40	1005	1008	1013	1021	1022	1024	1026	1029	1031	1034	1037	1038	1040	1042	1043	1045	1046	1049	1051	1053	1061	1065	1070	1074	1075	1076	1084	1086	1087	1093	1094	1095	1098	1101	1105	1110	1111	1112	1115	1120	
40	40	86	1002	1005	1006	1007	1008	1009	1010	1011	1012	1014	1019	1020	1021	1022	1023	1024	1025	1026	1030	1032	1033	1034	1035	1036	1037	1038	1039	1041	1042	1043	1044	1045	1047	1049	1050	1051	1053	1055	1056	1059	1060	1061	1062	1064	1065	1066	1067	1069	1071	1072	1073	1074	1077	1078	1080	1081	1082	1083	1084	1085	1086	1087	1088	1090	1091	1093	1094	1098	1100	1101	1102	1103	1105	1106	1107	1108	1109	1110	1111	1112	1113	1114	1116	1117	1118	1120	
41	41	42	1004	1006	1008	1012	1016	1027	1030	1032	1033	1034	1036	1042	1045	1048	1049	1052	1059	1062	1063	1066	1069	1070	1072	1074	1078	1082	1085	1086	1087	1088	1089	1092	1093	1095	1099	1101	1103	1104	1105	1107	1111	1116	
42	42	84	1001	1002	1003	1004	1006	1007	1008	1009	1012	1013	1014	1015	1016	1017	1018	1019	1020	1021	1022	1023	1027	1029	1031	1032	1033	1039	1040	1042	1043	1044	1045	1046	1047	1049	1051	1053	1058	1059	1060	1061	1064	1065	1068	1069	1070	1071	1072	1073	1074	1075	1079	1080	1081	1082	1083	1084	1085	1086	1087	1088	1090	1091	1092	1093	1095	1097	1098	1100	1101	1102	1103	1105	1106	1107	1109	1110	1112	1113	1115	1116	1117	1118	1119	1120	
43	43	99	1001	1003	1006	1007	1008	1009	1010	1011	1013	1015	1016	1017	1018	1019	1020	1021	1023	1025	1026	1027	1028	1029	1030	1031	1032	1033	1034	1035	1037	1038	1039	1040	1041	1043	1044	1045	1047	1048	1049	1050	1052	1053	1054	1055	1056	1057	1059	1060	1061	1062	1064	1065	1066	1068	1069	1070	1072	1073	1074	1075	1076	1077	1078	1079	1080	1081	1082	1083	1084	1085	1086	1087	1088	1089	1090	1092	1094	1095	1096	1098	1099	1100	1101	1102	1103	1104	1105	1106	1107	1108	1109	1110	1111	1112	1113	1114	1115	1119	1120	
44	44	100	1002	1003	1004	1005	1006	1007	1008	1009	1010	1011	1012	1013	1015	1016	1017	1018	1019	1020	1021	1022	1023	1024	1025	1027	1028	1030	1031	1032	1033	1034	1035	1036	1038	1039	1040	1041	1042	1043	1044	1045	1046	1048	1049	1050	1051	1052	1053	1054	1056	1057	1058	1059	1061	1063	1065	1066	1067	1068	1070	1072	1074	1075	1076	1077	1078	1079	1081	1082	1086	1088	1089	1091	1092	1093	1094	1095	1096	1097	1098	1099	1100	1101	1102	1103	1104	1105	1106	1107	1108	1109	1110	1111	1112	1113	1114	1115	1116	1117	1118	1120	
45	45	48	1001	1002	1003	1006	1008	1016	1017	1018	1022	1032	1033	1034	1036	1039	1043	1046	1047	1050	1051	1053	1054	1056	1058	1062	1063	1064	1068	1073	1074	1077	1078	1079	1083	1087	1089	1090	1091	1094	1096	1097	1100	1102	1105	1108	1109	1114	1115	1116	
46	46	104	1001	1002	1003	1004	1005	1006	1007	1008	1009	1010	1012	1014	1015	1016	1017	1019	1020	1021	1022	1023	1024	1026	1027	1028	1030	1031	1032	1033	1034	1035	1036	1039	1040	1041	1042	1043	1044	1046	1047	1048	1049	1050	1051	1053	1054	1056	1057	1058	1059	1060	1061	1062	1063	1064	1065	1067	1068	1070	1071	1072	1073	1074	1075	1076	1077	1078	1079	1081	1082	1083	1084	1085	1086	1087	1089	1090	1091	1092	1093	1094	1095	1096	1097	1098	1099	1100	1101	1102	1103	1104	1106	1107	1108	1109	1110	1111	1112	1113	1114	1115	1116	1118	1119	1120	
47	47	118	1001	1002	1003	1004	1005	1006	1007	1008	1009	1010	1011	1012	1013	1014	1015	1016	1017	1018	1019	1020	1021	1022	1023	1024	1025	1026	1027	1028	1029	1030	1031	1032	1033	1034	1035	1036	1037	1038	1039	1040	1041	1042	1043	1044	1045	1046	1047	1048	1049	1050	1051	1052	1053	1054	1055	1056	1057	1058	1059	1060	1061	1062	1063	1064	1065	1067	1068	1069	1070	1071	1072	1073	1074	1075	1076	1077	1078	1079	1080	1081	1082	1083	1084	1085	1086	1087	1088	1089	1090	1091	1092	1093	1094	1095	1096	1097	1098	1099	1100	1101	1102	1103	1104	1105	1106	1107	1108	1109	1110	1111	1112	1113	1114	1115	1116	1118	1119	1120	
48	48	47	1006	1008	1010	1013	1016	1017	1018	1019	1020	1026	1027	1028	1029	1033	1035	1036	1038	1039	1041	1045	1046	1049	1050	1056	1057	1058	1059	1062	1063	1064	1065	1068	1072	1073	1076	1080	1082	1084	1086	1090	1093	1098	1102	1105	1110	1113	1115	
49	49	55	1001	1003	1004	1010	1013	1014	1017	1018	1019	1028	1030	1031	1033	1034	1036	1037	1041	1042	1046	1049	1050	1052	1055	1056	1058	1059	1060	1062	1064	1066	1067	1069	1070	1072	1075	1078	1079	1084	1085	1087	1088	1089	1090	1091	1092	1101	1106	1107	1108	1110	1112	1116	1117	1118	1119	
50	50	69	1001	1002	1005	1006	1007	1008	1009	1010	1011	1012	1013	1015	1016	1020	1024	1026	1027	1031	1032	1034	1035	1038	1039	1040	1044	1045	1046	1047	1048	1049	1050	1055	1056	1058	1060	1062	1064	1067	1068	1070	1074	1075	1076	1077	1078	1079	1083	1085	1086	1087	1088	1089	1090	1092	1093	1096	1098	1100	1102	1104	1106	1107	1109	1111	1113	1114	1115	1116	1117	
51	51	26	1004	1009	1013	1024	1026	1035	1040	1041	1044	1045	1059	1066	1069	1071	1075	1078	1084	1091	1096	1102	1104	1107	1109	1113	1114	1120	
52	52	94	1001	1005	1006	1007	1008	1009	1011	1012	1016	1017	1019	1020	1021	1024	1025	1026	1027	1028	1029	1030	1031	1032	1033	1034	1035	1037	1038	1039	1041	1042	1043	1044	1045	1046	1047	1048	1049	1050	1052	1053	1054	1055	1058	1059	1060	1061	1062	1063	1064	1065	1066	1067	1068	1070	1071	1072	1074	1076	1077	1078	1079	1080	1081	1082	1083	1084	1085	1086	1087	1088	1090	1091	1092	1094	1095	1096	1097	1098	1099	1101	1102	1103	1104	1106	1107	1108	1111	1112	1113	1115	1116	1117	1119	1120	
53	53	103	1001	1002	1003	1004	1005	1006	1007	1008	1009	1011	1012	1013	1014	1015	1016	1017	1018	1019	1020	1021	1022	1023	1026	1027	1029	1030	1031	1032	1033	1034	1035	1036	1037	1038	1039	1040	1041	1042	1043	1044	1045	1046	1048	1049	1050	1051	1053	1054	1057	1058	1059	1060	1062	1063	1064	1065	1067	1068	1069	1070	1072	1073	1075	1076	1077	1078	1079	1080	1081	1082	1083	1084	1086	1087	1088	1089	1090	1091	1092	1093	1094	1095	1096	1097	1099	1100	1101	1102	1103	1104	1105	1106	1107	1108	1109	1110	1111	1114	1115	1116	1117	1118	1119	
54	54	108	1001	1002	1003	1004	1005	1006	1007	1008	1010	1012	1013	1014	1015	1016	1017	1018	1019	1020	1021	1022	1025	1026	1027	1029	1030	1031	1032	1033	1034	1035	1036	1037	1038	1039	1040	1041	1042	1043	1044	1045	1046	1048	1049	1051	1052	1053	1055	1057	1058	1059	1060	1061	1062	1063	1064	1065	1066	1067	1068	1069	1070	1071	1072	1073	1074	1075	1076	1077	1078	1079	1080	1081	1082	1084	1085	1086	1087	1088	1089	1090	1091	1092	1093	1094	1095	1096	1097	1098	1099	1100	1101	1102	1103	1105	1106	1107	1108	1109	1110	1112	1113	1114	1115	1116	1117	1118	1119	1120	
55	55	97	1001	1002	1003	1004	1005	1007	1008	1009	1012	1013	1014	1015	1016	1018	1019	1021	1022	1023	1024	1025	1026	1027	1028	1029	1030	1032	1033	1034	1036	1037	1038	1040	1041	1044	1046	1047	1048	1049	1050	1052	1054	1055	1056	1057	1058	1059	1060	1061	1063	1064	1065	1066	1067	1069	1070	1071	1072	1073	1074	1075	1076	1077	1078	1079	1080	1081	1082	1083	1084	1085	1086	1088	1089	1090	1091	1092	1093	1094	1095	1097	1099	1103	1105	1106	1107	1108	1110	1111	1112	1113	1114	1115	1116	1117	1118	1119	1120	
56	56	109	1001	1002	1003	1004	1005	1006	1007	1008	1009	1010	1011	1012	1014	1015	1016	1017	1018	1019	1020	1021	1022	1023	1024	1025	1026	1028	1029	1030	1031	1032	1033	1034	1035	1036	1038	1039	1040	1041	1042	1043	1045	1046	1048	1049	1050	1051	1052	1054	1055	1056	1057	1058	1059	1061	1062	1063	1064	1065	1066	1067	1068	1069	1070	1071	1072	1073	1074	1075	1076	1077	1078	1079	1080	1081	1082	1083	1084	1085	1086	1087	1088	1089	1090	1091	1092	1093	1094	1096	1097	1098	1099	1100	1102	1103	1104	1105	1106	1107	1108	1109	1111	1112	1113	1114	1115	1116	1117	1118	1120	
57	57	120	1001	1002	1003	1004	1005	1006	1007	1008	1009	1010	1011	1012	1013	1014	1015	1016	1017	1018	1019	1020	1021	1022	1023	1024	1025	1026	1027	1028	1029	1030	1031	1032	1033	1034	1035	1036	1037	1038	1039	1040	1041	1042	1043	1044	1045	1046	1047	1048	1049	1050	1051	1052	1053	1054	1055	1056	1057	1058	1059	1060	1061	1062	1063	1064	1065	1066	1067	1068	1069	1070	1071	1072	1073	1074	1075	1076	1077	1078	1079	1080	1081	1082	1083	1084	1085	1086	1087	1088	1089	1090	1091	1092	1093	1094	1095	1096	1097	1098	1099	1100	1101	1102	1103	1104	1105	1106	1107	1108	1109	1110	1111	1112	1113	1114	1115	1116	1117	1118	1119	1120	
58	58	25	1003	1004	1006	1012	1013	1020	1026	1027	1031	1032	1041	1045	1048	1057	1058	1062	1070	1071	1076	1083	1094	1102	1107	1111	1116	
59	59	89	1001	1002	1003	1004	1006	1007	1008	1009	1010	1011	1012	1013	1016	1017	1018	1019	1020	1021	1022	1024	1025	1026	1027	1028	1029	1030	1032	1033	1034	1037	1038	1039	1040	1042	1043	1044	1046	1048	1050	1051	1052	1053	1054	1055	1056	1059	1062	1063	1064	1065	1067	1068	1069	1070	1072	1073	1074	1075	1077	1078	1081	1082	1084	1085	1086	1087	1088	1089	1091	1092	1093	1095	1096	1101	1102	1103	1104	1105	1107	1108	1109	1110	1111	1113	1114	1115	1116	1117	1119	
60	60	95	1001	1002	1003	1004	1005	1006	1007	1008	1009	1010	1011	1012	1013	1014	1015	1016	1019	1021	1022	1023	1024	1025	1026	1027	1029	1031	1033	1034	1035	1036	1038	1039	1040	1041	1045	1046	1047	1049	1050	1051	1052	1054	1055	1056	1057	1058	1059	1060	1063	1064	1065	1066	1067	1068	1069	1070	1072	1073	1074	1075	1076	1077	1078	1080	1081	1082	1083	1084	1085	1087	1088	1089	1090	1091	1092	1093	1094	1096	1097	1099	1101	1102	1103	1104	1105	1107	1110	1112	1113	1114	1116	1117	1118	1119	1120	
61	61	109	1001	1002	1003	1004	1005	1006	1007	1008	1009	1010	1011	1013	1014	1015	1016	1017	1018	1019	1021	1022	1023	1024	1025	1026	1027	1029	1030	1031	1032	1033	1034	1035	1036	1037	1038	1039	1040	1041	1042	1043	1044	1045	1046	1047	1049	1050	1051	1052	1053	1054	1055	1056	1057	1058	1059	1060	1061	1063	1064	1065	1066	1067	1068	1069	1070	1071	1072	1073	1074	1075	1076	1077	1078	1079	1080	1081	1082	1083	1084	1085	1087	1088	1089	1090	1091	1092	1093	1094	1095	1096	1098	1099	1102	1103	1104	1105	1106	1107	1108	1109	1110	1112	1114	1115	1116	1117	1118	1119	1120	
62	62	54	1003	1004	1006	1007	1008	1010	1011	1014	1015	1016	1017	1018	1020	1021	1022	1024	1025	1028	1030	1032	1033	1043	1044	1047	1048	1051	1055	1057	1059	1062	1069	1071	1073	1076	1078	1079	1081	1085	1086	1087	1088	1089	1091	1092	1093	1094	1095	1096	1097	1103	1105	1111	1115	1117	
63	63	109	1001	1002	1004	1005	1006	1007	1008	1009	1010	1011	1012	1014	1015	1016	1017	1018	1019	1020	1021	1022	1023	1024	1025	1026	1027	1028	1029	1030	1031	1033	1034	1036	1037	1038	1039	1040	1041	1042	1043	1045	1047	1048	1049	1050	1051	1052	1053	1054	1055	1056	1057	1059	1060	1061	1062	1064	1065	1066	1067	1068	1069	1070	1072	1073	1075	1076	1077	1078	1079	1080	1081	1082	1083	1084	1085	1086	1087	1088	1089	1091	1092	1093	1094	1095	1096	1097	1098	1099	1100	1101	1102	1103	1104	1105	1106	1107	1108	1109	1110	1111	1112	1113	1114	1115	1116	1117	1118	1119	1120	
64	64	104	1001	1003	1004	1006	1007	1008	1009	1010	1011	1012	1013	1014	1016	1017	1018	1019	1020	1021	1022	1023	1024	1026	1027	1028	1030	1031	1032	1033	1035	1036	1037	1039	1040	1041	1042	1044	1045	1046	1047	1048	1049	1050	1051	1052	1054	1055	1056	1057	1058	1059	1061	1062	1063	1064	1065	1066	1067	1068	1069	1071	1072	1073	1074	1075	1076	1077	1078	1079	1080	1081	1083	1084	1085	1086	1087	1088	1089	1090	1091	1092	1093	1095	1096	1097	1098	1099	1100	1101	1102	1103	1104	1105	1108	1109	1110	1111	1112	1113	1114	1115	1116	1117	1118	1119	
65	65	91	1001	1003	1004	1005	1006	1007	1008	1011	1012	1013	1014	1015	1016	1017	1018	1019	1020	1022	1023	1025	1026	1027	1028	1030	1031	1032	1033	1034	1038	1039	1040	1041	1042	1043	1044	1045	1046	1048	1049	1050	1051	1052	1053	1055	1060	1061	1063	1064	1065	1066	1068	1069	1071	1073	1076	1077	1078	1079	1081	1082	1084	1085	1087	1088	1089	1090	1092	1093	1094	1095	1097	1098	1099	1100	1101	1102	1103	1104	1105	1106	1108	1109	1111	1112	1113	1114	1115	1116	1117	1118	1120	
66	66	95	1001	1002	1003	1004	1005	1006	1007	1010	1013	1014	1015	1016	1017	1018	1019	1020	1021	1022	1023	1024	1025	1026	1028	1029	1030	1031	1032	1033	1034	1035	1036	1037	1038	1039	1040	1041	1042	1043	1044	1045	1047	1049	1050	1051	1053	1054	1055	1056	1058	1059	1060	1062	1063	1064	1067	1069	1070	1072	1074	1075	1076	1079	1080	1081	1082	1084	1085	1086	1087	1090	1091	1092	1094	1095	1096	1097	1098	1099	1100	1101	1102	1104	1105	1106	1107	1109	1111	1112	1113	1114	1115	1116	1117	1119	1120	
67	67	116	1001	1002	1003	1004	1007	1008	1009	1010	1011	1012	1013	1014	1015	1016	1017	1018	1019	1020	1021	1022	1023	1024	1025	1026	1027	1028	1029	1030	1031	1032	1033	1034	1035	1036	1037	1038	1039	1040	1041	1042	1043	1044	1045	1046	1047	1048	1049	1050	1051	1052	1053	1054	1055	1056	1057	1058	1059	1060	1061	1062	1063	1064	1065	1066	1067	1068	1069	1070	1071	1072	1073	1074	1075	1076	1077	1078	1079	1080	1081	1082	1083	1084	1086	1087	1089	1090	1091	1092	1093	1094	1095	1096	1097	1098	1099	1100	1101	1102	1103	1104	1105	1106	1107	1108	1109	1110	1111	1112	1113	1114	1115	1116	1117	1118	1119	1120	
68	68	57	1002	1003	1006	1012	1013	1016	1018	1021	1022	1030	1031	1036	1038	1039	1044	1046	1047	1049	1054	1055	1056	1057	1058	1060	1063	1066	1068	1072	1075	1076	1077	1078	1079	1080	1081	1082	1087	1088	1091	1092	1093	1095	1096	1097	1098	1099	1102	1103	1106	1107	1109	1111	1113	1114	1115	1117	1119	
69	69	87	1001	1002	1003	1004	1006	1007	1008	1009	1010	1012	1014	1015	1016	1018	1019	1021	1022	1023	1024	1026	1028	1029	1033	1035	1036	1037	1039	1040	1041	1042	1043	1044	1045	1046	1047	1048	1049	1051	1053	1054	1056	1057	1059	1060	1061	1062	1063	1065	1066	1067	1068	1069	1071	1072	1074	1075	1077	1078	1081	1082	1084	1085	1088	1090	1091	1092	1093	1094	1096	1097	1099	1100	1101	1105	1106	1107	1108	1109	1110	1111	1113	1114	1115	1116	1117	1118	1119	
70	70	91	1001	1002	1004	1005	1006	1007	1008	1010	1012	1013	1014	1015	1017	1018	1019	1020	1021	1022	1023	1026	1027	1028	1029	1031	1034	1035	1036	1037	1038	1039	1040	1042	1043	1044	1045	1047	1048	1049	1050	1051	1052	1054	1055	1056	1057	1061	1062	1063	1064	1065	1066	1067	1068	1069	1070	1071	1072	1073	1075	1076	1078	1079	1080	1081	1083	1084	1085	1086	1087	1088	1089	1093	1094	1095	1096	1099	1100	1101	1102	1104	1105	1106	1109	1110	1111	1113	1114	1115	1117	1118	1120	
71	71	68	1001	1002	1005	1009	1010	1011	1013	1014	1015	1016	1019	1020	1021	1022	1026	1029	1030	1031	1032	1033	1034	1035	1036	1037	1039	1040	1041	1042	1043	1044	1046	1052	1053	1055	1056	1058	1059	1061	1065	1066	1067	1069	1071	1072	1073	1074	1075	1077	1078	1079	1080	1081	1082	1086	1089	1090	1094	1095	1096	1101	1103	1105	1111	1113	1114	1116	1117	1119	
72	72	47	1001	1002	1010	1012	1015	1023	1025	1026	1028	1032	1033	1044	1047	1049	1050	1056	1060	1066	1067	1068	1073	1075	1078	1081	1084	1086	1087	1091	1092	1093	1094	1096	1098	1099	1103	1105	1107	1108	1110	1111	1113	1114	1116	1117	1118	1119	1120	
73	73	110	1001	1002	1003	1004	1005	1006	1007	1008	1009	1010	1011	1012	1013	1014	1015	1016	1017	1018	1019	1020	1021	1022	1023	1024	1025	1026	1027	1029	1031	1032	1035	1036	1037	1038	1039	1040	1041	1042	1043	1044	1045	1047	1048	1049	1050	1051	1052	1054	1055	1056	1057	1058	1059	1060	1061	1062	1063	1064	1066	1067	1068	1069	1070	1071	1072	1073	1074	1075	1076	1077	1078	1079	1080	1081	1082	1083	1084	1085	1086	1087	1088	1089	1090	1091	1092	1093	1094	1095	1096	1097	1098	1099	1100	1101	1103	1104	1105	1106	1107	1108	1109	1110	1112	1114	1115	1116	1117	1118	1119	1120	
74	74	100	1001	1002	1003	1004	1006	1007	1008	1009	1010	1011	1012	1013	1014	1015	1017	1018	1019	1021	1023	1024	1025	1026	1027	1028	1029	1030	1031	1033	1034	1035	1036	1037	1038	1039	1040	1041	1042	1043	1044	1045	1046	1047	1049	1052	1053	1054	1055	1056	1057	1058	1059	1060	1061	1062	1063	1064	1066	1067	1069	1070	1071	1072	1073	1074	1076	1077	1078	1079	1080	1081	1082	1085	1086	1087	1088	1089	1090	1092	1093	1094	1095	1096	1098	1099	1101	1102	1103	1104	1105	1106	1107	1108	1109	1112	1113	1115	1116	1117	1119	1120	
75	75	50	1003	1005	1007	1008	1010	1011	1013	1014	1017	1018	1021	1026	1031	1032	1033	1035	1039	1042	1043	1044	1045	1051	1054	1057	1059	1063	1064	1065	1066	1071	1072	1073	1076	1078	1082	1083	1085	1091	1092	1093	1094	1095	1096	1100	1103	1104	1109	1112	1116	1117	
76	76	61	1001	1003	1006	1007	1008	1009	1010	1012	1014	1015	1018	1019	1021	1022	1024	1026	1034	1035	1036	1038	1040	1041	1044	1045	1046	1047	1048	1052	1053	1055	1057	1058	1060	1061	1062	1064	1066	1067	1069	1070	1076	1077	1078	1079	1080	1087	1089	1090	1092	1093	1095	1096	1099	1104	1106	1109	1112	1113	1116	1119	1120	
77	77	35	1002	1006	1009	1012	1017	1022	1023	1024	1026	1027	1031	1032	1033	1037	1039	1045	1046	1051	1053	1061	1063	1068	1069	1075	1079	1086	1090	1096	1098	1105	1106	1109	1113	1114	1120	
78	78	84	1001	1002	1004	1005	1007	1010	1011	1012	1016	1017	1018	1019	1021	1022	1025	1026	1027	1029	1030	1031	1032	1035	1036	1037	1038	1043	1044	1046	1047	1048	1049	1050	1052	1054	1055	1056	1057	1058	1059	1060	1062	1064	1065	1066	1067	1069	1070	1071	1072	1075	1077	1078	1079	1080	1081	1085	1086	1087	1089	1090	1091	1092	1093	1094	1095	1096	1097	1098	1099	1101	1102	1103	1105	1106	1108	1109	1111	1112	1114	1115	1116	1117	1119	1120	
79	79	115	1001	1002	1003	1004	1005	1006	1007	1008	1009	1010	1011	1012	1013	1014	1015	1016	1017	1018	1019	1020	1021	1022	1023	1024	1025	1026	1027	1028	1029	1030	1031	1032	1033	1035	1036	1037	1038	1039	1040	1041	1042	1043	1044	1045	1046	1048	1049	1050	1051	1052	1053	1054	1055	1056	1057	1058	1059	1060	1061	1062	1063	1065	1066	1067	1068	1069	1070	1071	1072	1073	1074	1075	1076	1077	1078	1079	1080	1081	1082	1083	1084	1085	1086	1088	1089	1090	1092	1093	1094	1095	1096	1097	1098	1099	1100	1101	1102	1103	1104	1105	1106	1107	1108	1109	1110	1111	1112	1113	1114	1115	1116	1117	1118	1119	1120	
80	80	108	1001	1002	1003	1004	1006	1007	1009	1010	1011	1012	1013	1014	1015	1016	1017	1018	1019	1020	1021	1022	1023	1024	1025	1027	1028	1029	1030	1031	1032	1033	1035	1036	1037	1038	1039	1040	1041	1042	1043	1044	1045	1046	1047	1048	1049	1050	1051	1052	1054	1056	1057	1058	1059	1060	1061	1062	1063	1064	1066	1069	1070	1071	1072	1073	1074	1075	1076	1077	1078	1079	1080	1081	1082	1083	1084	1086	1087	1088	1089	1090	1091	1092	1093	1094	1095	1096	1097	1098	1099	1100	1101	1102	1103	1104	1105	1106	1107	1110	1111	1112	1113	1114	1115	1116	1117	1118	1119	1120	
81	81	58	1003	1005	1006	1011	1013	1014	1016	1019	1020	1023	1027	1028	1031	1032	1036	1037	1043	1044	1047	1048	1049	1050	1051	1054	1058	1059	1060	1062	1064	1065	1066	1072	1074	1075	1077	1079	1083	1084	1087	1089	1091	1093	1094	1095	1097	1098	1099	1102	1104	1105	1107	1108	1110	1111	1112	1113	1115	1117	
82	82	29	1001	1005	1006	1009	1010	1012	1022	1030	1034	1036	1040	1057	1058	1063	1067	1070	1073	1078	1082	1086	1088	1090	1091	1095	1097	1098	1103	1106	1118	
83	83	39	1002	1010	1011	1013	1014	1016	1019	1021	1028	1030	1034	1036	1037	1038	1045	1046	1050	1051	1061	1066	1067	1069	1073	1074	1075	1077	1079	1083	1088	1092	1093	1095	1100	1101	1102	1105	1112	1115	1120	
84	84	87	1001	1002	1003	1004	1005	1006	1007	1008	1009	1010	1011	1012	1015	1017	1019	1020	1021	1024	1028	1029	1030	1031	1032	1033	1034	1035	1037	1038	1041	1043	1044	1045	1046	1048	1049	1052	1053	1056	1057	1059	1062	1063	1064	1065	1067	1068	1069	1070	1071	1072	1074	1075	1076	1078	1082	1083	1084	1085	1087	1089	1090	1091	1092	1093	1096	1097	1098	1099	1100	1101	1102	1103	1104	1106	1107	1108	1109	1110	1111	1113	1114	1115	1116	1117	1118	1119	1120	
85	85	80	1001	1002	1003	1004	1007	1008	1009	1010	1012	1013	1016	1017	1018	1019	1020	1022	1023	1024	1025	1026	1027	1029	1030	1032	1033	1035	1040	1043	1045	1046	1047	1048	1049	1050	1052	1053	1057	1058	1059	1063	1067	1068	1069	1070	1073	1074	1075	1077	1079	1080	1081	1082	1083	1084	1087	1088	1089	1092	1093	1095	1096	1097	1098	1099	1100	1101	1103	1105	1107	1109	1110	1111	1112	1114	1115	1116	1117	1118	1119	1120	
86	86	97	1002	1003	1004	1006	1007	1009	1010	1011	1012	1013	1014	1015	1016	1018	1019	1020	1021	1022	1023	1024	1025	1026	1028	1030	1031	1032	1033	1035	1036	1037	1038	1039	1040	1041	1043	1044	1046	1048	1049	1050	1051	1052	1053	1055	1056	1057	1058	1059	1060	1061	1062	1064	1065	1066	1067	1068	1069	1071	1072	1073	1074	1075	1076	1078	1079	1081	1082	1083	1084	1085	1086	1088	1090	1091	1092	1093	1094	1095	1096	1098	1099	1101	1102	1103	1104	1105	1107	1109	1111	1112	1113	1114	1115	1116	1117	1118	1120	
87	87	112	1001	1003	1004	1005	1006	1008	1009	1010	1011	1012	1014	1015	1016	1017	1018	1019	1020	1021	1022	1023	1024	1025	1026	1027	1028	1029	1030	1031	1032	1033	1034	1035	1036	1037	1038	1039	1040	1041	1042	1043	1044	1045	1046	1047	1048	1049	1050	1051	1052	1053	1054	1056	1057	1058	1059	1060	1061	1062	1063	1064	1065	1066	1067	1068	1069	1070	1072	1073	1074	1075	1076	1077	1078	1079	1080	1081	1082	1083	1084	1085	1086	1088	1089	1090	1092	1093	1094	1095	1096	1097	1098	1099	1100	1101	1102	1103	1104	1105	1106	1107	1108	1110	1111	1112	1113	1114	1115	1116	1117	1118	1119	1120	
88	88	106	1001	1002	1003	1004	1005	1006	1007	1008	1009	1010	1011	1012	1015	1016	1017	1018	1019	1020	1023	1024	1025	1026	1028	1029	1030	1031	1032	1033	1034	1036	1037	1038	1039	1040	1041	1042	1043	1044	1045	1046	1048	1049	1050	1051	1052	1053	1054	1055	1056	1058	1059	1060	1061	1062	1063	1064	1065	1066	1067	1068	1069	1070	1071	1072	1073	1075	1076	1077	1078	1079	1080	1081	1083	1084	1085	1086	1087	1088	1089	1090	1092	1093	1094	1095	1096	1097	1098	1099	1100	1101	1102	1103	1106	1107	1108	1109	1110	1112	1113	1114	1115	1116	1117	1118	1119	1120	
89	89	60	1001	1002	1003	1005	1007	1009	1012	1015	1016	1017	1020	1021	1022	1023	1025	1026	1027	1028	1029	1030	1036	1037	1038	1039	1041	1043	1044	1046	1047	1048	1051	1054	1055	1058	1059	1060	1068	1072	1074	1077	1078	1085	1087	1088	1089	1093	1095	1096	1097	1098	1100	1101	1103	1105	1107	1108	1111	1117	1118	1119	
90	90	106	1002	1003	1004	1005	1006	1007	1008	1010	1011	1013	1015	1016	1017	1018	1019	1020	1021	1022	1023	1024	1025	1026	1027	1028	1029	1030	1031	1032	1033	1035	1036	1038	1040	1041	1042	1043	1044	1045	1046	1047	1048	1049	1050	1051	1052	1053	1054	1055	1056	1058	1060	1061	1062	1063	1064	1065	1066	1067	1068	1069	1070	1071	1072	1073	1074	1075	1076	1078	1080	1081	1082	1083	1084	1085	1086	1087	1088	1089	1090	1091	1093	1094	1095	1096	1097	1098	1099	1100	1101	1102	1103	1104	1105	1106	1107	1108	1109	1112	1113	1114	1115	1116	1117	1118	1119	1120	
91	91	117	1001	1002	1003	1004	1005	1006	1007	1008	1010	1011	1012	1013	1014	1015	1016	1017	1018	1019	1020	1021	1022	1023	1024	1025	1026	1027	1028	1029	1030	1031	1032	1033	1034	1035	1036	1037	1038	1039	1040	1041	1042	1043	1044	1045	1046	1047	1048	1049	1050	1052	1053	1054	1055	1056	1057	1058	1059	1060	1061	1062	1063	1064	1065	1066	1067	1068	1069	1070	1071	1072	1073	1074	1075	1076	1077	1078	1079	1080	1081	1082	1083	1084	1085	1086	1087	1088	1089	1090	1091	1092	1093	1094	1095	1096	1097	1098	1099	1100	1101	1102	1103	1104	1105	1106	1107	1108	1109	1110	1111	1112	1113	1114	1115	1116	1117	1118	1119	
92	92	69	1001	1004	1006	1012	1015	1016	1017	1018	1022	1023	1024	1025	1026	1027	1028	1030	1031	1032	1034	1035	1037	1039	1041	1042	1044	1045	1047	1052	1053	1056	1060	1061	1062	1064	1065	1066	1068	1069	1073	1074	1076	1078	1079	1081	1082	1085	1086	1087	1088	1089	1090	1093	1094	1095	1097	1099	1100	1101	1102	1103	1105	1107	1110	1112	1113	1115	1117	1118	1119	
93	93	59	1001	1002	1003	1004	1006	1007	1009	1011	1013	1014	1017	1018	1019	1020	1021	1026	1027	1028	1030	1032	1036	1037	1044	1045	1049	1052	1054	1055	1061	1062	1063	1064	1065	1068	1070	1071	1072	1075	1077	1080	1081	1084	1085	1088	1089	1093	1095	1096	1097	1098	1100	1102	1106	1111	1114	1117	1118	1119	1120	
94	94	48	1001	1003	1005	1008	1013	1015	1016	1020	1021	1023	1024	1025	1029	1030	1033	1034	1035	1036	1038	1039	1040	1042	1045	1052	1054	1057	1060	1061	1069	1071	1073	1074	1078	1087	1093	1094	1095	1096	1103	1104	1107	1110	1111	1112	1113	1114	1115	1120	
95	95	77	1001	1002	1005	1006	1007	1008	1011	1012	1014	1015	1016	1017	1019	1020	1021	1022	1023	1027	1030	1031	1032	1035	1036	1037	1038	1039	1040	1041	1042	1043	1045	1046	1047	1049	1051	1053	1054	1056	1058	1059	1063	1064	1065	1066	1069	1073	1074	1075	1076	1077	1080	1081	1083	1084	1085	1087	1091	1092	1093	1095	1096	1098	1099	1102	1103	1104	1105	1106	1109	1110	1111	1112	1114	1116	1118	1119	1120	
96	96	57	1001	1004	1005	1006	1007	1008	1014	1016	1019	1021	1026	1028	1029	1032	1034	1035	1039	1040	1042	1044	1046	1049	1053	1056	1057	1060	1062	1065	1068	1070	1071	1072	1074	1075	1076	1078	1080	1082	1084	1086	1088	1089	1091	1092	1095	1096	1099	1102	1104	1106	1108	1109	1110	1113	1116	1118	1120	
97	97	34	1001	1002	1004	1007	1009	1010	1012	1016	1023	1031	1037	1038	1039	1041	1043	1045	1050	1065	1073	1075	1080	1084	1089	1097	1098	1103	1104	1105	1114	1115	1116	1117	1118	1119	
98	98	114	1001	1002	1003	1004	1005	1006	1007	1008	1009	1011	1012	1013	1014	1015	1016	1017	1018	1019	1020	1021	1022	1023	1024	1025	1026	1027	1028	1029	1030	1031	1032	1033	1034	1035	1036	1037	1038	1039	1040	1041	1042	1043	1044	1046	1047	1048	1049	1050	1051	1052	1053	1054	1056	1057	1058	1059	1060	1061	1062	1063	1064	1065	1066	1067	1068	1069	1070	1071	1072	1073	1074	1075	1076	1077	1078	1079	1080	1081	1082	1083	1084	1085	1086	1087	1088	1089	1091	1092	1093	1094	1095	1096	1097	1098	1099	1100	1101	1102	1103	1104	1105	1106	1107	1108	1111	1112	1113	1114	1115	1116	1117	1118	1119	1120	
99	99	58	1002	1003	1006	1009	1010	1012	1013	1020	1022	1023	1024	1027	1030	1032	1033	1034	1035	1037	1039	1040	1046	1047	1049	1050	1052	1059	1060	1062	1064	1065	1066	1068	1070	1074	1078	1081	1082	1083	1084	1086	1088	1090	1091	1092	1094	1095	1097	1099	1100	1102	1103	1105	1111	1112	1114	1117	1118	1120	
100	100	106	1001	1002	1003	1004	1005	1006	1007	1008	1009	1010	1011	1012	1013	1014	1016	1017	1018	1019	1020	1021	1022	1023	1024	1025	1026	1027	1028	1029	1030	1031	1032	1033	1034	1035	1036	1037	1038	1041	1042	1043	1044	1045	1046	1047	1048	1049	1050	1051	1052	1053	1054	1055	1057	1058	1059	1061	1062	1063	1064	1065	1066	1067	1068	1069	1070	1072	1073	1074	1075	1076	1077	1078	1079	1080	1081	1082	1084	1085	1086	1087	1088	1089	1090	1091	1092	1093	1094	1095	1096	1097	1098	1099	1102	1103	1104	1105	1107	1109	1112	1113	1114	1115	1116	1117	1119	1120	
101	101	91	1001	1002	1003	1004	1006	1008	1011	1012	1013	1015	1016	1017	1018	1019	1020	1022	1023	1024	1026	1027	1029	1030	1031	1032	1033	1034	1035	1036	1038	1039	1040	1041	1043	1044	1045	1046	1048	1051	1052	1054	1058	1061	1062	1063	1064	1065	1066	1067	1068	1069	1070	1071	1073	1074	1075	1076	1077	1078	1079	1080	1082	1083	1084	1085	1086	1088	1089	1092	1093	1094	1096	1097	1098	1100	1101	1104	1105	1106	1107	1108	1109	1110	1111	1112	1113	1114	1115	1116	1118	1119	1120	
102	102	38	1001	1003	1008	1015	1016	1017	1019	1021	1022	1023	1026	1030	1031	1034	1035	1036	1039	1041	1046	1051	1052	1057	1058	1061	1064	1067	1068	1077	1086	1087	1088	1089	1091	1092	1096	1106	1110	1120	
103	103	44	1004	1007	1008	1009	1011	1013	1014	1016	1020	1029	1031	1032	1042	1048	1049	1051	1052	1055	1056	1059	1060	1061	1063	1066	1068	1070	1071	1072	1075	1077	1078	1079	1083	1085	1087	1092	1098	1100	1101	1107	1109	1118	1119	1120	
104	104	118	1001	1002	1003	1004	1005	1006	1007	1008	1009	1010	1011	1012	1013	1014	1015	1016	1017	1018	1019	1020	1021	1022	1023	1024	1025	1026	1027	1028	1029	1030	1031	1032	1033	1034	1035	1036	1037	1038	1039	1040	1041	1042	1043	1044	1045	1046	1047	1048	1049	1050	1051	1052	1053	1054	1055	1056	1057	1059	1060	1061	1062	1063	1064	1065	1066	1067	1068	1069	1070	1071	1072	1073	1074	1075	1076	1077	1078	1079	1080	1081	1082	1083	1084	1085	1086	1087	1089	1090	1091	1092	1093	1094	1095	1096	1097	1098	1099	1100	1101	1102	1103	1104	1105	1106	1107	1108	1109	1110	1111	1112	1113	1114	1115	1116	1117	1118	1119	1120	
105	105	56	1001	1004	1009	1012	1014	1015	1019	1027	1028	1029	1031	1033	1034	1036	1038	1041	1043	1044	1046	1050	1055	1056	1059	1062	1063	1067	1068	1069	1070	1071	1073	1077	1081	1082	1083	1084	1086	1088	1089	1092	1093	1095	1096	1097	1099	1100	1103	1104	1105	1106	1111	1113	1114	1115	1118	1120	
106	106	71	1002	1003	1004	1006	1007	1009	1012	1013	1014	1016	1018	1019	1020	1022	1023	1024	1025	1027	1029	1030	1033	1037	1040	1041	1042	1043	1045	1046	1049	1050	1051	1052	1053	1054	1056	1057	1060	1063	1065	1066	1067	1070	1071	1072	1073	1074	1075	1080	1082	1084	1086	1087	1088	1090	1091	1092	1093	1094	1096	1098	1100	1102	1103	1105	1107	1111	1112	1113	1114	1115	1116	
107	107	115	1001	1002	1003	1004	1005	1006	1007	1009	1010	1011	1012	1013	1014	1015	1016	1017	1018	1021	1022	1023	1024	1025	1026	1027	1028	1029	1030	1031	1032	1033	1034	1035	1036	1037	1038	1039	1040	1041	1042	1043	1044	1045	1046	1047	1048	1049	1050	1051	1052	1053	1054	1055	1056	1057	1058	1059	1060	1061	1062	1063	1064	1066	1067	1068	1069	1070	1071	1072	1073	1074	1075	1076	1077	1078	1079	1080	1081	1082	1083	1084	1085	1086	1087	1088	1089	1090	1091	1092	1093	1094	1095	1096	1097	1098	1099	1100	1101	1102	1103	1104	1105	1106	1107	1108	1110	1111	1112	1113	1114	1115	1116	1117	1118	1119	1120	
108	108	37	1002	1007	1014	1016	1019	1022	1023	1025	1028	1030	1032	1037	1039	1045	1046	1047	1048	1050	1052	1063	1068	1070	1078	1079	1085	1086	1087	1091	1098	1099	1101	1107	1110	1112	1113	1115	1119	
109	109	42	1001	1005	1007	1008	1010	1014	1015	1018	1022	1025	1030	1033	1034	1035	1036	1039	1046	1047	1050	1051	1052	1053	1054	1056	1059	1064	1069	1070	1074	1080	1081	1083	1088	1089	1096	1098	1099	1104	1111	1114	1115	1118	
110	110	35	1013	1014	1021	1024	1025	1027	1030	1034	1036	1039	1041	1043	1045	1048	1055	1063	1069	1070	1072	1075	1077	1082	1088	1089	1090	1093	1097	1102	1104	1105	1110	1113	1114	1119	1120	
111	111	32	1007	1013	1015	1019	1025	1033	1036	1049	1054	1056	1058	1059	1061	1062	1067	1069	1072	1074	1075	1076	1081	1082	1086	1088	1094	1095	1096	1098	1103	1104	1113	1118	
112	112	97	1001	1002	1005	1006	1007	1008	1009	1010	1012	1013	1014	1015	1017	1018	1019	1020	1021	1022	1023	1024	1025	1026	1027	1028	1030	1031	1032	1033	1034	1035	1036	1038	1039	1041	1042	1043	1044	1045	1046	1047	1048	1049	1051	1052	1053	1054	1055	1056	1057	1058	1059	1060	1061	1062	1063	1064	1066	1067	1068	1069	1070	1071	1072	1073	1074	1075	1076	1077	1081	1082	1083	1084	1085	1087	1089	1090	1092	1093	1094	1095	1096	1097	1101	1102	1104	1105	1106	1107	1109	1110	1111	1112	1115	1116	1117	1118	1120	
113	113	67	1002	1005	1006	1007	1008	1012	1013	1014	1017	1018	1020	1022	1024	1025	1026	1029	1030	1033	1034	1035	1037	1038	1040	1041	1045	1047	1048	1050	1052	1055	1056	1059	1060	1061	1065	1067	1069	1070	1072	1074	1075	1076	1080	1081	1082	1083	1084	1086	1088	1090	1091	1092	1094	1096	1100	1101	1102	1104	1105	1106	1108	1109	1112	1114	1116	1119	1120	
114	114	98	1001	1002	1003	1004	1005	1006	1008	1010	1012	1013	1016	1017	1018	1019	1020	1021	1022	1023	1024	1025	1026	1027	1029	1030	1031	1032	1033	1034	1035	1036	1037	1038	1039	1041	1042	1043	1044	1046	1047	1048	1049	1050	1051	1052	1053	1056	1057	1059	1060	1061	1062	1063	1064	1065	1067	1069	1071	1072	1073	1074	1075	1078	1080	1081	1082	1083	1085	1086	1087	1088	1089	1090	1091	1092	1093	1096	1097	1098	1100	1101	1102	1103	1104	1105	1106	1107	1108	1109	1110	1111	1112	1113	1114	1115	1116	1117	1118	1119	
115	115	75	1002	1004	1006	1007	1009	1011	1012	1013	1014	1015	1016	1018	1019	1020	1021	1022	1025	1026	1027	1028	1030	1031	1032	1033	1034	1035	1038	1039	1040	1042	1045	1046	1047	1048	1052	1053	1054	1055	1056	1057	1058	1060	1063	1064	1067	1069	1070	1071	1072	1073	1074	1076	1077	1079	1085	1086	1087	1091	1092	1093	1094	1095	1096	1097	1102	1104	1105	1106	1110	1111	1115	1116	1117	1118	1120	
116	116	80	1001	1002	1003	1005	1006	1010	1011	1016	1021	1023	1024	1025	1029	1030	1034	1035	1036	1037	1038	1039	1041	1042	1045	1047	1048	1049	1051	1052	1053	1056	1057	1058	1059	1060	1061	1062	1063	1064	1066	1067	1068	1069	1070	1072	1074	1076	1079	1080	1081	1082	1083	1084	1086	1087	1088	1089	1090	1091	1093	1094	1095	1097	1098	1099	1100	1101	1102	1104	1105	1107	1108	1109	1110	1111	1113	1114	1116	1117	1119	1120	
117	117	99	1002	1003	1004	1005	1006	1008	1009	1010	1011	1012	1013	1014	1015	1016	1017	1019	1020	1021	1022	1024	1025	1026	1028	1029	1031	1032	1033	1034	1035	1036	1037	1038	1039	1041	1042	1043	1044	1045	1046	1048	1049	1050	1051	1052	1053	1054	1055	1058	1059	1060	1061	1062	1063	1064	1065	1066	1067	1068	1069	1070	1071	1072	1073	1074	1076	1077	1078	1079	1080	1081	1085	1087	1088	1089	1090	1092	1093	1094	1095	1096	1098	1099	1100	1101	1103	1104	1105	1106	1107	1109	1110	1111	1112	1113	1114	1115	1116	1118	1120	
118	118	25	1007	1010	1012	1013	1015	1019	1020	1021	1025	1034	1039	1044	1045	1046	1067	1069	1072	1076	1082	1089	1091	1092	1104	1111	1112	
119	119	57	1003	1006	1007	1008	1012	1013	1014	1016	1017	1018	1019	1021	1022	1025	1027	1028	1029	1030	1031	1032	1033	1034	1035	1036	1044	1047	1049	1052	1054	1056	1064	1067	1068	1072	1073	1074	1076	1078	1080	1081	1082	1084	1086	1089	1091	1095	1096	1099	1101	1103	1104	1109	1110	1112	1113	1116	1117	
120	120	48	1002	1003	1005	1008	1009	1011	1020	1026	1030	1031	1033	1034	1040	1043	1047	1049	1051	1054	1056	1057	1060	1062	1063	1065	1069	1070	1073	1075	1076	1077	1078	1079	1081	1082	1084	1087	1088	1094	1099	1102	1103	1107	1109	1112	1114	1116	1117	1118	
