-1	1	2	3	4	5	6	7	8	9	10	11	12	13	14	15	16	17	18	19	20	21	22	23	24	25	26	27	28	29	30	31	32	33	34	35	36	37	38	39	40	41	42	43	44	45	46	47	48	49	50	51	52	53	54	55	56	57	58	59	60	61	62	63	64	65	66	67	68	69	70	71	72	73	74	75	76	77	78	79	80	81	82	83	84	85	86	87	88	89	90	91	92	93	94	95	96	97	98	99	100	101	102	103	104	105	106	107	108	109	110	111	112	113	114	115	116	117	118	119	120	
1001	995	666	86	45	520	920	754	867	688	86	502	87	675	68	39	585	517	704	764	774	606	147	839	92	159	956	54	819	378	300	963	847	409	732	616	862	434	924	559	701	370	998	545	304	663	347	5	457	370	68	307	377	693	907	346	237	513	114	887	938	380	60	71	844	233	779	870	588	919	114	905	944	583	732	641	103	512	597	849	693	597	240	266	604	754	112	165	876	235	986	881	948	190	667	605	121	393	534	88	622	575	489	751	909	655	33	752	797	941	778	44	997	277	939	745	407	358	642	9	761	
1002	156	637	400	488	648	175	45	355	405	934	237	240	648	99	628	538	91	188	105	983	450	102	632	187	567	664	380	151	513	94	739	36	425	179	415	963	597	427	705	206	320	656	577	604	953	611	227	953	851	381	388	748	309	503	814	494	739	599	753	95	805	603	914	947	343	883	360	77	473	674	748	963	119	621	729	898	203	992	789	243	401	653	414	126	812	462	320	62	55	245	934	694	663	226	416	426	839	477	636	913	68	268	311	337	626	319	653	899	958	682	952	912	118	443	822	85	781	932	950	219	
1003	115	204	763	365	153	859	208	897	344	658	556	470	297	858	968	345	124	719	462	146	88	381	465	520	774	964	368	874	369	295	918	528	913	18	662	489	313	955	189	414	685	411	944	903	352	340	656	532	997	932	451	759	892	995	261	880	559	762	31	113	733	668	574	892	391	705	63	209	834	369	266	268	124	54	20	655	226	965	434	892	17	479	578	157	276	274	892	919	62	77	978	52	720	941	764	584	725	769	950	535	651	324	726	485	333	388	809	614	983	271	189	807	922	646	868	764	89	420	111	572	
1004	184	353	145	994	776	758	285	906	817	852	306	670	301	17	912	176	621	645	964	959	743	809	182	262	665	352	836	523	959	829	454	253	457	381	610	490	328	758	49	583	634	841	729	761	340	284	4	332	600	410	257	154	968	39	66	478	873	143	230	202	139	190	703	302	216	366	798	113	771	892	221	524	179	67	542	69	200	366	739	602	582	528	646	144	15	390	25	666	550	431	632	253	537	963	366	860	422	386	893	39	74	446	290	313	285	460	616	474	970	263	540	674	230	734	345	936	215	230	309	970	
1005	418	563	310	448	611	707	792	907	67	143	412	460	406	31	726	656	795	119	592	457	671	511	356	313	844	635	811	454	392	380	190	21	384	376	971	730	294	973	81	910	880	164	111	714	220	363	819	171	625	123	7	30	679	276	808	542	682	701	785	876	867	152	245	575	151	21	341	260	868	630	833	847	306	636	58	107	190	192	607	118	277	692	110	313	606	371	542	270	921	717	842	882	111	520	408	350	625	284	259	176	46	53	503	8	671	303	835	936	854	637	155	426	695	794	726	721	933	548	493	721	
1006	533	774	432	973	828	839	593	486	11	607	638	307	138	666	318	314	813	603	520	675	34	415	663	831	461	951	926	299	311	878	62	703	292	36	741	995	404	282	193	492	420	927	598	988	694	19	884	416	574	186	972	278	167	459	36	718	325	849	393	272	308	873	565	846	969	125	514	652	488	137	214	413	790	804	495	424	511	146	448	939	899	215	428	982	36	246	698	931	315	755	74	652	475	702	912	518	142	505	318	341	72	619	591	632	1	327	97	807	366	982	626	154	858	292	279	35	89	554	136	590	
1007	975	712	864	125	476	956	950	218	912	138	160	596	138	900	542	997	781	893	329	947	49	979	413	428	983	941	77	526	581	15	128	989	315	612	27	624	965	428	79	437	50	822	364	716	380	663	382	858	729	163	807	927	289	171	309	650	361	856	749	691	112	943	824	993	320	798	957	717	983	461	456	871	358	169	138	304	994	733	632	424	697	210	752	192	231	809	585	858	538	486	546	216	283	327	430	67	38	84	631	901	771	66	177	960	550	307	360	912	139	681	388	439	487	899	140	616	523	606	689	62	
1008	855	965	877	653	824	83	601	485	313	952	118	153	961	114	672	536	853	840	77	705	177	291	943	633	45	572	213	933	681	918	261	968	708	124	435	600	425	158	821	716	115	520	66	840	203	756	112	269	215	778	549	858	301	988	344	640	793	111	521	116	99	415	126	822	580	609	400	618	298	879	782	452	611	864	816	898	23	598	678	669	56	604	297	423	310	512	346	515	774	749	523	546	259	796	323	674	32	396	430	860	485	15	603	989	712	671	495	509	61	681	675	623	601	680	738	344	564	365	254	540	
1009	639	883	117	738	61	187	549	416	923	931	294	200	877	542	823	123	325	609	978	63	123	399	60	562	990	966	917	598	902	738	193	230	163	784	310	520	683	350	975	571	328	761	544	299	857	150	186	803	907	949	497	714	590	819	877	674	980	367	558	357	552	536	459	856	796	324	725	460	517	44	215	898	371	990	353	47	355	579	814	201	119	219	74	113	594	429	704	697	564	700	802	888	989	678	826	323	543	814	81	591	196	797	39	52	274	908	282	812	620	581	178	860	668	339	140	922	117	327	909	952	
1010	13	306	184	731	102	518	385	502	550	988	584	359	273	949	946	191	482	83	441	443	204	23	45	879	445	945	821	761	208	902	247	120	497	614	108	613	38	263	583	1000	508	636	520	30	968	186	51	201	200	556	582	161	865	293	44	546	889	159	523	902	367	521	413	252	866	318	701	472	320	988	488	526	417	106	582	473	674	726	328	545	694	157	365	421	810	668	704	388	239	503	988	762	630	880	75	529	975	970	875	766	611	662	690	262	915	830	131	801	552	816	529	694	348	462	20	951	120	636	130	517	
1011	889	743	807	956	825	112	968	968	169	949	959	639	989	805	554	163	128	470	669	360	674	197	744	762	630	955	719	475	116	913	510	706	276	261	348	369	709	429	279	133	405	651	593	499	873	706	210	465	671	240	509	387	250	365	487	216	710	451	542	852	301	974	870	734	50	421	10	261	619	722	337	510	284	814	990	121	26	57	660	646	484	489	602	58	769	88	412	974	406	195	315	361	583	488	262	493	409	208	192	552	613	174	243	588	535	750	549	264	823	545	802	440	247	440	235	395	655	983	934	748	
1012	284	174	412	162	888	580	397	978	550	838	66	785	297	959	69	5	571	983	753	217	347	228	337	992	190	544	184	372	153	862	467	774	454	640	779	670	630	578	472	197	246	740	155	432	324	444	338	896	636	546	778	592	734	920	503	103	10	210	880	351	263	466	273	381	848	936	536	778	729	472	28	161	736	235	539	354	47	514	532	526	873	272	596	836	931	328	92	852	277	456	234	994	697	716	527	172	483	206	890	591	921	172	59	784	869	434	2	855	513	986	1	104	155	41	63	109	721	60	703	94	
1013	50	64	739	398	972	38	379	550	298	345	790	503	752	540	168	669	529	697	206	27	299	11	190	226	508	99	770	145	882	152	342	302	841	321	995	334	56	60	890	114	909	5	717	795	979	359	698	31	257	838	953	220	125	808	696	5	177	761	685	35	796	702	460	621	220	485	906	499	418	603	177	951	814	573	988	141	14	156	718	492	897	474	374	677	529	394	422	284	24	631	756	478	193	603	664	738	123	940	351	138	738	586	600	636	798	51	493	371	480	786	852	764	578	254	486	78	502	911	287	33	
1014	895	784	586	162	550	826	302	566	366	484	526	622	448	870	225	724	575	550	112	697	787	915	662	202	889	505	54	500	25	564	90	238	103	913	33	182	687	633	368	342	507	191	724	72	775	820	879	1000	575	288	314	609	679	772	714	451	458	222	334	372	543	645	703	420	105	718	208	965	910	430	633	322	243	561	823	319	902	938	934	346	84	267	345	625	196	944	785	84	339	631	597	892	561	810	761	716	116	281	66	383	259	681	432	923	750	490	397	220	613	760	597	795	734	319	207	848	987	837	683	710	
1015	922	852	71	319	923	328	663	416	184	45	237	63	666	742	103	805	305	350	94	676	245	253	154	989	12	81	7	988	443	87	176	145	864	362	306	809	503	339	877	884	212	913	486	560	857	715	904	782	608	76	957	539	939	157	80	610	185	250	596	47	108	86	642	519	657	648	159	471	888	138	516	466	725	159	554	207	773	374	142	890	501	220	449	634	272	742	235	259	111	479	201	461	598	407	117	940	5	789	885	729	68	710	286	473	978	831	26	677	360	151	943	402	57	760	675	73	29	312	133	362	
1016	795	870	44	730	955	383	712	115	354	204	151	388	215	202	281	805	464	181	856	376	655	517	420	852	392	434	720	882	578	62	245	974	780	113	990	744	737	771	507	932	703	229	594	79	917	361	866	468	155	691	82	238	598	80	186	198	372	687	120	86	660	620	534	207	274	68	545	232	706	686	829	137	451	999	592	727	23	865	500	736	487	693	441	713	867	462	235	910	443	552	31	787	320	953	219	856	142	103	335	370	918	314	15	680	7	251	130	266	845	668	360	649	373	18	167	691	991	505	934	774	
1017	383	430	15	955	284	822	179	272	976	503	757	372	686	231	945	570	415	409	521	640	498	148	215	444	122	243	410	138	593	253	76	867	388	278	619	376	382	766	934	575	377	872	811	173	842	246	126	61	549	843	436	768	626	937	945	357	926	868	767	883	724	991	377	597	541	445	871	797	558	3	386	756	689	252	602	368	135	893	381	959	173	834	307	532	940	864	320	328	45	692	474	210	140	548	668	242	676	789	91	74	436	621	766	470	993	130	19	878	764	602	71	1	269	460	550	340	568	663	325	828	
1018	578	899	976	160	388	751	667	321	149	558	704	185	772	44	6	760	978	141	262	937	406	364	483	447	19	700	778	719	904	213	354	957	838	762	981	185	807	624	295	234	812	833	823	819	672	226	603	926	716	866	721	175	634	396	188	242	22	414	68	912	753	443	657	853	1000	670	360	621	237	25	39	33	980	132	510	596	905	521	526	588	16	440	167	77	749	271	925	191	197	468	74	443	444	742	50	969	576	49	194	727	870	728	602	797	140	791	949	620	887	641	599	1000	926	768	847	19	742	364	525	685	
1019	990	605	457	40	805	564	329	990	977	434	764	34	941	481	303	460	266	502	538	98	266	365	652	550	874	417	690	511	20	613	812	983	996	804	104	972	833	328	580	955	422	977	846	890	914	660	718	20	365	630	310	387	884	465	424	136	366	943	857	711	624	836	125	594	621	225	387	970	530	421	834	557	170	823	628	660	862	914	906	956	247	744	440	896	414	490	123	917	740	894	64	670	221	331	798	377	819	129	79	897	568	252	131	405	892	611	542	937	736	276	195	548	497	890	977	906	513	361	21	339	
1020	617	167	708	438	561	9	604	964	350	502	145	123	717	672	20	147	925	869	146	761	105	538	292	515	524	48	226	645	717	14	68	180	398	567	817	330	943	790	995	553	664	591	474	874	735	352	440	848	223	664	237	129	946	350	901	821	439	325	566	938	527	231	446	71	861	975	517	224	989	404	22	897	719	755	244	471	787	763	387	491	830	295	836	768	206	207	837	823	675	25	400	328	15	959	571	492	343	184	928	185	698	275	838	966	337	16	879	832	72	890	259	764	789	675	326	877	14	382	709	48	
1021	443	335	950	892	414	449	3	284	761	770	245	95	755	809	78	753	177	867	78	119	412	746	402	241	563	994	625	521	306	878	377	948	651	810	446	430	740	610	51	763	586	595	476	227	893	520	442	533	115	601	368	943	937	911	31	741	959	658	917	440	644	918	811	729	34	331	958	695	10	261	205	573	851	788	149	167	128	772	618	958	720	231	64	353	770	569	393	479	711	501	927	203	914	319	699	479	822	537	599	700	992	289	154	841	525	563	810	10	364	43	750	411	727	46	564	645	142	522	121	287	
1022	539	799	801	102	855	820	438	722	60	985	328	844	104	935	872	655	970	201	645	202	335	174	988	184	399	701	674	677	481	199	711	397	620	183	251	887	448	229	485	51	972	235	641	960	25	943	841	369	655	875	448	865	23	41	355	380	472	115	89	463	910	194	860	51	656	461	592	110	1	941	140	675	873	206	799	123	892	993	869	36	332	48	586	41	307	624	118	986	819	110	489	517	721	332	24	197	463	755	353	538	633	253	100	1	963	491	451	814	921	716	947	639	847	511	19	346	226	315	525	914	
1023	333	571	14	506	723	667	939	849	687	390	635	682	653	397	749	506	648	269	439	616	633	941	170	810	722	197	93	110	626	233	693	91	562	750	595	609	528	125	229	294	617	46	26	699	677	542	952	903	45	716	569	162	616	424	470	732	175	357	217	734	189	537	89	513	147	771	58	823	331	372	260	39	411	921	30	148	52	384	417	80	484	744	233	189	425	310	386	188	335	766	655	322	523	143	489	664	409	329	365	154	299	563	71	226	667	944	127	245	324	714	33	102	35	867	857	314	171	455	614	52	
1024	710	734	82	966	856	514	24	404	217	172	291	258	720	478	296	955	531	493	190	387	661	998	330	508	851	328	602	88	819	626	99	455	501	942	134	508	198	174	369	923	715	830	443	614	44	610	290	113	121	233	96	330	65	290	722	677	256	462	99	526	304	207	633	792	708	999	351	262	561	948	611	32	358	619	960	664	606	674	310	718	179	378	57	521	405	965	608	358	131	700	766	958	457	452	94	195	691	250	819	923	209	933	422	993	11	443	716	520	887	654	830	81	960	656	618	751	497	621	842	569	
1025	249	316	976	924	2	218	809	601	270	75	845	348	1000	146	343	489	975	493	254	774	615	153	252	209	420	307	166	639	404	650	829	441	173	908	523	65	575	342	586	543	259	104	962	61	565	655	354	937	509	829	217	796	628	646	549	230	21	101	28	996	538	855	161	397	1	917	665	578	902	632	678	252	418	104	100	66	892	422	34	754	272	170	419	352	613	511	261	350	204	190	954	843	21	345	94	326	188	169	352	868	556	857	277	113	570	261	200	260	22	749	894	365	181	254	986	323	803	315	412	617	
1026	448	680	162	935	839	588	933	350	239	121	682	659	850	6	909	467	437	793	178	538	309	184	218	318	192	399	621	437	690	530	177	696	265	830	41	903	659	411	409	567	847	164	705	874	809	530	841	326	482	62	228	336	71	886	784	994	848	26	405	835	868	879	891	670	947	379	745	862	188	298	507	80	465	257	268	409	232	481	205	522	690	310	764	393	833	721	792	146	302	586	939	397	913	994	186	250	781	424	410	290	946	491	467	288	781	63	337	553	981	995	784	127	575	426	240	460	301	681	529	173	
1027	153	897	300	185	844	203	123	735	182	115	214	981	660	88	824	931	600	520	137	754	944	386	606	864	419	288	833	169	725	540	99	700	453	588	263	948	437	185	833	528	218	276	735	710	822	890	943	267	2	834	73	309	703	380	886	733	950	413	425	271	550	624	716	348	799	967	87	762	517	90	157	330	759	255	735	147	888	722	597	589	294	471	513	240	617	86	823	574	502	62	619	38	125	374	905	434	391	160	114	788	796	670	797	524	76	49	709	69	580	920	202	913	84	190	226	274	534	920	433	763	
1028	557	183	198	616	638	313	583	781	935	234	480	25	703	84	406	632	301	625	693	584	379	799	240	635	1000	524	435	806	552	429	588	329	87	357	615	231	591	445	401	640	701	183	199	390	218	343	561	708	289	300	761	326	484	659	16	29	12	493	579	521	377	450	89	932	790	766	681	148	593	267	177	761	274	935	602	345	809	528	483	240	469	861	850	964	643	678	370	1000	443	71	930	502	649	65	986	283	674	41	156	278	101	677	416	825	341	316	407	619	324	822	885	748	170	980	137	931	822	753	183	405	
1029	433	240	311	809	1	520	693	155	895	400	268	59	499	836	325	767	694	472	371	99	33	463	872	896	874	629	394	712	403	13	684	449	139	933	10	624	218	305	364	287	47	69	39	202	483	607	184	55	747	716	803	797	970	826	139	22	838	933	723	559	844	174	932	263	990	425	168	886	532	246	918	537	833	187	479	291	311	416	137	118	701	890	81	570	528	868	198	565	176	723	324	404	221	889	599	48	633	804	552	109	760	392	493	7	365	842	979	342	590	558	343	507	92	812	110	363	603	862	282	484	
1030	270	574	6	373	902	483	292	493	919	972	666	109	309	182	978	300	491	669	162	625	387	779	415	230	201	834	144	20	833	276	844	432	910	121	686	532	332	505	890	304	520	970	120	715	247	668	65	605	652	179	47	111	934	309	442	45	537	861	136	226	556	887	884	517	115	813	19	163	589	241	915	116	889	524	357	643	668	214	596	560	678	342	622	976	143	917	595	472	668	607	588	669	414	242	717	384	653	1	374	120	760	83	542	289	904	952	753	187	486	507	773	758	522	798	231	541	246	707	987	760	
1031	455	307	422	617	52	399	898	124	311	374	422	917	310	892	957	583	470	245	734	364	820	434	334	431	619	545	52	387	366	209	699	171	294	822	252	516	918	321	466	728	333	668	82	276	91	421	338	468	336	25	433	878	546	595	968	556	917	957	224	926	7	422	163	167	212	988	391	679	792	820	809	497	628	696	742	109	411	296	192	705	308	540	62	588	962	145	653	579	771	418	158	975	326	729	568	206	105	382	464	890	978	639	189	63	796	153	969	64	676	790	357	269	348	799	92	502	167	611	460	315	
1032	137	656	790	371	107	641	601	69	140	253	917	667	859	184	122	172	528	563	310	878	350	915	504	454	297	924	380	447	235	469	340	150	114	445	380	78	707	886	422	935	653	545	208	941	271	450	203	294	796	181	461	131	65	329	817	59	323	653	894	140	54	840	669	819	68	181	967	270	554	655	647	809	106	977	427	694	540	650	200	968	494	710	46	665	430	304	682	402	957	767	700	236	358	814	544	797	583	217	224	589	80	309	314	993	938	423	222	247	970	528	843	507	645	967	882	601	46	159	170	925	
1033	986	902	848	3	870	644	611	428	64	272	329	892	823	529	600	614	146	689	736	40	140	386	191	602	158	695	644	992	686	721	570	574	423	588	671	789	873	641	62	699	162	981	139	703	645	994	173	621	874	372	184	102	318	759	571	669	957	199	383	149	829	72	786	303	117	527	291	154	926	880	687	515	648	137	554	400	608	15	762	240	728	32	737	686	743	649	633	245	963	16	765	645	773	325	989	822	804	237	178	181	213	463	219	717	817	507	928	744	783	726	685	6	59	643	657	421	103	879	167	450	
1034	60	852	407	13	881	99	102	149	151	390	356	998	399	973	473	429	306	803	671	858	329	231	480	843	167	329	886	932	107	934	965	102	154	366	612	358	508	539	292	743	686	100	807	18	224	156	974	869	272	773	524	529	391	424	478	753	474	489	527	776	284	430	190	306	338	73	235	694	39	935	411	106	240	607	72	928	843	783	132	752	748	851	751	573	544	792	143	924	190	993	968	794	730	655	621	630	100	166	733	919	672	485	425	919	895	862	556	88	990	607	956	86	134	104	745	309	484	367	340	884	
1035	584	170	619	365	576	704	313	448	420	665	9	673	286	94	325	946	632	614	243	235	580	406	111	742	787	2	602	811	380	724	90	45	591	572	34	405	435	986	523	766	501	768	250	136	474	739	396	905	574	699	608	744	462	769	924	332	971	961	627	653	104	208	461	977	231	720	527	434	206	961	356	726	423	882	476	991	688	168	597	499	465	214	783	983	676	822	620	184	386	935	408	738	547	32	309	365	837	795	738	100	834	685	605	144	91	22	62	765	538	212	623	906	662	893	377	783	456	900	920	722	
1036	643	441	395	917	155	411	609	100	160	780	419	535	776	221	356	761	380	465	585	134	496	794	517	720	952	77	575	768	828	6	122	503	446	839	246	462	329	933	325	595	44	380	704	492	31	317	378	41	22	684	877	325	131	894	708	469	176	579	89	13	222	993	777	959	344	25	52	397	331	510	113	249	858	274	865	163	349	3	442	427	881	495	432	463	558	404	767	167	525	963	420	399	953	150	989	149	512	663	406	443	193	163	21	111	880	279	416	202	111	17	229	534	72	291	874	100	705	427	734	188	
1037	782	496	101	685	447	583	328	766	34	426	288	738	150	313	581	566	522	699	306	264	23	401	99	881	703	891	595	523	300	330	725	548	435	541	801	876	11	832	177	795	193	906	660	583	118	933	483	477	675	892	139	470	379	72	210	932	211	771	509	988	749	793	625	878	635	683	377	931	434	918	728	463	508	628	951	63	643	578	921	885	187	233	333	721	143	336	307	794	839	402	139	101	736	740	626	717	637	578	750	125	469	547	365	274	660	50	897	843	230	390	422	397	121	332	327	498	763	435	486	675	
1038	504	818	654	845	76	510	761	473	251	576	447	795	101	591	906	640	923	897	307	614	962	403	566	549	860	458	305	381	664	194	190	809	862	317	694	355	615	255	113	791	556	479	148	252	182	800	610	448	62	856	934	387	871	329	815	856	624	406	205	839	462	232	59	454	90	675	526	242	391	418	285	480	414	586	802	912	605	734	880	933	653	950	156	374	603	85	977	505	426	283	215	136	487	289	948	828	941	435	14	642	418	146	431	275	114	763	241	472	402	258	548	254	711	91	967	790	936	146	523	968	
1039	705	214	969	378	170	159	514	464	110	45	387	162	774	876	688	6	912	18	859	821	588	623	579	852	390	380	315	21	871	102	565	325	792	35	425	991	502	636	336	769	716	227	470	301	685	287	80	276	834	549	626	22	595	217	692	988	1	670	790	65	739	466	161	790	631	301	592	862	868	964	431	874	773	265	347	965	920	805	50	706	672	201	788	685	969	921	618	399	810	131	982	886	583	310	395	100	815	197	646	743	363	134	550	321	1	815	864	497	640	145	814	914	4	135	57	938	820	896	228	429	
1040	851	587	355	355	203	756	288	440	627	532	138	44	315	917	256	159	628	567	457	818	961	365	115	140	302	769	589	77	477	707	23	953	175	765	720	127	352	275	216	570	54	49	463	783	779	373	422	976	409	927	621	625	549	238	820	434	679	261	198	788	177	245	723	743	7	301	749	90	142	992	581	308	431	998	119	804	205	765	627	684	189	345	213	276	614	49	679	204	730	724	5	424	612	116	138	179	202	210	658	558	596	331	679	192	37	34	952	522	682	557	46	483	489	916	441	410	500	959	635	970	
1041	583	467	275	341	440	709	62	712	901	111	193	611	189	639	28	873	813	795	867	705	686	921	613	388	896	425	252	190	438	1000	830	667	188	22	747	29	807	474	232	979	477	988	780	259	845	187	361	730	383	161	725	411	238	555	745	455	469	37	146	309	737	382	310	907	285	792	137	515	427	307	265	696	970	385	991	19	587	117	7	193	953	312	569	576	7	389	593	50	748	134	324	424	181	757	444	755	82	879	325	47	284	910	241	890	340	615	849	475	248	284	214	102	962	426	455	383	169	925	835	788	
1042	714	833	208	412	933	766	566	713	837	615	979	440	821	440	303	476	436	732	925	739	447	269	552	242	197	862	656	907	732	656	846	885	762	914	741	613	550	781	481	708	200	358	605	737	943	181	239	961	825	670	998	516	664	197	967	553	699	856	860	253	978	208	887	608	783	624	510	512	81	264	367	595	650	332	325	326	475	985	491	771	207	512	505	115	54	759	725	120	59	851	403	479	199	682	600	836	655	905	643	150	596	961	182	756	922	895	252	440	219	412	179	115	988	298	427	81	105	680	759	559	
1043	688	796	474	460	703	464	321	780	285	678	878	464	118	838	809	896	296	602	318	574	222	374	824	794	348	87	805	368	731	568	180	424	255	192	669	959	936	984	48	468	950	556	592	190	256	345	761	436	135	230	48	4	678	477	962	160	637	747	224	533	879	598	225	158	864	687	504	962	779	920	856	553	434	560	269	108	559	428	85	622	131	400	263	805	318	143	986	141	798	311	281	48	363	857	861	670	410	248	268	563	832	823	585	10	627	215	892	84	787	841	644	214	126	322	137	641	108	53	47	243	
1044	93	72	495	392	146	953	864	911	715	560	460	505	734	700	103	839	620	293	885	132	896	766	724	78	769	392	472	825	910	225	881	880	274	629	291	678	753	755	325	37	641	756	644	637	788	127	240	662	813	81	574	57	393	707	344	300	232	596	395	677	443	528	991	825	449	905	684	437	757	758	619	509	682	545	778	107	306	725	813	882	938	943	817	763	690	116	18	992	301	556	32	911	636	893	189	922	383	555	754	853	262	71	763	703	901	694	520	996	703	275	430	866	84	111	877	954	638	872	834	474	
1045	464	144	513	32	415	75	866	183	620	646	381	630	272	989	650	235	979	661	424	884	955	915	101	211	362	314	302	107	247	401	417	42	984	556	665	432	423	929	938	431	146	638	678	11	864	746	664	331	24	825	942	8	172	772	196	686	782	824	983	762	442	773	846	403	165	154	824	123	636	15	306	47	263	308	672	813	279	928	247	174	230	700	144	564	495	25	879	286	6	399	676	58	120	688	674	586	294	964	718	490	470	46	258	360	875	62	795	773	878	649	488	923	308	342	588	528	418	842	230	658	
1046	631	30	171	337	400	698	688	739	304	507	868	733	716	202	642	964	446	679	810	180	3	595	147	51	871	107	131	599	912	216	627	19	944	197	839	846	543	305	980	181	96	390	154	698	402	897	732	60	530	995	941	401	768	895	286	26	239	733	166	926	65	390	889	865	362	833	820	94	803	230	839	611	323	305	267	332	697	456	951	2	756	385	902	222	166	838	955	113	767	770	680	909	422	497	547	393	741	562	130	689	246	400	816	29	104	386	153	227	175	416	722	175	395	455	524	178	943	222	643	968	
1047	258	746	526	248	791	649	28	234	280	810	400	223	256	640	51	625	42	777	976	630	126	110	42	551	854	824	37	754	736	245	632	362	972	227	913	557	488	45	505	663	850	460	226	230	966	375	302	597	721	597	794	996	829	122	307	160	197	913	495	471	188	834	616	695	193	476	900	815	622	828	568	846	641	399	559	747	210	796	485	172	766	629	593	267	884	871	827	222	838	392	177	950	738	585	512	482	937	637	481	701	343	433	810	733	989	275	719	6	628	552	849	262	331	912	214	810	234	877	928	409	
1048	885	98	727	897	851	993	205	188	645	112	343	693	465	134	878	270	457	491	151	907	162	953	379	534	511	192	512	248	67	788	849	937	807	507	322	66	624	506	638	969	925	871	84	62	175	220	359	59	105	282	774	392	323	901	635	768	978	223	711	878	778	359	878	316	62	43	471	534	535	579	463	506	692	840	486	962	449	61	162	206	171	733	987	11	138	109	975	625	192	699	422	660	217	672	360	368	883	42	590	171	625	517	655	293	954	722	324	27	583	960	798	757	630	875	814	116	584	74	173	968	
1049	173	645	89	1	71	224	893	222	536	79	737	109	934	790	795	441	918	590	8	50	765	915	33	946	204	263	107	812	531	606	399	590	124	364	175	921	908	764	730	590	950	555	810	540	529	508	980	975	522	188	8	658	637	457	626	376	376	559	39	847	64	947	484	583	265	475	116	874	152	645	152	756	171	80	924	181	771	585	320	332	793	310	788	926	47	968	559	736	976	836	858	889	338	2	64	707	163	626	929	932	10	292	239	512	479	935	897	401	446	557	254	849	144	525	156	479	11	592	130	793	
1050	519	322	241	24	645	483	427	850	914	54	806	306	263	503	672	619	849	967	975	649	864	496	654	993	455	112	348	857	537	369	412	201	177	80	920	106	578	285	230	54	113	746	616	873	952	496	847	30	533	958	856	21	242	956	594	611	101	471	974	458	843	581	176	403	897	435	277	881	339	517	629	664	288	151	355	622	814	737	131	8	146	816	100	744	795	819	846	734	216	938	205	997	918	502	462	184	910	973	609	724	295	501	928	727	112	531	959	9	672	252	413	850	66	139	938	620	691	4	841	27	
1051	338	760	202	2	908	669	536	202	236	83	19	949	523	918	523	311	271	700	571	416	263	604	11	884	577	11	921	930	937	500	313	401	613	767	882	864	310	222	611	972	586	276	999	567	376	951	725	759	339	328	850	533	571	409	107	871	968	598	534	113	776	70	648	519	523	532	388	174	957	337	258	868	501	404	671	316	51	869	932	78	127	398	241	575	871	19	451	285	969	84	355	670	650	288	945	202	790	460	81	669	66	717	253	753	349	858	355	892	350	837	440	574	74	708	141	926	437	419	49	597	
1052	332	128	99	959	914	347	744	180	138	471	918	659	858	66	709	852	903	915	359	39	978	706	302	813	626	568	106	971	384	304	495	560	775	606	30	71	499	926	659	351	19	776	320	656	514	563	727	80	442	296	613	88	738	649	998	793	234	313	931	218	411	77	115	830	325	156	393	626	619	147	674	309	274	595	874	555	762	71	856	763	556	985	150	503	53	581	77	347	945	176	49	354	324	394	809	70	461	386	947	999	108	936	965	950	869	537	878	818	869	78	750	211	964	783	531	29	188	278	245	166	
1053	110	709	363	434	206	610	304	607	520	819	768	819	152	692	524	20	753	531	646	729	1	354	625	259	496	146	145	591	909	117	825	530	770	989	429	614	161	68	372	829	23	203	547	403	808	695	934	280	11	560	207	654	951	292	556	977	318	988	837	341	337	525	483	276	197	802	239	223	836	648	538	596	206	122	688	994	618	30	131	609	320	295	941	53	737	405	446	525	681	650	287	934	891	517	957	174	669	661	219	646	198	798	649	23	694	432	281	824	453	737	492	142	767	431	792	822	21	979	549	951	
1054	18	720	964	754	590	647	912	84	140	295	826	216	183	442	91	886	125	613	542	417	304	745	120	752	960	671	648	237	519	314	480	618	350	560	276	878	222	609	819	346	185	899	196	712	145	5	731	494	953	547	428	471	436	970	726	987	474	228	244	673	514	237	208	386	732	39	745	71	342	483	399	205	34	665	212	512	782	546	741	774	804	380	713	574	283	134	17	729	398	381	577	615	131	6	638	309	318	52	497	606	95	28	27	655	297	264	121	295	869	393	330	831	398	144	421	543	214	558	689	241	
1055	19	408	977	521	588	915	613	627	304	684	914	303	894	488	304	645	799	195	206	165	761	345	544	520	911	602	192	582	683	613	940	863	533	752	135	518	377	359	833	242	932	19	891	311	79	205	766	118	951	731	620	112	683	274	570	320	720	94	963	881	835	301	712	717	285	418	855	705	115	161	818	349	878	702	594	144	935	779	275	51	64	745	233	133	848	551	179	247	581	993	528	665	158	139	527	533	673	470	371	113	435	921	191	195	750	724	238	505	704	913	70	382	522	117	278	100	61	941	653	350	
1056	652	181	628	990	452	433	965	298	763	842	456	785	648	656	628	734	334	735	617	745	24	168	878	908	445	842	637	485	159	816	811	846	982	452	452	945	675	484	663	264	409	589	197	36	454	230	96	676	571	462	386	537	96	735	443	615	588	477	512	399	787	874	576	251	385	28	496	601	413	586	945	179	546	627	480	414	930	703	111	2	732	418	395	913	592	878	974	468	728	663	13	434	585	741	956	10	586	990	640	812	685	419	893	619	99	900	201	957	469	413	785	30	136	299	516	57	545	618	37	793	
1057	41	340	879	186	945	94	117	267	649	676	626	609	741	490	431	255	512	401	666	942	80	63	656	664	497	997	577	466	685	497	422	409	714	445	606	862	556	504	298	668	245	380	141	481	858	247	432	988	264	638	53	94	127	951	978	916	333	606	128	204	422	50	693	901	947	728	375	828	424	993	786	821	411	744	644	774	81	46	174	762	883	921	357	541	594	826	827	51	54	327	792	14	717	225	908	224	162	270	529	405	12	201	549	244	473	672	702	64	875	366	249	834	561	706	332	74	65	897	306	718	
1058	288	463	97	235	684	109	911	249	669	838	88	793	904	291	252	457	588	844	334	407	215	449	20	347	434	920	893	669	434	256	660	712	137	462	989	255	620	374	989	256	438	116	246	782	638	219	411	547	364	646	745	229	505	301	855	520	455	650	304	845	79	717	806	554	738	693	937	297	594	216	40	157	306	836	191	843	611	510	617	390	552	804	560	901	444	606	668	520	875	170	320	577	998	537	411	16	867	411	757	962	461	186	904	626	751	358	570	616	791	380	952	490	225	437	988	64	840	132	810	484	
1059	16	296	930	33	763	988	524	821	530	746	161	980	38	446	495	167	626	975	286	282	477	357	119	829	482	341	365	566	151	658	243	636	540	526	511	551	180	73	125	38	544	304	350	441	562	554	58	929	703	639	116	252	257	731	406	101	764	874	837	860	671	379	485	194	285	410	704	984	613	225	331	480	70	470	298	731	751	371	5	628	542	434	682	702	840	527	710	690	457	947	750	27	971	630	899	422	612	61	741	667	547	796	583	785	380	229	316	338	101	370	951	538	911	639	337	230	921	228	551	994	
1060	866	690	972	765	627	100	431	233	694	863	234	49	395	712	811	330	669	796	814	612	974	209	450	770	407	744	37	861	568	378	95	918	36	321	429	571	305	328	855	284	399	925	148	382	886	14	628	895	53	906	79	19	704	786	532	895	834	880	852	828	843	566	288	406	44	849	200	110	697	823	237	716	741	792	241	777	692	482	526	404	517	127	117	564	263	850	8	181	887	263	305	190	302	419	85	211	879	796	219	838	786	682	641	371	90	871	873	275	494	730	240	74	374	18	744	685	988	497	246	414	
1061	263	558	587	57	169	981	107	640	458	184	482	653	1000	811	975	62	186	541	348	228	377	722	7	576	380	608	863	399	752	830	728	944	719	674	858	403	513	618	990	365	209	461	508	329	266	172	841	841	1	803	740	621	892	140	123	946	395	957	314	807	334	96	380	157	856	477	116	501	770	923	878	966	739	948	114	407	895	666	401	554	429	588	931	193	981	878	768	253	257	640	453	853	124	293	746	340	673	926	977	694	493	736	138	532	511	140	237	270	999	150	975	969	589	352	136	953	507	232	332	137	
1062	567	738	128	929	419	89	966	714	47	793	423	857	113	489	255	70	365	317	23	850	232	234	727	217	688	309	469	31	786	400	877	849	483	591	553	21	155	723	146	68	463	116	616	270	862	76	270	503	319	529	98	185	201	203	412	58	18	440	28	503	36	372	929	754	733	709	767	64	934	918	633	669	630	537	456	300	936	323	818	442	226	19	646	363	559	331	711	167	64	954	479	110	462	768	854	857	723	220	739	419	330	995	354	232	604	386	455	444	573	614	82	599	214	737	916	976	28	112	489	448	
1063	778	461	657	225	764	924	142	999	59	925	373	441	162	342	10	969	957	846	125	390	148	887	463	171	300	107	777	542	466	249	278	252	882	103	186	467	119	514	138	864	596	572	910	41	514	805	341	214	819	653	695	524	246	161	369	889	132	980	445	255	131	904	416	299	664	557	128	549	947	641	917	293	5	184	638	892	733	358	104	889	507	459	435	325	349	775	662	225	857	550	588	998	729	237	630	941	29	534	611	512	782	264	397	256	895	59	166	433	385	490	491	611	63	801	320	59	15	241	996	329	
1064	626	511	354	541	977	1	825	153	235	692	914	976	448	740	160	914	746	726	624	391	96	239	596	261	543	486	508	924	712	109	258	232	272	908	589	663	188	687	969	948	883	354	461	3	664	953	405	910	592	780	801	559	249	627	429	383	804	766	602	878	980	281	597	884	343	710	182	311	645	395	220	294	494	509	608	990	561	357	527	2	427	418	819	49	356	15	988	675	496	151	787	27	12	334	64	659	952	234	597	357	460	834	258	574	110	766	258	648	659	47	894	48	179	959	984	140	306	308	219	425	
1065	97	193	413	417	406	909	632	2	730	978	488	227	102	363	677	25	123	533	810	117	199	706	638	961	116	815	234	555	721	737	355	32	685	931	426	675	945	515	914	886	909	685	49	335	534	648	459	559	47	1000	428	272	765	995	333	213	527	513	81	270	246	149	223	819	994	25	810	673	173	329	584	323	108	830	504	659	314	519	280	593	927	443	342	99	10	626	501	630	299	796	90	723	956	201	991	318	728	787	735	243	932	401	459	754	661	670	901	941	403	289	4	959	317	398	975	215	45	293	941	700	
1066	529	252	364	2	236	657	792	287	673	416	554	533	74	627	178	530	979	176	29	72	566	230	584	464	777	641	875	222	61	727	169	903	96	681	510	776	126	422	66	768	123	492	950	905	596	376	84	371	214	616	20	138	791	296	884	545	780	2	512	742	291	665	571	48	794	839	428	518	647	757	148	658	793	188	414	519	743	266	288	535	280	935	42	263	2	40	69	894	287	611	198	580	709	532	162	944	669	616	484	13	335	104	909	678	787	80	875	623	891	592	557	766	831	355	702	121	305	503	64	545	
1067	372	876	560	109	144	527	32	451	946	454	124	398	405	941	939	194	168	828	313	16	620	756	40	205	829	249	464	938	532	664	226	878	308	666	515	113	516	41	519	82	189	291	724	572	877	861	713	548	499	714	462	158	420	236	725	720	356	266	586	439	409	843	824	33	565	329	588	947	170	265	237	724	291	51	764	193	400	845	272	834	314	149	485	725	728	838	118	378	58	586	329	175	220	673	155	836	405	33	771	202	896	623	947	519	82	965	508	661	430	788	513	21	902	84	647	189	554	498	211	162	
1068	840	844	346	718	947	963	712	445	817	297	461	919	26	104	293	212	674	764	513	622	915	259	755	973	415	218	855	177	638	154	503	439	141	132	287	695	249	689	299	189	666	13	750	271	643	92	85	287	689	885	347	370	938	566	438	55	679	552	625	76	941	333	819	958	937	664	864	215	186	932	223	725	900	775	620	184	201	455	151	428	931	70	60	336	360	347	148	334	284	545	469	4	877	987	205	402	851	296	308	238	159	988	555	564	550	519	223	626	917	970	963	714	727	759	453	153	941	744	183	576	
1069	172	953	913	943	589	741	957	916	892	683	67	823	313	814	35	984	726	543	836	799	268	441	275	46	241	853	189	234	64	54	975	27	416	15	563	426	770	955	997	35	629	117	439	91	828	506	355	51	419	164	791	878	982	721	661	263	115	955	83	279	304	489	1	254	880	349	145	335	90	591	948	289	226	107	594	666	845	814	858	399	471	967	203	210	367	155	473	628	757	289	213	211	626	664	86	533	633	325	125	5	37	609	656	397	20	211	44	277	138	906	464	155	529	966	520	876	143	311	503	562	
1070	214	921	351	117	739	712	776	901	838	469	261	564	418	554	952	818	590	733	444	877	934	519	320	17	242	925	980	190	437	127	899	643	689	288	114	330	554	246	72	147	616	578	487	246	408	193	489	276	468	644	174	925	194	949	998	207	707	644	113	85	302	305	575	198	204	202	405	208	933	943	381	380	291	428	786	124	884	783	650	362	438	266	268	611	502	35	771	916	874	563	196	331	816	420	701	377	918	215	383	623	380	412	302	223	486	426	590	164	439	810	16	53	386	520	781	117	122	945	562	503	
1071	379	405	592	413	441	798	581	519	150	537	911	919	381	380	540	732	486	820	496	39	491	45	708	338	363	330	397	767	735	465	640	214	988	170	997	667	224	26	289	527	104	75	569	718	930	494	812	850	790	188	480	174	554	65	159	612	262	18	491	595	45	217	544	572	326	718	297	444	209	184	990	366	606	532	20	466	258	237	525	801	955	429	330	546	687	347	855	362	112	974	206	287	634	961	510	998	528	527	244	750	724	712	786	453	990	397	616	993	454	305	481	73	173	768	728	5	625	804	250	875	
1072	654	206	900	384	946	378	166	467	870	983	347	984	228	560	106	24	485	638	420	959	801	560	290	532	757	817	686	994	220	883	967	911	697	387	776	61	899	532	347	55	274	817	442	559	753	733	942	518	869	61	780	99	237	649	605	695	667	366	636	304	554	599	821	173	839	806	941	17	885	901	645	172	60	514	458	831	650	43	946	246	412	789	551	18	766	252	304	528	866	838	889	652	406	792	687	314	73	910	97	494	375	492	996	898	803	771	269	144	220	305	164	721	467	119	735	286	948	881	508	397	
1073	161	924	790	785	397	948	213	879	915	470	851	250	626	168	121	872	674	730	892	178	343	245	959	178	810	475	821	982	361	402	407	670	888	437	285	803	431	748	256	64	125	195	567	30	398	297	928	890	546	377	354	874	830	670	480	480	318	667	129	709	595	768	629	290	33	108	131	51	685	367	329	157	845	159	707	410	216	815	448	506	96	962	929	764	445	750	772	798	492	422	368	145	263	224	945	464	543	761	902	922	263	686	289	14	3	932	991	959	800	754	473	160	502	989	138	785	484	860	826	347	
1074	534	282	177	357	449	665	607	55	276	295	287	349	879	264	978	989	529	491	884	183	746	603	547	563	875	621	441	251	514	371	136	939	778	41	101	182	259	375	928	835	909	126	123	904	955	582	649	125	486	630	802	940	487	406	388	79	18	602	947	131	519	407	892	84	378	860	854	586	765	625	195	378	669	562	814	967	58	378	724	890	483	490	504	192	506	953	194	707	35	728	624	516	283	366	440	407	542	610	548	495	681	239	127	340	778	429	919	586	629	453	83	460	720	733	887	369	465	285	966	102	
1075	465	199	180	46	720	555	395	390	284	166	615	782	11	772	306	141	133	102	426	938	415	933	940	309	376	790	753	790	714	263	544	396	163	577	373	648	445	342	769	563	994	101	193	980	236	435	555	415	203	205	158	627	304	739	129	347	627	391	96	39	520	902	778	747	295	534	958	993	948	625	639	379	668	384	94	483	713	212	527	934	55	705	766	398	736	757	452	144	205	343	764	374	487	723	475	757	685	253	576	585	678	323	47	607	657	688	420	332	443	686	591	252	457	725	83	789	223	497	563	693	
1076	872	671	481	134	589	699	585	813	558	177	760	819	309	729	768	666	629	589	933	466	2	810	136	529	558	180	935	84	730	49	507	882	914	272	186	254	156	747	606	742	914	27	686	59	782	580	292	520	158	633	991	789	792	944	569	46	375	977	36	608	550	651	8	860	740	568	144	72	801	306	646	889	961	166	364	517	663	728	365	625	939	55	578	926	479	610	985	601	982	939	660	587	774	43	70	462	103	406	307	850	996	760	744	558	978	712	928	891	199	157	849	581	973	207	599	123	47	191	31	210	
1077	72	438	13	9	823	83	312	323	642	995	820	165	190	156	941	118	99	508	307	127	83	594	270	204	521	20	597	665	463	571	473	447	699	604	453	888	58	353	617	663	445	360	488	826	299	122	582	476	535	902	398	975	883	662	226	215	670	411	604	365	362	685	341	426	217	453	141	834	969	167	242	27	829	154	324	454	791	794	608	21	538	440	68	758	861	799	875	463	173	706	600	898	289	901	424	739	36	882	579	760	174	261	636	728	52	193	305	847	994	308	573	593	478	584	420	820	15	732	991	348	
1078	603	545	41	803	963	680	235	875	385	8	369	752	586	365	182	218	125	375	293	701	784	843	743	963	96	832	995	507	637	934	605	810	469	670	897	393	63	422	330	70	755	940	158	248	312	421	748	742	966	750	642	863	254	675	360	447	335	646	136	192	906	490	450	239	431	176	523	473	377	850	686	430	920	318	343	829	54	78	195	48	29	614	227	361	270	213	507	932	724	479	894	319	915	258	668	384	755	231	535	926	298	516	538	378	337	896	467	591	412	798	627	408	224	422	411	537	297	184	425	961	
1079	915	171	135	952	493	987	250	536	275	340	21	128	91	292	347	364	624	330	862	666	94	626	871	64	599	111	361	781	206	689	391	29	809	663	744	825	804	774	927	166	252	66	728	924	369	533	847	658	191	758	363	81	902	347	332	126	305	738	33	619	13	588	389	488	451	555	250	486	151	38	582	173	73	403	174	727	28	948	704	940	325	61	741	135	510	652	927	120	972	490	911	692	926	513	667	258	935	591	614	408	382	194	392	149	387	60	183	719	333	401	54	65	954	647	341	989	558	278	409	520	
1080	823	517	558	153	265	481	227	326	2	259	741	696	67	379	518	114	776	508	606	667	398	271	184	741	877	665	788	573	600	305	933	524	986	835	763	557	52	936	348	424	117	73	622	950	353	578	537	374	540	596	771	304	849	117	819	392	438	915	890	437	403	687	31	954	483	239	298	52	489	143	171	997	679	569	868	49	923	634	60	95	371	55	813	634	538	127	553	577	507	987	104	380	110	940	853	432	609	571	370	204	65	295	313	621	65	722	509	87	521	669	776	869	75	421	550	866	426	614	570	169	
1081	399	455	290	322	526	737	303	685	598	173	702	675	126	759	303	66	436	331	208	300	186	206	327	484	159	13	400	113	505	117	80	760	673	182	409	510	688	386	950	286	481	810	586	392	918	323	324	107	8	260	982	820	465	700	838	919	428	682	452	838	200	44	725	720	185	204	96	555	975	800	495	245	843	369	784	623	799	887	700	796	197	746	327	280	563	979	506	28	549	253	358	249	483	798	722	899	309	963	294	745	253	883	24	489	4	690	807	489	903	161	183	68	459	684	981	289	151	292	939	946	
1082	870	109	404	915	892	189	130	47	42	604	471	697	299	898	132	140	989	57	982	448	227	261	115	875	650	638	95	373	22	712	834	336	429	514	460	831	436	287	732	630	545	978	838	491	80	677	379	196	770	52	733	426	995	693	387	524	204	274	585	526	848	675	875	50	738	37	60	416	607	72	818	915	488	256	285	436	859	961	160	507	449	433	550	443	675	208	889	110	121	59	823	608	588	874	278	16	589	726	642	397	949	943	756	221	638	861	965	107	98	318	963	802	195	191	347	581	842	270	120	33	
1083	440	978	774	353	166	43	425	759	285	126	510	71	966	937	796	446	339	901	857	326	819	531	807	86	440	977	535	904	615	366	390	930	824	394	645	87	71	193	934	934	1	537	875	411	11	778	816	341	888	222	420	672	737	633	877	955	178	171	778	869	947	939	668	148	436	590	695	102	684	472	661	787	284	75	853	778	383	254	618	204	525	767	238	862	152	828	825	851	991	63	861	41	705	176	588	690	852	191	707	542	999	722	352	207	196	43	651	509	658	294	1	363	922	249	903	922	344	165	629	732	
1084	429	880	860	603	437	492	572	72	228	242	847	582	500	447	296	618	690	485	611	916	689	158	898	102	20	245	242	97	252	960	312	612	222	707	62	551	337	958	634	143	142	171	593	202	929	848	608	318	135	420	83	436	648	743	802	211	607	410	816	930	184	650	749	190	730	295	983	502	284	186	93	538	13	446	884	899	382	853	910	951	675	830	63	308	11	574	817	743	411	854	931	869	618	227	421	682	720	675	791	375	944	374	147	82	96	795	497	145	494	685	185	990	477	334	286	282	801	395	369	851	
1085	879	243	904	465	380	151	271	64	887	23	60	539	580	982	949	983	259	198	987	687	265	99	332	118	161	552	919	370	644	96	503	308	263	703	300	893	493	515	262	508	284	973	483	13	92	228	435	747	189	660	907	177	208	835	223	814	321	724	747	95	923	624	323	706	397	169	57	400	644	465	79	506	65	379	773	639	356	967	726	796	481	852	119	438	522	721	727	956	901	36	261	72	528	23	286	928	218	256	142	664	75	9	497	618	670	199	98	176	750	494	588	945	576	340	880	195	912	605	102	41	
1086	552	999	493	913	583	489	646	204	948	28	229	417	66	182	45	156	835	58	410	578	321	447	955	529	294	413	970	776	247	186	740	91	166	927	268	1000	271	149	405	382	598	460	128	303	7	148	930	354	445	61	914	838	175	309	922	868	944	680	307	909	159	173	134	132	839	590	104	100	39	832	157	621	852	380	881	523	949	300	290	640	559	946	522	924	2	70	117	970	124	143	774	564	533	141	942	153	435	428	727	990	823	994	493	35	959	4	103	496	693	894	13	703	536	827	858	459	425	980	220	522	
1087	236	193	927	545	523	757	35	810	688	121	837	239	445	646	351	231	518	595	403	23	538	698	542	568	550	801	228	52	174	552	988	791	429	951	573	819	638	114	129	725	356	599	505	119	879	23	305	349	608	788	286	403	496	282	237	214	468	256	405	707	371	73	912	870	626	918	78	196	160	654	939	2	382	425	322	511	345	673	482	55	468	531	880	282	615	876	341	564	900	919	169	662	948	150	383	126	5	759	107	194	879	193	674	298	223	422	473	911	475	516	241	695	24	767	153	322	864	1	324	73	
1088	741	781	406	865	560	800	87	12	393	91	623	708	954	693	870	71	207	909	567	93	415	254	211	404	929	698	637	99	49	365	29	414	698	43	641	738	950	108	345	297	532	86	665	679	34	596	269	622	116	671	871	71	339	738	77	314	240	34	785	528	355	485	321	119	792	610	752	230	145	794	556	242	914	845	258	408	168	296	950	307	812	565	736	704	431	220	667	121	949	145	312	479	591	22	667	587	580	66	412	966	841	426	512	272	529	47	320	702	805	784	667	296	679	257	752	338	476	308	655	464	
1089	176	977	399	374	855	84	658	577	228	899	851	909	884	533	242	393	68	917	651	193	596	235	259	198	643	497	275	897	619	544	256	600	198	987	90	192	176	724	835	852	303	783	979	93	57	844	818	83	677	864	765	826	45	838	373	801	9	993	332	527	616	206	841	390	979	1000	238	476	954	572	664	40	659	310	494	314	680	427	94	895	105	729	909	771	57	492	13	247	109	946	516	373	771	577	603	505	679	887	652	227	236	138	423	491	665	714	966	364	801	172	207	684	512	456	67	34	35	45	829	249	
1090	579	189	12	172	193	893	82	691	504	955	693	150	608	361	349	544	137	545	210	709	261	725	562	218	509	574	32	528	177	971	382	549	27	829	268	148	886	337	209	798	923	733	921	65	692	998	15	984	477	505	925	307	712	792	203	240	32	656	284	562	168	793	175	265	180	501	300	642	392	989	69	481	360	848	439	196	704	53	217	370	845	4	293	811	139	216	228	753	153	887	487	8	130	685	483	698	605	157	909	839	207	482	334	147	87	821	880	71	787	56	402	708	33	554	433	678	528	844	360	398	
1091	732	976	282	471	239	115	473	318	637	838	769	731	111	701	596	752	292	516	995	684	733	811	9	49	789	641	979	622	261	37	206	245	471	264	345	503	89	743	141	855	132	472	546	893	446	658	396	524	253	562	351	205	781	939	134	421	692	622	562	837	251	259	673	480	575	967	236	835	298	222	718	664	188	298	754	523	325	180	204	249	584	571	299	757	704	843	717	285	134	720	587	348	406	51	919	914	566	876	772	137	737	505	612	409	467	749	360	446	790	804	139	992	516	806	79	348	670	67	477	833	
1092	686	527	701	518	157	833	681	386	191	79	987	943	31	928	970	290	128	340	927	383	322	785	802	866	404	244	50	422	714	366	401	190	377	629	807	882	416	158	207	564	217	367	719	796	265	697	211	25	916	982	220	385	549	351	637	410	140	353	535	137	608	265	78	380	360	990	107	763	157	334	58	748	202	620	575	304	694	880	909	231	233	422	255	115	325	508	979	436	431	583	771	495	902	213	630	725	76	481	175	465	963	498	556	938	265	132	321	818	831	363	590	54	302	37	719	559	515	88	218	424	
1093	117	630	680	236	947	578	698	837	286	884	492	979	713	467	558	703	513	95	123	979	964	231	220	60	283	667	507	775	620	732	437	917	451	281	380	41	129	355	124	130	133	706	620	836	203	9	79	684	146	864	508	699	963	793	882	314	694	525	952	248	559	344	892	216	161	954	715	774	353	911	409	851	831	713	592	495	888	613	398	783	32	428	995	575	494	378	776	513	584	244	158	639	521	630	629	45	368	18	380	379	139	576	385	1	963	810	658	100	617	695	995	216	178	187	880	446	695	612	526	281	
1094	144	357	371	355	77	304	325	967	906	504	895	165	732	702	60	425	195	568	426	398	119	702	608	136	837	429	481	862	334	571	577	71	377	284	965	995	391	693	615	702	112	487	314	577	909	662	307	426	974	43	433	469	965	775	991	538	210	640	799	449	63	545	841	852	927	181	660	916	259	228	884	94	502	697	421	446	386	923	735	253	777	307	643	696	225	517	268	329	434	19	617	842	769	662	618	175	378	254	721	675	817	156	508	742	770	774	792	237	355	723	976	434	374	319	597	406	179	425	752	228	
1095	572	103	888	939	723	92	912	378	216	972	66	418	614	270	254	678	557	794	877	528	726	533	882	60	545	866	319	19	43	698	36	483	275	752	364	973	183	854	176	944	515	492	808	628	394	291	87	353	927	748	222	528	950	86	980	499	183	40	620	921	339	163	95	28	610	316	669	487	388	673	926	618	870	618	781	696	104	938	471	451	732	301	289	966	994	724	960	722	170	967	420	741	97	219	64	865	791	804	435	81	728	188	434	81	203	709	562	622	471	380	257	300	324	894	788	431	345	639	134	523	
1096	56	760	88	988	969	372	584	308	784	454	35	20	680	749	614	936	454	886	87	113	496	994	755	255	919	593	660	380	198	591	365	686	435	70	248	342	765	301	75	79	311	215	381	432	837	998	255	998	724	953	753	764	39	388	506	884	95	808	909	59	178	194	704	72	791	784	727	765	297	906	360	833	234	133	64	484	754	853	486	53	256	588	502	513	168	382	841	773	934	392	882	230	994	424	436	750	605	190	243	594	426	555	993	497	656	16	10	584	168	531	9	268	738	846	124	568	684	1	646	216	
1097	537	499	860	935	768	449	873	844	806	502	676	659	928	428	505	242	137	364	259	222	559	202	781	417	943	933	256	563	811	642	782	20	595	593	502	233	26	768	329	733	314	118	285	906	482	883	791	144	463	255	391	700	777	504	998	565	792	151	795	116	462	613	7	874	847	282	365	991	310	247	278	591	90	461	811	951	521	709	492	305	355	953	210	260	338	418	528	944	928	756	447	136	378	943	698	768	268	600	7	721	813	807	79	923	132	578	231	987	891	858	552	157	867	20	605	500	401	50	19	407	
1098	171	437	750	294	849	864	566	994	25	108	576	734	505	365	329	210	269	945	149	450	810	347	230	217	158	815	660	510	335	319	997	134	268	805	263	258	377	786	850	858	559	470	580	121	923	737	664	947	246	633	143	669	413	293	1	852	825	666	621	449	809	315	847	220	135	943	386	862	945	478	71	619	345	475	236	263	247	65	504	664	972	935	150	797	883	5	513	845	924	172	367	315	72	97	816	233	76	898	168	779	263	692	91	429	46	933	849	599	27	189	291	144	594	538	693	625	964	604	59	731	
1099	630	129	283	92	487	86	117	611	304	905	456	645	686	639	440	240	466	203	273	113	223	415	331	469	19	465	793	768	250	730	206	345	760	939	74	134	350	561	817	708	447	692	653	234	682	162	429	254	354	185	814	720	709	60	561	710	610	805	181	471	767	636	895	788	402	543	951	828	518	707	132	551	200	105	442	541	946	669	867	96	231	323	757	127	1000	203	171	341	359	223	286	385	19	377	885	135	211	787	258	871	22	473	95	772	554	825	440	608	172	887	155	222	80	322	718	216	648	75	120	602	
1100	335	611	351	605	347	888	370	269	463	347	327	472	142	128	524	391	172	574	842	329	873	620	608	772	294	90	930	477	933	64	718	658	934	508	575	863	263	848	157	238	468	187	789	906	479	889	565	941	642	85	251	656	938	54	910	300	686	343	581	47	825	588	359	441	452	338	331	863	263	102	376	671	641	753	983	869	511	658	480	790	369	756	907	827	419	105	697	240	195	496	545	117	286	971	414	77	728	308	257	950	115	449	356	704	927	101	471	641	52	409	462	176	900	915	482	552	140	422	591	824	
1101	874	30	489	645	421	220	447	243	402	291	435	539	81	175	128	446	64	108	774	478	584	990	691	881	970	712	512	20	812	593	635	490	351	612	697	789	539	328	87	116	685	503	368	46	655	826	321	189	553	653	19	118	247	223	513	673	874	701	123	932	244	224	378	564	878	395	14	559	388	273	116	644	228	263	531	172	986	54	81	861	792	396	169	628	692	771	473	739	122	850	73	75	612	914	110	28	415	388	447	122	728	273	311	226	951	770	749	246	587	513	489	965	781	224	216	919	841	457	754	951	
1102	925	17	370	278	848	773	239	771	893	510	135	944	527	33	207	87	592	278	852	592	149	49	254	601	625	656	928	845	624	661	591	963	527	349	64	761	659	431	503	529	279	913	814	651	915	760	571	874	593	414	829	675	48	153	48	875	919	257	614	785	226	386	576	340	89	499	126	510	426	966	228	121	819	945	630	625	300	860	173	403	541	421	578	827	516	240	378	772	490	219	194	364	502	937	237	630	873	564	620	132	444	216	765	220	79	558	80	802	764	55	277	303	196	66	754	273	608	176	612	539	
1103	549	444	750	372	745	540	351	977	216	793	467	227	535	803	345	925	976	915	583	602	183	557	984	990	318	38	932	292	407	831	432	535	688	395	575	740	59	93	873	327	790	990	980	502	233	510	328	124	926	680	295	791	438	91	933	115	953	365	116	287	38	219	91	473	884	567	864	190	551	681	804	221	432	42	366	213	670	620	10	507	106	942	891	521	666	599	718	435	715	1000	602	995	756	367	629	920	817	577	800	523	941	960	830	250	484	806	945	984	632	584	846	740	482	526	90	737	532	674	148	574	
1104	391	556	567	371	276	773	188	670	761	800	289	141	225	489	374	563	929	501	423	950	184	68	550	223	583	236	63	123	851	646	525	203	849	845	299	809	353	260	958	669	478	902	185	111	717	788	385	253	316	747	122	415	685	917	33	769	450	833	803	345	771	413	110	634	175	26	7	887	879	904	972	468	881	380	195	234	779	352	371	874	662	322	817	332	918	783	117	296	327	618	550	988	250	959	987	295	656	589	956	237	542	835	576	228	145	666	680	711	932	580	788	17	152	27	764	965	660	533	794	251	
1105	486	270	965	743	342	178	147	909	413	856	683	669	725	176	149	703	583	286	166	336	720	692	244	762	893	667	394	326	108	424	747	277	261	221	76	115	929	237	117	805	610	636	97	764	20	318	863	547	955	575	39	22	260	203	385	27	808	447	818	973	534	663	472	798	928	801	937	869	401	82	871	705	917	441	6	973	786	305	41	388	230	322	658	198	537	41	473	972	892	702	326	64	842	535	314	921	166	932	819	918	981	235	879	64	301	629	292	541	326	112	788	499	320	54	470	249	198	990	43	108	
1106	18	359	705	680	897	665	429	119	213	348	277	437	279	510	291	890	473	721	199	561	709	17	943	530	213	45	895	132	434	673	44	153	425	707	637	937	435	884	131	556	924	34	443	386	630	708	354	973	534	878	241	418	503	837	736	628	222	69	799	377	590	369	875	673	709	818	550	348	902	605	323	939	632	974	480	451	72	849	244	533	51	538	675	905	894	635	992	308	185	815	498	215	40	644	722	587	564	494	468	425	187	194	860	199	51	152	163	336	685	581	210	250	943	527	846	807	418	762	541	660	
1107	210	936	470	130	514	961	653	672	117	126	761	704	756	623	885	876	903	605	289	149	55	291	965	116	323	810	754	211	305	311	3	917	536	232	580	874	267	527	794	160	497	829	491	239	899	979	15	787	221	629	103	512	392	784	445	457	759	726	388	169	625	647	50	206	423	610	227	818	855	612	855	372	256	360	63	174	198	625	532	376	680	164	417	350	216	9	154	534	555	162	965	628	818	525	207	865	928	703	938	873	805	666	918	636	442	608	470	191	734	744	309	220	441	545	880	607	119	845	949	131	
1108	864	212	684	180	640	581	78	387	319	18	246	846	694	686	959	385	101	479	337	860	777	144	645	624	517	450	595	965	892	916	247	98	677	241	34	815	177	897	709	328	905	850	51	675	195	328	567	372	310	242	492	358	491	767	356	629	232	169	387	121	311	306	101	350	628	404	740	26	183	117	142	863	14	362	159	793	455	635	668	506	580	152	600	285	607	834	113	511	713	853	189	388	518	524	354	433	147	670	163	854	659	128	442	223	909	27	578	139	554	167	148	12	126	144	973	736	709	927	53	447	
1109	397	811	374	720	908	655	668	770	14	32	611	396	210	887	761	959	395	380	688	293	572	112	2	341	538	987	473	796	560	62	965	342	241	355	655	614	25	332	423	746	724	138	345	211	340	207	949	707	29	237	847	800	499	648	940	792	126	850	526	501	709	14	481	811	369	295	775	455	299	929	257	659	169	104	72	943	957	112	611	338	870	885	833	690	755	292	641	384	781	370	432	639	972	691	227	686	77	397	318	756	155	743	548	36	724	156	311	225	893	764	691	908	568	428	62	372	308	29	347	964	
1110	187	463	355	415	863	627	728	742	799	299	821	640	980	790	278	381	117	856	177	677	538	556	416	922	35	454	509	55	57	576	21	873	773	395	49	262	745	688	873	748	236	775	441	266	66	136	192	909	874	929	478	996	257	87	735	204	704	432	326	355	330	41	683	79	201	203	143	967	73	235	928	557	740	306	200	706	175	322	995	850	149	563	297	234	963	124	376	303	268	390	534	728	942	805	717	423	605	672	320	76	190	52	645	179	711	116	476	327	165	204	775	831	261	221	361	935	679	323	260	882	
1111	222	870	623	511	518	68	802	722	250	818	900	498	739	881	469	613	772	898	657	570	525	795	553	362	409	887	876	109	228	482	917	482	329	862	647	796	714	319	422	889	193	134	144	540	480	900	524	510	508	357	921	216	847	959	730	668	365	883	456	173	503	243	929	724	847	293	640	844	51	927	805	969	957	19	671	612	418	141	286	530	594	299	270	302	920	812	153	299	530	380	540	775	395	919	517	117	879	739	835	617	71	523	14	729	270	786	809	226	210	149	246	937	503	660	784	316	545	538	926	367	
1112	434	383	499	577	525	57	188	803	33	623	58	135	380	658	3	595	234	814	806	472	411	665	523	747	937	704	658	945	264	698	889	375	358	705	681	537	485	238	531	729	799	628	23	258	410	656	686	133	188	335	529	868	520	425	680	38	881	500	944	162	223	892	943	687	24	154	802	651	97	59	105	506	917	866	424	578	700	776	42	52	800	483	17	718	12	645	937	591	734	503	774	890	286	549	442	543	791	539	628	414	62	64	934	486	57	50	781	813	211	259	630	560	405	298	111	693	526	61	580	127	
1113	38	428	178	270	715	131	832	812	363	840	444	263	877	642	988	382	819	134	572	310	960	148	833	203	749	868	587	878	650	35	870	457	827	170	426	863	520	120	250	495	290	335	707	218	667	685	838	610	742	972	583	6	279	355	782	347	963	790	310	526	3	556	244	231	517	480	690	160	100	819	461	39	449	991	292	551	377	583	362	486	545	997	462	946	160	307	56	549	764	831	895	331	720	465	945	258	684	286	842	129	973	234	865	668	359	138	407	599	32	992	857	473	422	362	872	491	860	733	576	544	
1114	693	725	800	482	681	405	200	369	965	177	916	901	207	365	863	4	782	147	34	967	96	659	899	725	204	671	800	178	351	227	93	601	530	306	74	512	723	559	441	3	107	577	534	724	945	603	896	761	453	194	239	294	215	536	278	733	337	297	746	227	18	404	444	924	405	796	708	346	409	312	926	714	58	272	714	56	952	953	294	237	590	114	703	973	966	528	448	422	794	311	609	429	958	234	172	179	669	404	428	64	922	72	391	327	72	151	750	131	331	64	378	896	617	596	321	741	331	178	505	696	
1115	624	772	754	156	348	341	61	588	762	298	59	278	751	523	289	623	685	114	420	20	15	723	202	173	680	398	109	591	999	570	851	730	38	28	482	730	579	40	266	873	854	328	803	325	996	875	280	934	236	223	244	786	464	698	12	580	758	877	205	931	7	786	648	583	239	112	435	866	567	381	347	756	784	163	6	743	657	718	141	372	282	61	465	765	729	926	646	909	645	343	934	525	722	322	543	49	965	97	519	114	152	35	318	613	239	93	998	812	156	581	407	595	888	91	726	622	403	56	278	680	
1116	555	743	223	864	138	382	239	910	998	646	324	677	395	125	340	332	582	650	876	350	319	774	402	774	345	744	923	350	760	854	326	498	147	160	400	192	913	711	945	283	704	342	943	456	644	640	513	992	430	842	879	831	277	634	345	780	337	321	533	634	269	941	333	623	924	722	568	435	656	233	943	19	743	377	18	71	527	894	389	32	915	839	366	462	823	772	656	561	144	496	380	55	768	803	566	341	32	580	534	825	862	885	457	568	354	134	431	843	740	615	510	391	656	376	175	613	116	971	319	431	
1117	925	529	220	536	401	641	766	863	894	940	562	356	994	695	568	346	6	125	596	74	995	565	124	443	37	515	850	573	872	230	820	18	809	106	634	342	86	623	360	608	672	561	886	146	48	777	12	470	696	644	353	809	83	995	406	709	487	427	246	633	346	805	281	51	355	73	146	209	674	790	13	172	163	933	468	103	767	111	476	119	756	900	180	482	926	918	998	293	629	781	145	761	657	604	718	141	619	220	497	722	142	640	427	99	230	264	22	819	496	481	192	324	978	565	107	189	196	440	316	908	
1118	283	91	212	765	940	386	408	970	709	10	721	393	115	194	36	514	522	226	912	42	192	743	758	3	215	903	281	30	111	896	209	78	468	667	267	327	107	431	75	551	226	436	837	27	377	492	343	965	812	497	787	909	226	67	36	14	259	840	135	259	701	89	957	289	239	659	925	158	778	883	847	818	597	798	422	341	800	920	718	850	300	290	647	226	553	754	879	740	631	694	383	571	193	672	87	1000	30	353	516	2	682	359	995	540	941	89	158	486	210	893	566	206	755	727	409	352	587	213	415	987	
1119	976	984	423	250	774	176	676	408	542	389	300	457	595	504	796	282	341	978	150	414	484	402	155	241	734	556	39	962	275	179	109	19	400	850	661	58	105	440	92	773	986	154	419	961	447	461	442	404	786	613	342	668	117	143	896	727	209	590	272	756	822	348	466	906	716	990	528	944	801	502	568	821	484	907	119	497	426	363	414	459	391	508	837	444	568	352	101	707	550	271	890	267	924	737	568	403	181	364	493	524	48	626	736	384	502	607	625	120	94	882	193	199	629	442	35	894	732	763	827	279	
1120	152	733	6	239	339	633	908	482	491	958	22	220	254	5	590	846	631	856	568	665	793	338	672	13	677	32	922	394	752	673	138	40	41	266	469	5	17	493	423	117	684	482	486	511	927	398	935	221	987	124	24	244	817	418	62	717	37	389	112	459	568	247	811	437	769	416	296	887	812	522	11	780	742	554	340	231	368	412	979	371	98	205	424	750	545	79	849	957	836	289	800	412	635	5	892	430	729	39	182	364	868	410	335	905	258	820	761	349	703	925	115	543	252	268	384	761	978	283	114	919	
