60
1	1	30	1001	1003	1004	1006	1008	1009	1011	1012	1014	1015	1016	1017	1019	1020	1022	1023	1027	1028	1029	1033	1036	1037	1040	1045	1046	1047	1049	1055	1056	1057	
2	2	40	1002	1004	1005	1007	1009	1011	1012	1015	1016	1017	1018	1019	1020	1021	1022	1024	1026	1028	1029	1031	1032	1034	1035	1039	1040	1041	1042	1043	1044	1045	1046	1047	1048	1049	1050	1051	1053	1054	1059	1060	
3	3	13	1001	1009	1015	1023	1026	1029	1033	1035	1044	1047	1049	1054	1056	
4	4	30	1002	1005	1006	1007	1008	1010	1012	1014	1016	1018	1019	1020	1021	1022	1025	1026	1033	1035	1036	1037	1042	1044	1046	1048	1054	1055	1056	1057	1058	1060	
5	5	44	1001	1002	1003	1005	1006	1008	1009	1012	1013	1014	1015	1016	1018	1019	1021	1022	1023	1025	1027	1029	1030	1031	1032	1033	1034	1035	1038	1039	1042	1043	1044	1045	1046	1048	1049	1051	1052	1053	1054	1055	1056	1057	1059	1060	
6	6	37	1002	1003	1004	1005	1006	1007	1012	1015	1016	1018	1020	1022	1024	1025	1026	1028	1029	1031	1032	1033	1034	1038	1040	1041	1042	1046	1047	1048	1049	1051	1053	1054	1055	1057	1058	1059	1060	
7	7	60	1001	1002	1003	1004	1005	1006	1007	1008	1009	1010	1011	1012	1013	1014	1015	1016	1017	1018	1019	1020	1021	1022	1023	1024	1025	1026	1027	1028	1029	1030	1031	1032	1033	1034	1035	1036	1037	1038	1039	1040	1041	1042	1043	1044	1045	1046	1047	1048	1049	1050	1051	1052	1053	1054	1055	1056	1057	1058	1059	1060	
8	8	44	1001	1002	1004	1005	1006	1010	1011	1016	1017	1018	1020	1022	1023	1024	1025	1026	1027	1029	1030	1031	1032	1033	1034	1035	1036	1037	1038	1039	1040	1041	1043	1045	1046	1048	1049	1050	1051	1052	1053	1055	1056	1057	1058	1059	
9	9	49	1003	1004	1005	1006	1007	1008	1009	1010	1012	1014	1015	1016	1017	1018	1019	1020	1021	1023	1024	1025	1026	1027	1029	1030	1031	1032	1033	1034	1035	1036	1037	1039	1040	1041	1042	1043	1044	1045	1047	1048	1049	1051	1052	1053	1054	1055	1057	1058	1059	
10	10	18	1001	1003	1004	1007	1008	1011	1013	1014	1016	1018	1019	1029	1032	1035	1038	1044	1047	1048	
11	11	19	1001	1004	1005	1008	1009	1014	1020	1023	1027	1029	1032	1036	1038	1042	1045	1046	1052	1055	1057	
12	12	40	1003	1004	1005	1006	1007	1008	1009	1011	1012	1013	1015	1017	1019	1020	1021	1022	1023	1025	1026	1027	1029	1032	1034	1035	1036	1038	1039	1040	1041	1043	1044	1045	1046	1047	1050	1052	1054	1056	1058	1060	
13	13	26	1005	1007	1013	1014	1017	1020	1022	1025	1028	1029	1030	1032	1034	1036	1038	1039	1041	1042	1051	1052	1053	1055	1056	1057	1059	1060	
14	14	18	1009	1010	1012	1017	1019	1021	1028	1029	1036	1042	1043	1048	1050	1051	1052	1058	1059	1060	
15	15	56	1001	1002	1003	1004	1005	1006	1007	1008	1009	1010	1011	1012	1013	1015	1016	1017	1018	1019	1020	1021	1022	1023	1025	1026	1027	1028	1029	1030	1031	1032	1033	1034	1036	1037	1038	1039	1040	1041	1042	1043	1044	1045	1046	1047	1048	1049	1051	1052	1053	1054	1055	1056	1057	1058	1059	1060	
16	16	18	1004	1008	1010	1012	1013	1018	1020	1021	1023	1028	1032	1034	1037	1038	1039	1050	1059	1060	
17	17	19	1002	1006	1009	1010	1011	1012	1014	1018	1022	1023	1027	1030	1034	1035	1041	1046	1048	1049	1051	
18	18	50	1002	1004	1005	1006	1007	1008	1010	1011	1012	1013	1014	1015	1016	1017	1018	1019	1020	1021	1022	1023	1024	1025	1026	1027	1028	1029	1030	1032	1036	1037	1038	1039	1040	1041	1042	1043	1044	1045	1047	1048	1049	1050	1051	1053	1054	1056	1057	1058	1059	1060	
19	19	31	1002	1007	1008	1010	1011	1012	1013	1016	1019	1021	1022	1025	1026	1028	1029	1030	1031	1034	1035	1036	1037	1038	1046	1047	1048	1049	1053	1054	1055	1057	1058	
20	20	49	1001	1002	1003	1004	1005	1006	1007	1008	1010	1011	1012	1013	1014	1016	1018	1019	1020	1022	1023	1024	1025	1026	1028	1029	1030	1032	1033	1035	1036	1037	1038	1039	1040	1042	1043	1044	1045	1046	1047	1049	1050	1051	1053	1054	1055	1056	1057	1058	1059	
21	21	31	1001	1002	1003	1004	1005	1007	1009	1012	1013	1015	1017	1019	1020	1022	1024	1026	1027	1029	1032	1033	1034	1038	1041	1042	1043	1046	1047	1050	1051	1054	1060	
22	22	29	1001	1002	1004	1006	1009	1010	1020	1022	1024	1026	1028	1030	1031	1032	1033	1034	1035	1036	1039	1040	1041	1042	1045	1049	1051	1052	1053	1055	1060	
23	23	47	1001	1002	1003	1004	1006	1007	1008	1009	1010	1011	1012	1013	1014	1015	1016	1017	1019	1020	1021	1023	1024	1025	1027	1029	1031	1032	1033	1034	1035	1036	1037	1038	1040	1042	1043	1044	1046	1047	1048	1049	1050	1051	1054	1056	1057	1058	1059	
24	24	35	1002	1003	1004	1005	1006	1008	1012	1013	1015	1017	1018	1020	1023	1024	1025	1026	1028	1030	1031	1034	1035	1036	1037	1038	1039	1040	1044	1046	1049	1050	1053	1054	1055	1056	1060	
25	25	32	1001	1003	1005	1006	1007	1008	1013	1014	1018	1020	1021	1023	1024	1025	1026	1027	1028	1031	1033	1034	1036	1037	1039	1040	1045	1046	1047	1049	1052	1056	1058	1059	
26	26	33	1001	1002	1003	1005	1006	1007	1010	1011	1014	1015	1016	1017	1020	1022	1023	1029	1030	1031	1033	1034	1035	1038	1039	1040	1042	1043	1044	1045	1050	1053	1056	1059	1060	
27	27	38	1001	1002	1006	1007	1008	1009	1010	1011	1012	1013	1014	1015	1017	1019	1020	1024	1025	1026	1027	1028	1029	1031	1032	1035	1036	1037	1040	1041	1045	1046	1048	1050	1054	1055	1056	1057	1058	1059	
28	28	60	1001	1002	1003	1004	1005	1006	1007	1008	1009	1010	1011	1012	1013	1014	1015	1016	1017	1018	1019	1020	1021	1022	1023	1024	1025	1026	1027	1028	1029	1030	1031	1032	1033	1034	1035	1036	1037	1038	1039	1040	1041	1042	1043	1044	1045	1046	1047	1048	1049	1050	1051	1052	1053	1054	1055	1056	1057	1058	1059	1060	
29	29	36	1001	1003	1004	1008	1009	1011	1013	1014	1020	1022	1023	1024	1025	1026	1027	1028	1029	1031	1032	1034	1035	1037	1038	1041	1042	1043	1044	1046	1047	1049	1050	1051	1053	1057	1058	1059	
30	30	31	1001	1003	1007	1008	1009	1011	1012	1015	1016	1017	1021	1022	1023	1024	1026	1027	1029	1031	1034	1036	1038	1041	1042	1047	1049	1050	1051	1055	1056	1057	1058	
31	31	41	1001	1002	1003	1005	1006	1007	1008	1010	1011	1012	1013	1014	1015	1018	1019	1020	1021	1023	1026	1027	1029	1031	1032	1034	1035	1037	1038	1039	1043	1045	1046	1047	1048	1049	1050	1052	1054	1055	1057	1058	1060	
32	32	49	1001	1002	1003	1005	1006	1007	1008	1009	1010	1011	1012	1013	1014	1015	1017	1018	1019	1021	1022	1023	1025	1026	1027	1028	1030	1031	1032	1033	1035	1036	1037	1038	1039	1040	1042	1043	1044	1046	1047	1048	1049	1050	1053	1054	1056	1057	1058	1059	1060	
33	33	43	1002	1004	1005	1006	1007	1009	1010	1011	1012	1013	1014	1015	1017	1021	1023	1024	1025	1026	1027	1029	1030	1031	1032	1036	1037	1040	1041	1042	1043	1044	1045	1046	1047	1048	1049	1050	1052	1054	1055	1056	1057	1058	1059	
34	34	23	1003	1006	1007	1010	1011	1013	1014	1015	1017	1024	1027	1033	1035	1039	1041	1045	1047	1048	1054	1055	1057	1059	1060	
35	35	42	1002	1003	1007	1010	1012	1013	1014	1015	1016	1017	1018	1021	1023	1024	1025	1027	1028	1029	1030	1031	1032	1034	1035	1036	1037	1040	1041	1042	1043	1044	1045	1046	1049	1050	1051	1054	1055	1056	1057	1058	1059	1060	
36	36	28	1002	1003	1007	1009	1013	1014	1015	1016	1017	1019	1023	1024	1025	1027	1028	1029	1031	1033	1038	1039	1040	1041	1044	1046	1048	1052	1054	1058	
37	37	20	1001	1003	1009	1012	1014	1015	1017	1019	1028	1029	1030	1034	1037	1038	1039	1041	1042	1045	1058	1060	
38	38	14	1003	1005	1007	1014	1021	1029	1032	1033	1038	1040	1042	1050	1053	1060	
39	39	30	1001	1002	1006	1007	1009	1011	1012	1013	1018	1019	1022	1024	1025	1027	1028	1030	1033	1037	1038	1042	1043	1047	1048	1049	1051	1052	1053	1054	1056	1059	
40	40	38	1001	1002	1003	1004	1005	1007	1009	1011	1012	1013	1014	1016	1017	1018	1020	1021	1024	1025	1026	1027	1028	1030	1031	1032	1034	1037	1038	1039	1041	1043	1048	1050	1051	1053	1055	1057	1059	1060	
41	41	53	1001	1002	1003	1004	1005	1006	1008	1009	1010	1011	1014	1015	1016	1017	1018	1019	1020	1021	1022	1023	1024	1025	1026	1027	1028	1029	1030	1032	1033	1034	1035	1036	1037	1038	1039	1040	1041	1043	1044	1045	1046	1047	1049	1051	1052	1053	1054	1055	1056	1057	1058	1059	1060	
42	42	31	1001	1002	1003	1005	1007	1010	1014	1015	1018	1020	1022	1023	1026	1029	1030	1031	1032	1035	1036	1037	1039	1040	1044	1048	1049	1050	1051	1055	1057	1059	1060	
43	43	27	1002	1003	1008	1012	1014	1016	1019	1023	1025	1026	1028	1030	1031	1033	1036	1038	1039	1040	1042	1043	1045	1046	1050	1052	1055	1056	1058	
44	44	44	1001	1002	1003	1006	1007	1008	1009	1011	1012	1013	1015	1018	1019	1020	1021	1023	1025	1027	1028	1030	1031	1032	1033	1034	1035	1036	1037	1039	1040	1041	1042	1043	1045	1048	1049	1050	1051	1052	1053	1056	1057	1058	1059	1060	
45	45	52	1001	1002	1003	1006	1007	1008	1009	1010	1011	1012	1013	1014	1016	1017	1018	1019	1020	1021	1022	1024	1025	1026	1027	1028	1029	1030	1031	1032	1033	1036	1037	1038	1039	1040	1041	1042	1043	1044	1045	1046	1047	1048	1049	1050	1051	1052	1053	1054	1056	1057	1059	1060	
46	46	56	1001	1002	1003	1004	1005	1006	1007	1008	1009	1010	1011	1012	1013	1014	1015	1016	1017	1018	1020	1021	1022	1023	1024	1026	1027	1028	1029	1030	1031	1032	1033	1034	1035	1036	1037	1038	1039	1040	1042	1043	1044	1045	1046	1047	1048	1049	1050	1051	1052	1053	1054	1055	1056	1057	1059	1060	
47	47	39	1002	1003	1005	1007	1011	1012	1014	1015	1017	1018	1019	1021	1022	1023	1024	1027	1028	1029	1032	1033	1035	1036	1037	1038	1039	1040	1041	1042	1044	1046	1047	1048	1049	1051	1052	1053	1054	1058	1059	
48	48	47	1001	1002	1003	1004	1005	1006	1007	1008	1009	1011	1012	1014	1015	1016	1017	1018	1020	1021	1023	1024	1026	1027	1028	1029	1030	1033	1034	1035	1036	1037	1038	1039	1040	1041	1042	1044	1046	1047	1048	1049	1050	1051	1053	1055	1057	1058	1059	
49	49	45	1001	1002	1003	1004	1005	1006	1007	1009	1010	1011	1012	1013	1015	1016	1018	1020	1021	1022	1023	1025	1027	1028	1030	1031	1032	1033	1034	1035	1036	1039	1041	1042	1045	1046	1047	1049	1050	1051	1052	1053	1054	1055	1056	1057	1059	
50	50	31	1001	1003	1004	1005	1006	1009	1010	1012	1013	1014	1015	1018	1019	1025	1026	1030	1032	1033	1035	1036	1041	1042	1043	1044	1048	1049	1050	1052	1053	1058	1059	
51	51	48	1003	1004	1005	1006	1007	1008	1009	1010	1011	1013	1015	1016	1017	1018	1019	1020	1021	1022	1023	1024	1026	1027	1028	1029	1030	1031	1032	1033	1034	1035	1036	1037	1040	1041	1043	1044	1045	1046	1047	1048	1049	1050	1052	1053	1056	1057	1058	1060	
52	52	47	1001	1003	1004	1005	1006	1007	1010	1011	1012	1013	1015	1017	1018	1020	1021	1022	1023	1024	1025	1026	1028	1029	1031	1034	1035	1036	1037	1038	1040	1041	1042	1043	1044	1045	1046	1047	1048	1049	1050	1051	1052	1053	1056	1057	1058	1059	1060	
53	53	54	1001	1002	1003	1004	1005	1007	1008	1009	1010	1011	1012	1013	1014	1015	1016	1018	1019	1020	1021	1022	1023	1024	1025	1026	1027	1028	1029	1030	1031	1032	1034	1035	1037	1038	1039	1040	1041	1042	1043	1044	1045	1046	1047	1048	1049	1050	1051	1052	1053	1054	1056	1057	1058	1060	
54	54	15	1005	1008	1009	1010	1018	1021	1022	1023	1033	1043	1047	1048	1051	1053	1057	
55	55	20	1001	1006	1007	1008	1009	1017	1021	1022	1023	1024	1025	1026	1029	1032	1043	1044	1048	1050	1051	1060	
56	56	37	1001	1004	1005	1006	1007	1008	1010	1012	1015	1016	1017	1018	1019	1020	1021	1022	1024	1025	1026	1028	1029	1031	1032	1033	1038	1039	1040	1041	1045	1046	1047	1049	1050	1052	1055	1056	1057	
57	57	41	1003	1004	1005	1006	1007	1009	1011	1012	1013	1014	1015	1017	1020	1022	1025	1026	1028	1029	1031	1032	1034	1035	1036	1037	1038	1040	1041	1042	1043	1045	1046	1049	1050	1052	1053	1054	1055	1056	1058	1059	1060	
58	58	22	1002	1007	1011	1012	1015	1017	1018	1023	1024	1027	1029	1033	1035	1036	1037	1038	1040	1042	1045	1049	1051	1052	
59	59	31	1003	1004	1005	1006	1007	1009	1011	1013	1014	1018	1019	1021	1026	1030	1032	1034	1036	1037	1041	1042	1045	1046	1048	1050	1051	1052	1054	1056	1058	1059	1060	
60	60	27	1003	1005	1006	1011	1013	1015	1016	1019	1020	1021	1024	1028	1030	1031	1032	1035	1037	1039	1041	1048	1051	1053	1054	1055	1056	1057	1060	
