-1	1	2	3	4	5	6	7	8	9	10	11	12	13	14	15	16	17	18	19	20	21	22	23	24	25	26	27	28	29	30	31	32	33	34	35	36	37	38	39	40	41	42	43	44	45	46	47	48	49	50	51	52	53	54	55	56	57	58	59	60	
1001	374	627	699	992	648	672	901	379	20	103	76	676	454	71	167	629	49	338	21	379	209	779	592	622	454	583	905	213	364	225	301	58	657	73	486	681	375	165	685	327	347	163	942	288	12	29	436	777	48	38	832	328	939	676	452	161	778	814	244	66	
1002	848	447	33	254	973	418	876	471	276	893	74	596	742	155	152	486	95	828	982	195	403	789	867	268	371	139	6	748	256	868	839	618	407	639	478	707	582	540	626	289	142	774	764	209	713	360	676	756	430	822	84	92	738	406	885	490	169	631	567	941	
1003	345	629	925	151	469	183	296	485	598	889	69	538	191	997	128	132	207	413	518	65	515	59	465	371	891	716	486	318	144	10	668	583	99	514	624	432	2	542	807	521	495	147	635	881	17	581	802	918	735	665	123	441	10	483	387	421	378	682	559	473	
1004	177	211	4	787	255	322	9	917	9	527	324	831	791	699	763	971	316	879	944	680	649	741	638	27	461	362	265	397	550	63	859	261	667	656	637	224	61	284	283	670	642	479	243	366	196	556	415	317	370	583	641	939	334	730	143	526	999	166	535	707	
1005	772	948	626	448	524	41	922	890	662	829	261	96	888	728	325	956	160	710	327	280	266	234	871	902	499	84	316	634	774	654	461	839	815	547	532	87	607	568	554	616	424	328	771	91	786	947	556	110	813	927	658	876	391	666	996	219	112	998	212	271	
1006	838	274	109	904	872	522	450	665	60	719	861	426	404	823	947	637	859	137	146	940	987	205	591	551	442	995	364	984	61	414	644	206	560	154	441	407	548	148	768	498	146	481	931	180	552	354	816	712	449	310	304	84	449	944	922	682	322	11	400	653	
1007	595	91	733	548	806	683	44	607	274	105	337	485	529	881	13	676	75	682	949	725	242	272	143	282	164	499	384	625	348	841	5	840	274	474	776	321	860	595	654	720	613	357	455	523	550	446	374	321	546	129	858	718	30	650	131	630	696	252	529	391	
1008	646	353	413	747	331	529	424	415	921	199	432	884	253	324	196	320	812	599	439	335	37	616	716	464	558	953	740	916	940	260	990	378	759	289	310	927	188	990	424	420	621	757	230	120	351	688	233	151	914	144	389	627	422	206	568	499	564	865	269	513	
1009	922	739	88	572	596	747	197	15	825	914	829	871	760	475	664	812	795	386	444	368	584	636	845	365	46	610	12	916	243	48	254	928	363	825	150	693	644	509	325	3	736	974	985	296	762	935	940	860	860	430	830	6	81	355	261	776	590	201	581	614	
1010	782	683	213	167	614	510	178	919	324	320	784	163	779	928	966	202	249	380	856	837	165	870	108	681	827	692	400	264	262	709	107	196	582	656	401	190	570	343	67	30	559	268	750	516	225	859	938	871	233	265	918	180	417	515	475	553	740	729	350	994	
1011	60	521	123	201	342	180	487	646	913	848	705	991	572	661	242	233	673	485	914	113	114	72	82	263	413	281	985	421	45	32	445	217	763	506	684	566	684	606	388	50	21	689	24	267	941	877	220	515	962	557	363	982	599	636	6	578	444	223	384	375	
1012	456	16	534	569	852	87	710	475	799	955	317	554	47	954	444	97	54	139	38	943	92	370	579	865	532	618	488	345	213	512	977	294	461	613	865	998	873	660	841	281	480	989	703	865	752	817	753	143	216	351	331	831	241	438	350	134	279	852	449	547	
1013	247	779	60	254	642	250	891	560	850	574	985	199	25	26	768	158	819	532	887	452	15	642	234	835	961	311	945	925	613	102	714	850	590	439	377	573	944	448	623	120	458	630	776	805	873	588	473	295	985	58	290	216	29	778	921	460	681	423	911	189	
1014	415	367	865	661	555	636	57	935	316	658	211	940	208	624	50	307	253	348	181	531	949	319	29	487	571	123	379	695	517	122	321	620	147	25	55	700	599	613	106	231	893	460	472	568	309	344	983	840	374	759	510	488	301	486	244	758	110	1000	840	987	
1015	817	168	890	547	64	646	66	452	628	24	415	548	886	991	270	412	528	482	720	630	164	732	778	313	616	43	714	507	872	771	428	630	245	410	806	886	93	541	472	634	10	179	345	672	719	840	558	334	81	797	3	655	18	206	903	290	612	212	195	665	
1016	852	940	816	429	327	953	229	647	92	518	72	934	235	147	914	208	3	599	835	218	471	641	406	706	812	792	784	154	366	777	745	595	675	401	625	9	264	723	895	654	634	620	102	353	760	614	714	992	216	146	546	931	415	393	333	235	573	421	913	3	
1017	307	930	494	352	972	393	401	163	476	997	274	953	154	166	834	851	114	999	407	431	607	275	60	607	989	212	845	35	957	744	694	556	602	197	252	139	5	631	566	801	308	135	60	816	776	181	649	970	446	258	485	513	438	703	454	622	659	3	705	653	
1018	443	75	985	750	778	365	812	899	723	7	786	818	236	259	903	29	870	222	646	916	234	883	76	54	150	809	100	371	528	605	635	42	123	75	487	39	928	489	828	712	926	844	95	111	717	280	415	882	663	218	544	98	696	488	721	153	880	363	817	831	
1019	339	638	454	767	396	838	261	927	441	89	386	208	438	998	492	17	226	694	583	400	380	86	537	203	116	425	85	491	134	77	246	755	91	532	198	768	57	182	247	81	500	21	682	640	228	601	302	601	897	141	572	258	764	602	513	804	512	218	859	298	
1020	784	559	383	740	102	506	157	383	959	494	483	874	190	248	935	966	142	856	956	485	996	337	125	971	946	577	107	43	46	763	715	253	978	683	372	326	652	193	143	16	513	307	488	932	150	620	516	949	623	201	363	879	324	557	760	144	880	715	975	77	
1021	276	334	960	459	338	591	817	703	965	37	371	716	187	701	737	435	685	608	16	715	888	358	662	331	729	796	739	923	485	528	143	355	464	621	68	163	908	11	414	917	876	328	176	40	913	293	513	495	685	682	87	618	974	500	346	210	469	576	292	730	
1022	216	696	573	509	445	921	91	584	781	172	248	639	144	8	790	228	918	180	65	746	547	627	131	715	373	836	602	281	781	116	791	628	436	584	457	484	857	101	841	992	920	611	558	550	788	682	868	379	560	587	257	117	419	642	888	407	586	731	130	21	
1023	67	657	265	151	655	798	277	238	43	614	794	394	948	697	24	901	862	12	119	388	510	935	630	689	455	352	82	771	863	329	433	65	847	480	990	879	382	302	200	455	720	139	391	731	558	960	831	602	757	788	168	434	651	179	772	853	695	355	203	583	
1024	25	844	543	938	12	45	92	933	888	916	706	653	47	151	716	745	90	161	580	118	598	750	217	644	517	617	585	540	793	579	471	56	185	471	14	363	69	404	823	402	692	675	599	675	265	945	925	741	585	255	234	9	440	824	746	816	461	659	730	245	
1025	914	603	348	761	882	430	226	300	12	128	583	835	379	919	698	555	151	957	475	852	9	69	575	148	856	356	887	203	675	475	74	183	952	242	573	153	301	614	408	951	853	86	195	347	285	554	872	812	111	901	803	819	438	765	967	849	44	640	810	383	
1026	178	372	622	941	372	132	281	535	103	636	103	342	801	350	13	769	103	735	691	442	404	971	558	144	641	417	575	325	214	928	929	853	375	562	168	96	2	424	441	746	1000	415	436	169	635	625	65	326	271	62	986	728	139	461	661	381	658	470	654	139	
1027	514	378	238	475	845	646	370	700	242	681	748	122	791	695	524	505	523	952	806	401	478	88	57	266	912	632	526	951	213	246	429	741	534	320	581	526	195	478	219	289	304	33	710	157	126	454	104	54	476	336	943	246	382	917	252	272	892	727	771	761	
1028	111	573	48	654	725	795	751	974	154	603	82	261	441	152	432	860	659	269	480	845	795	826	734	254	297	874	365	130	883	964	271	377	841	521	43	162	847	909	479	14	760	450	486	454	833	481	451	207	549	722	775	149	191	663	664	582	812	755	546	49	
1029	72	770	999	628	658	1	576	88	78	981	993	218	192	862	157	122	227	824	465	731	601	652	604	534	549	244	239	719	927	607	538	501	417	489	711	728	640	375	578	366	37	170	905	511	764	130	569	898	500	100	937	647	776	383	891	350	398	323	568	264	
1030	595	107	917	437	765	393	229	323	488	544	283	945	597	285	759	839	233	50	971	301	474	544	800	160	495	545	313	312	157	762	136	864	583	966	296	461	878	166	820	138	842	472	118	779	687	446	378	289	140	657	363	518	8	213	62	865	77	334	382	676	
1031	323	16	444	667	19	888	401	979	301	787	415	37	132	439	403	808	547	615	562	74	373	548	391	942	952	601	507	936	723	893	834	544	533	718	947	198	96	924	56	861	543	483	520	930	147	958	569	967	524	320	769	283	878	748	511	157	546	953	206	441	
1032	238	410	346	984	124	157	856	191	83	580	723	250	93	326	97	606	139	845	277	393	708	64	577	13	333	591	405	625	718	49	216	346	417	451	397	346	248	826	810	991	727	11	942	24	168	440	977	524	358	454	561	947	756	565	482	776	958	232	149	600	
1033	629	676	612	486	590	924	837	100	210	716	113	967	742	229	80	787	672	195	77	511	973	516	57	110	897	86	402	423	383	421	188	423	810	493	238	645	884	325	681	126	532	557	100	363	285	9	643	936	636	471	137	174	866	709	372	179	652	734	512	512	
1034	735	655	491	888	364	327	78	667	873	484	768	289	574	424	691	272	810	784	126	382	11	505	139	949	885	387	275	462	330	660	761	631	168	576	300	966	9	376	185	467	783	96	137	945	30	485	407	454	103	351	4	228	50	908	878	390	427	606	471	926	
1035	93	82	462	515	839	379	582	939	575	583	398	376	444	873	468	446	612	719	936	697	505	516	766	842	770	152	244	897	845	741	845	883	756	443	45	206	645	854	542	923	814	334	922	147	769	216	330	902	60	283	710	111	717	973	254	668	908	95	689	956	
1036	126	595	234	215	188	932	9	201	687	159	752	373	719	928	465	622	238	738	965	550	203	120	970	235	983	754	599	369	364	251	446	817	731	216	243	505	949	259	941	331	436	713	11	762	467	352	873	563	611	102	995	425	567	398	305	387	522	68	195	57	
1037	579	79	205	259	20	401	119	735	818	586	636	727	220	4	887	289	554	556	1000	839	404	377	261	376	592	325	814	399	194	578	877	442	208	510	766	781	358	986	179	840	984	703	259	551	503	130	812	344	710	338	886	258	293	751	258	916	941	109	699	484	
1038	122	892	569	260	268	570	667	480	534	500	241	790	461	656	195	515	510	599	10	419	682	716	36	689	548	849	853	502	610	771	786	780	459	326	663	741	521	772	348	208	838	826	363	85	899	364	549	320	823	170	110	99	997	66	942	15	457	857	137	451	
1039	68	841	225	550	332	923	12	76	369	928	799	250	366	612	138	2	925	100	878	238	908	683	52	258	289	38	664	726	570	634	84	290	944	554	290	538	525	229	89	685	603	502	317	377	951	78	808	857	734	168	725	714	894	755	471	690	816	294	301	89	
1040	190	584	413	295	659	960	201	681	444	804	973	793	72	257	852	877	368	302	961	956	905	293	236	367	29	363	84	855	204	556	541	65	103	489	444	95	958	955	496	504	882	877	436	340	933	621	330	368	233	483	986	73	527	589	811	959	425	162	177	695	
1041	797	168	526	116	453	608	330	385	267	945	627	606	915	745	651	982	679	492	577	411	568	475	644	386	590	240	70	847	882	809	167	510	434	11	820	725	253	536	832	406	88	860	609	593	112	981	214	945	672	809	816	621	357	613	6	362	240	43	189	647	
1042	531	415	594	537	901	108	105	249	733	207	852	649	273	707	33	546	95	61	151	576	474	859	31	842	991	37	471	755	299	803	858	752	231	360	781	756	231	477	650	225	647	913	154	615	543	568	103	417	216	73	992	870	239	644	257	294	378	467	26	87	
1043	793	30	534	975	537	727	401	112	712	199	548	829	877	42	458	286	72	195	511	112	601	461	308	415	266	363	179	413	264	473	387	148	965	628	502	1000	954	991	361	217	524	344	939	240	180	611	618	375	259	382	267	422	149	380	304	267	54	933	7	377	
1044	21	384	485	593	868	271	885	4	431	187	473	785	358	774	247	141	21	503	474	562	950	244	730	926	174	851	618	958	463	483	726	371	551	470	835	573	111	42	916	317	270	705	833	831	959	781	395	160	264	24	502	644	172	819	726	291	564	141	317	164	
1045	127	19	947	702	309	631	32	3	439	717	376	260	241	41	391	620	808	563	181	468	366	940	561	769	24	503	76	637	102	467	480	700	578	528	488	17	837	328	257	874	670	393	970	58	628	328	656	725	519	576	461	57	681	987	602	676	779	104	730	80	
1046	501	177	478	366	863	524	570	653	176	467	499	295	848	133	846	130	255	978	411	537	897	799	520	89	172	910	276	587	902	476	647	36	35	455	360	369	573	895	800	703	444	35	869	761	697	280	713	587	101	638	260	535	863	308	711	750	742	861	171	306	
1047	82	153	81	780	442	387	588	853	983	210	593	662	571	194	869	965	67	739	734	939	611	74	841	522	410	87	23	506	992	176	214	248	397	550	245	936	427	349	143	997	486	674	436	150	75	897	844	779	767	445	653	864	33	331	599	489	843	401	310	64	
1048	322	640	818	811	85	672	496	929	720	506	245	411	127	383	483	705	618	187	212	659	109	86	765	969	497	376	325	351	771	209	967	879	859	336	707	263	608	9	476	324	955	572	246	311	105	20	262	855	445	829	671	567	381	50	786	178	19	94	765	292	
1049	57	863	347	946	637	27	766	566	874	147	988	189	518	520	281	440	201	647	308	682	817	277	932	971	297	558	116	24	255	114	36	19	230	890	723	263	537	601	882	704	153	806	922	312	945	226	497	868	519	749	545	313	14	253	201	961	850	810	864	858	
1050	155	799	297	71	205	182	170	74	126	946	900	471	773	590	891	570	468	911	885	838	776	204	610	709	769	134	493	167	757	733	312	669	9	35	663	126	763	597	12	713	170	142	99	188	695	614	710	700	920	324	124	686	425	391	221	774	94	36	545	510	
1051	963	698	298	508	818	167	513	2	766	579	38	475	431	309	167	404	316	769	294	499	775	815	935	648	370	546	969	678	290	460	344	418	418	704	426	51	763	920	17	922	419	344	216	428	84	907	242	293	943	284	127	696	688	719	120	724	564	202	405	609	
1052	110	637	916	195	770	158	519	495	402	230	548	212	299	305	587	454	331	747	82	904	919	400	173	960	965	50	422	861	19	316	614	646	271	93	213	317	88	486	127	21	621	175	392	727	117	711	849	899	622	523	674	69	322	897	770	870	279	37	766	309	
1053	52	62	237	247	151	110	969	994	754	268	821	489	150	525	478	916	963	589	629	421	146	534	936	822	754	200	938	455	593	339	885	404	86	265	228	478	293	967	29	809	426	509	759	214	185	508	441	34	245	751	628	895	928	686	769	729	531	47	765	883	
1054	981	260	411	10	638	492	700	429	935	540	67	854	755	172	604	585	460	214	557	557	993	422	883	916	640	151	804	603	838	262	789	355	789	34	461	999	773	748	481	744	887	467	521	205	85	11	299	854	758	631	487	786	841	389	987	664	399	434	24	467	
1055	653	460	570	187	968	393	655	136	492	525	389	254	244	140	72	524	773	4	1000	801	148	39	174	695	448	174	226	825	130	579	276	798	939	552	977	550	749	566	160	596	532	65	326	493	462	570	399	664	496	789	534	14	451	413	615	900	528	244	627	967	
1056	111	995	991	431	784	537	351	297	22	51	435	757	467	409	83	873	677	714	40	998	327	705	77	622	24	822	440	172	829	626	200	843	474	19	640	521	478	249	13	388	248	752	573	294	397	303	761	693	844	432	597	479	819	730	229	204	202	931	402	932	
1057	25	157	755	510	555	10	377	553	619	289	263	484	575	338	887	885	640	55	299	598	627	150	609	599	631	966	134	794	125	354	208	840	822	725	872	738	930	5	248	225	349	186	857	650	647	697	825	261	324	980	227	685	417	692	910	301	96	42	811	328	
1058	666	409	690	755	121	579	893	897	936	389	311	184	969	35	882	754	26	171	219	227	648	243	600	579	318	446	460	855	998	795	780	92	951	22	975	830	512	724	697	24	988	673	225	300	694	284	764	30	574	837	57	188	357	509	519	777	837	591	603	602	
1059	574	879	368	396	848	255	24	395	777	781	231	752	746	984	449	208	92	864	500	765	744	598	320	728	112	66	491	625	267	932	306	621	333	31	578	359	229	690	584	522	444	297	861	997	803	132	279	80	339	735	772	662	890	570	8	180	605	385	88	537	
1060	406	903	726	183	861	738	376	56	273	728	900	356	309	844	594	345	118	13	205	602	303	109	970	590	228	297	79	163	764	593	534	450	657	833	361	628	441	823	88	294	826	406	329	305	633	458	592	190	916	308	736	616	553	593	568	697	966	814	889	426	
