90
1	1	82	1001	1002	1003	1004	1005	1006	1007	1008	1009	1010	1011	1012	1013	1014	1015	1016	1018	1019	1020	1021	1023	1024	1025	1026	1027	1028	1029	1030	1031	1032	1033	1034	1035	1036	1037	1038	1039	1040	1041	1042	1043	1045	1046	1047	1048	1049	1050	1052	1053	1054	1055	1056	1057	1058	1059	1060	1061	1062	1064	1065	1066	1067	1068	1069	1071	1072	1073	1074	1075	1076	1077	1078	1079	1081	1082	1083	1084	1085	1087	1088	1089	1090	
2	2	50	1002	1008	1010	1013	1014	1015	1016	1017	1018	1021	1022	1025	1026	1028	1031	1032	1035	1036	1037	1038	1040	1045	1046	1049	1050	1051	1052	1054	1055	1056	1057	1058	1059	1060	1062	1065	1068	1070	1076	1078	1079	1080	1081	1083	1084	1086	1087	1088	1089	1090	
3	3	41	1001	1003	1004	1005	1007	1010	1012	1013	1016	1018	1022	1023	1024	1025	1028	1030	1034	1036	1042	1043	1045	1046	1047	1049	1050	1059	1062	1063	1065	1071	1072	1073	1074	1076	1077	1078	1080	1083	1084	1087	1090	
4	4	58	1001	1002	1003	1004	1007	1009	1011	1014	1015	1016	1018	1019	1021	1022	1023	1024	1025	1027	1028	1029	1030	1033	1034	1035	1037	1040	1041	1042	1044	1045	1046	1049	1050	1051	1052	1055	1056	1057	1058	1060	1062	1063	1065	1066	1067	1069	1070	1071	1073	1075	1077	1078	1079	1080	1082	1083	1084	1090	
5	5	19	1004	1006	1011	1016	1017	1024	1027	1032	1036	1039	1041	1053	1054	1059	1065	1067	1081	1084	1087	
6	6	61	1001	1002	1004	1007	1009	1010	1012	1013	1014	1016	1017	1018	1019	1020	1022	1023	1024	1025	1027	1028	1029	1030	1033	1034	1036	1037	1039	1040	1041	1043	1044	1046	1047	1048	1049	1050	1051	1054	1055	1057	1058	1059	1061	1062	1064	1065	1067	1068	1070	1071	1072	1073	1076	1078	1080	1081	1083	1086	1087	1088	1089	
7	7	30	1001	1006	1008	1009	1013	1022	1024	1025	1026	1027	1028	1030	1031	1033	1035	1041	1045	1056	1062	1066	1068	1070	1074	1079	1083	1084	1086	1088	1089	1090	
8	8	83	1001	1003	1004	1005	1006	1007	1008	1009	1010	1011	1012	1013	1014	1016	1018	1019	1020	1021	1022	1023	1024	1026	1027	1028	1029	1030	1031	1032	1033	1034	1035	1036	1037	1038	1039	1040	1041	1042	1043	1044	1046	1048	1049	1050	1051	1052	1053	1054	1055	1056	1057	1059	1060	1061	1062	1063	1064	1065	1066	1067	1068	1069	1070	1071	1072	1073	1074	1075	1076	1077	1078	1079	1080	1081	1082	1083	1084	1085	1086	1087	1088	1089	1090	
9	9	31	1007	1018	1022	1023	1025	1026	1027	1028	1031	1034	1036	1041	1042	1043	1044	1045	1051	1055	1056	1060	1065	1066	1072	1077	1078	1079	1081	1082	1083	1084	1090	
10	10	30	1001	1002	1003	1007	1008	1010	1012	1020	1026	1031	1034	1039	1043	1046	1047	1050	1054	1058	1059	1062	1063	1066	1067	1075	1076	1077	1079	1080	1081	1082	
11	11	87	1001	1002	1003	1004	1005	1006	1007	1008	1009	1010	1011	1012	1013	1014	1015	1016	1017	1018	1019	1020	1021	1022	1023	1024	1025	1026	1027	1028	1029	1030	1031	1032	1033	1034	1035	1036	1037	1038	1039	1040	1041	1043	1044	1045	1046	1047	1048	1049	1050	1051	1052	1053	1054	1055	1056	1057	1058	1059	1060	1061	1062	1063	1064	1065	1066	1068	1069	1070	1071	1072	1073	1074	1075	1076	1077	1078	1079	1080	1081	1082	1084	1085	1086	1087	1088	1089	1090	
12	12	46	1001	1002	1005	1009	1010	1012	1015	1016	1018	1019	1020	1021	1022	1023	1024	1025	1026	1028	1029	1035	1038	1039	1040	1041	1042	1045	1046	1054	1055	1059	1061	1063	1064	1067	1068	1070	1071	1072	1073	1074	1076	1079	1081	1082	1086	1088	
13	13	19	1005	1010	1012	1014	1030	1035	1036	1038	1042	1043	1045	1050	1053	1057	1058	1064	1071	1082	1087	
14	14	80	1002	1003	1004	1006	1007	1008	1009	1010	1011	1013	1014	1015	1016	1017	1019	1020	1021	1022	1023	1024	1026	1027	1028	1029	1030	1031	1032	1033	1034	1035	1036	1037	1038	1039	1040	1041	1042	1043	1044	1045	1046	1047	1048	1049	1050	1051	1052	1053	1054	1055	1056	1057	1058	1059	1060	1062	1063	1064	1065	1066	1067	1068	1069	1071	1072	1074	1075	1076	1078	1079	1080	1081	1082	1083	1085	1086	1087	1088	1089	1090	
15	15	81	1002	1003	1004	1005	1006	1007	1009	1010	1011	1012	1013	1014	1015	1016	1017	1018	1019	1020	1021	1022	1023	1024	1025	1026	1027	1029	1030	1032	1033	1034	1035	1036	1037	1038	1039	1040	1041	1042	1044	1045	1046	1047	1048	1049	1051	1052	1053	1054	1055	1056	1057	1059	1060	1061	1062	1063	1064	1065	1066	1067	1068	1069	1071	1072	1073	1074	1075	1076	1077	1078	1079	1080	1081	1082	1083	1084	1085	1086	1088	1089	1090	
16	16	35	1001	1004	1009	1014	1016	1022	1024	1025	1026	1028	1030	1031	1032	1033	1035	1037	1044	1047	1051	1053	1055	1057	1060	1061	1062	1065	1070	1074	1076	1079	1080	1081	1084	1088	1090	
17	17	38	1001	1002	1003	1007	1009	1010	1011	1015	1016	1022	1024	1027	1029	1033	1038	1039	1041	1042	1043	1049	1056	1057	1058	1063	1064	1066	1068	1069	1070	1073	1074	1075	1076	1078	1082	1083	1084	1086	
18	18	39	1001	1003	1005	1006	1007	1011	1019	1020	1024	1026	1027	1028	1033	1037	1038	1039	1040	1043	1046	1049	1051	1053	1055	1057	1060	1061	1062	1064	1066	1067	1069	1071	1072	1074	1075	1080	1083	1084	1088	
19	19	39	1002	1004	1007	1008	1009	1017	1019	1021	1023	1025	1027	1029	1030	1032	1034	1039	1040	1044	1049	1053	1054	1055	1056	1057	1059	1060	1068	1069	1070	1071	1074	1078	1079	1080	1085	1086	1088	1089	1090	
20	20	49	1001	1002	1003	1004	1005	1006	1007	1009	1010	1011	1012	1013	1020	1021	1023	1028	1029	1030	1033	1035	1038	1041	1043	1044	1045	1048	1049	1053	1056	1057	1059	1061	1065	1066	1067	1068	1069	1070	1072	1074	1075	1077	1078	1079	1081	1083	1085	1088	1089	
21	21	69	1001	1002	1003	1004	1005	1009	1010	1012	1013	1014	1017	1019	1020	1021	1022	1023	1024	1025	1026	1027	1029	1030	1031	1032	1033	1034	1035	1036	1038	1041	1042	1043	1044	1045	1046	1047	1049	1050	1051	1052	1053	1054	1055	1057	1058	1059	1060	1061	1062	1063	1064	1065	1066	1067	1068	1070	1071	1072	1073	1074	1075	1081	1083	1085	1086	1087	1088	1089	1090	
22	22	89	1001	1002	1003	1004	1006	1007	1008	1009	1010	1011	1012	1013	1014	1015	1016	1017	1018	1019	1020	1021	1022	1023	1024	1025	1026	1027	1028	1029	1030	1031	1032	1033	1034	1035	1036	1037	1038	1039	1040	1041	1042	1043	1044	1045	1046	1047	1048	1049	1050	1051	1052	1053	1054	1055	1056	1057	1058	1059	1060	1061	1062	1063	1064	1065	1066	1067	1068	1069	1070	1071	1072	1073	1074	1075	1076	1077	1078	1079	1080	1081	1082	1083	1084	1085	1086	1087	1088	1089	1090	
23	23	21	1008	1012	1019	1020	1023	1028	1031	1034	1038	1045	1053	1062	1072	1074	1078	1081	1083	1084	1085	1088	1089	
24	24	38	1001	1002	1003	1015	1019	1021	1022	1023	1025	1031	1034	1036	1038	1040	1042	1043	1044	1046	1048	1050	1052	1054	1056	1059	1066	1069	1070	1071	1073	1077	1079	1080	1082	1083	1084	1086	1088	1090	
25	25	72	1001	1002	1003	1004	1005	1006	1007	1009	1011	1013	1014	1015	1016	1018	1020	1021	1022	1023	1024	1025	1026	1027	1028	1030	1031	1033	1034	1035	1036	1037	1038	1039	1041	1043	1046	1047	1048	1049	1050	1051	1052	1053	1054	1055	1056	1057	1058	1060	1061	1062	1064	1065	1066	1067	1068	1069	1070	1072	1075	1076	1077	1078	1079	1080	1081	1082	1083	1086	1087	1088	1089	1090	
26	26	64	1001	1003	1004	1005	1006	1007	1008	1010	1011	1012	1013	1014	1015	1018	1019	1020	1021	1024	1025	1026	1029	1030	1031	1032	1033	1034	1037	1038	1039	1040	1041	1042	1044	1045	1046	1048	1049	1050	1052	1053	1054	1056	1058	1059	1061	1062	1063	1065	1066	1067	1068	1069	1070	1071	1073	1074	1076	1077	1080	1084	1086	1087	1089	1090	
27	27	44	1004	1005	1006	1007	1009	1010	1011	1013	1014	1019	1020	1023	1025	1026	1028	1030	1035	1037	1038	1039	1040	1041	1042	1044	1047	1049	1051	1052	1058	1059	1061	1063	1064	1065	1068	1069	1070	1072	1074	1078	1082	1085	1088	1090	
28	28	53	1001	1002	1003	1004	1005	1006	1007	1008	1009	1012	1014	1015	1016	1017	1018	1019	1021	1022	1023	1025	1028	1029	1030	1031	1032	1033	1035	1036	1037	1038	1039	1040	1043	1044	1045	1046	1047	1049	1051	1052	1054	1055	1058	1062	1068	1072	1076	1081	1082	1084	1085	1087	1090	
29	29	85	1001	1002	1003	1004	1005	1006	1007	1008	1009	1010	1011	1012	1013	1014	1015	1016	1017	1019	1020	1021	1022	1023	1024	1025	1026	1027	1029	1030	1031	1032	1033	1034	1035	1036	1037	1038	1039	1040	1041	1042	1043	1044	1045	1046	1047	1048	1049	1050	1051	1053	1055	1056	1057	1058	1059	1060	1061	1062	1063	1064	1065	1066	1067	1069	1070	1071	1072	1073	1074	1075	1076	1077	1078	1079	1080	1081	1082	1083	1084	1085	1086	1087	1088	1089	1090	
30	30	85	1001	1002	1003	1004	1005	1006	1007	1008	1009	1010	1011	1012	1013	1014	1015	1016	1017	1018	1020	1021	1022	1023	1024	1025	1026	1027	1028	1029	1030	1031	1032	1033	1034	1035	1036	1037	1038	1039	1040	1041	1042	1043	1044	1045	1046	1048	1050	1051	1052	1053	1054	1055	1056	1057	1058	1059	1060	1062	1063	1064	1065	1066	1067	1068	1069	1070	1071	1072	1073	1074	1075	1076	1078	1079	1080	1081	1082	1083	1084	1085	1086	1087	1088	1089	1090	
31	31	87	1001	1002	1003	1005	1006	1007	1008	1009	1010	1011	1012	1013	1014	1015	1016	1017	1018	1019	1020	1021	1022	1023	1024	1025	1026	1027	1028	1029	1030	1031	1032	1033	1034	1035	1036	1037	1038	1039	1040	1041	1042	1043	1044	1045	1046	1047	1048	1049	1050	1051	1052	1053	1054	1055	1056	1057	1059	1060	1061	1062	1063	1064	1065	1066	1067	1068	1069	1070	1071	1073	1074	1075	1076	1077	1078	1079	1080	1081	1082	1083	1084	1085	1086	1087	1088	1089	1090	
32	32	44	1007	1008	1009	1010	1011	1012	1013	1020	1023	1025	1026	1027	1028	1029	1030	1032	1034	1035	1039	1043	1044	1045	1046	1047	1048	1050	1051	1052	1058	1060	1063	1065	1066	1068	1070	1073	1074	1078	1079	1083	1085	1086	1087	1088	
33	33	66	1002	1003	1005	1006	1007	1008	1009	1010	1011	1012	1013	1015	1016	1017	1018	1019	1020	1021	1023	1025	1026	1027	1029	1030	1031	1033	1035	1036	1037	1039	1040	1041	1043	1044	1045	1046	1049	1050	1051	1054	1056	1057	1058	1060	1061	1063	1065	1067	1068	1069	1070	1071	1073	1074	1075	1076	1077	1079	1080	1082	1083	1084	1085	1086	1088	1089	
34	34	55	1001	1002	1004	1005	1006	1009	1010	1012	1013	1015	1017	1021	1022	1023	1025	1026	1027	1028	1030	1033	1034	1035	1036	1037	1041	1043	1044	1045	1047	1049	1050	1051	1052	1053	1054	1055	1057	1058	1060	1063	1064	1065	1066	1067	1069	1070	1075	1080	1081	1083	1084	1086	1087	1089	1090	
35	35	84	1001	1002	1003	1005	1006	1007	1009	1010	1011	1012	1013	1014	1015	1016	1017	1018	1019	1020	1021	1022	1023	1025	1026	1027	1028	1029	1031	1032	1033	1035	1036	1037	1038	1039	1040	1041	1042	1043	1044	1045	1046	1047	1048	1049	1050	1051	1052	1053	1054	1055	1056	1057	1058	1059	1060	1061	1062	1063	1064	1065	1066	1067	1068	1069	1070	1071	1072	1073	1074	1076	1077	1078	1079	1080	1081	1082	1083	1084	1085	1086	1087	1088	1089	1090	
36	36	77	1001	1002	1003	1004	1005	1006	1007	1008	1009	1010	1011	1012	1013	1014	1015	1016	1017	1018	1019	1020	1021	1022	1023	1024	1027	1028	1029	1030	1031	1032	1033	1034	1035	1036	1038	1039	1041	1042	1043	1044	1045	1047	1048	1049	1050	1051	1052	1053	1054	1055	1056	1057	1058	1059	1060	1062	1063	1066	1067	1068	1069	1071	1072	1073	1075	1076	1077	1078	1081	1082	1084	1085	1086	1087	1088	1089	1090	
37	37	56	1002	1003	1005	1006	1008	1010	1011	1014	1015	1016	1017	1019	1021	1022	1023	1024	1025	1026	1027	1029	1031	1032	1033	1034	1035	1038	1041	1044	1045	1047	1048	1049	1050	1052	1054	1055	1056	1057	1058	1059	1061	1062	1063	1065	1066	1067	1070	1073	1076	1077	1081	1082	1083	1084	1088	1090	
38	38	62	1001	1003	1004	1006	1007	1008	1009	1010	1012	1014	1015	1016	1018	1020	1021	1022	1024	1026	1027	1029	1030	1032	1033	1034	1035	1036	1037	1038	1040	1041	1042	1043	1045	1046	1050	1053	1054	1055	1056	1057	1061	1062	1064	1065	1066	1068	1069	1070	1072	1073	1074	1077	1078	1080	1081	1082	1083	1085	1086	1087	1088	1090	
39	39	36	1004	1005	1006	1008	1009	1012	1019	1020	1022	1023	1024	1025	1026	1028	1029	1031	1036	1044	1045	1049	1052	1055	1056	1058	1059	1060	1061	1062	1064	1066	1069	1070	1071	1082	1087	1089	
40	40	54	1005	1006	1007	1008	1009	1010	1011	1012	1013	1015	1017	1018	1020	1021	1022	1024	1028	1030	1031	1033	1036	1040	1041	1042	1046	1048	1049	1050	1053	1054	1055	1056	1057	1058	1059	1062	1063	1065	1066	1067	1068	1069	1071	1073	1074	1075	1078	1079	1080	1082	1083	1084	1087	1090	
41	41	22	1005	1007	1010	1016	1020	1023	1025	1026	1029	1032	1033	1037	1048	1049	1050	1055	1061	1068	1073	1082	1086	1090	
42	42	28	1002	1004	1006	1011	1012	1015	1020	1024	1025	1027	1029	1031	1034	1039	1040	1047	1049	1055	1057	1072	1075	1076	1077	1078	1081	1082	1086	1087	
43	43	68	1002	1004	1005	1006	1007	1009	1010	1011	1012	1013	1014	1015	1016	1017	1018	1019	1023	1024	1025	1026	1027	1028	1029	1030	1031	1033	1034	1035	1036	1038	1041	1042	1043	1044	1045	1046	1047	1048	1049	1051	1052	1053	1054	1055	1057	1058	1059	1060	1061	1062	1063	1064	1065	1066	1067	1068	1069	1071	1072	1074	1077	1078	1079	1082	1083	1084	1088	1090	
44	44	81	1001	1002	1003	1004	1005	1007	1008	1009	1010	1011	1012	1013	1014	1016	1017	1018	1019	1020	1021	1022	1023	1024	1025	1027	1028	1029	1030	1031	1032	1033	1034	1036	1037	1039	1041	1042	1043	1044	1045	1046	1047	1048	1049	1050	1051	1052	1053	1054	1055	1056	1057	1058	1059	1060	1061	1062	1063	1064	1065	1066	1067	1068	1069	1070	1071	1072	1073	1074	1076	1077	1078	1079	1080	1081	1082	1084	1085	1086	1087	1088	1090	
45	45	32	1005	1007	1008	1009	1020	1021	1022	1031	1033	1034	1035	1039	1040	1042	1043	1047	1050	1055	1056	1058	1059	1060	1062	1063	1064	1065	1067	1068	1071	1072	1088	1089	
46	46	50	1004	1007	1008	1009	1012	1013	1014	1015	1017	1019	1020	1021	1023	1024	1025	1026	1028	1029	1030	1033	1034	1035	1036	1038	1039	1040	1042	1043	1044	1046	1047	1049	1051	1054	1055	1059	1062	1064	1067	1070	1071	1073	1077	1079	1080	1081	1083	1084	1085	1086	
47	47	46	1001	1007	1008	1009	1010	1011	1012	1013	1015	1019	1020	1024	1025	1030	1031	1034	1036	1037	1038	1040	1041	1044	1045	1046	1047	1048	1050	1051	1055	1058	1061	1062	1065	1066	1068	1073	1076	1077	1079	1080	1081	1082	1083	1084	1088	1090	
48	48	90	1001	1002	1003	1004	1005	1006	1007	1008	1009	1010	1011	1012	1013	1014	1015	1016	1017	1018	1019	1020	1021	1022	1023	1024	1025	1026	1027	1028	1029	1030	1031	1032	1033	1034	1035	1036	1037	1038	1039	1040	1041	1042	1043	1044	1045	1046	1047	1048	1049	1050	1051	1052	1053	1054	1055	1056	1057	1058	1059	1060	1061	1062	1063	1064	1065	1066	1067	1068	1069	1070	1071	1072	1073	1074	1075	1076	1077	1078	1079	1080	1081	1082	1083	1084	1085	1086	1087	1088	1089	1090	
49	49	46	1001	1002	1004	1008	1010	1011	1012	1014	1015	1018	1019	1020	1023	1024	1025	1030	1032	1033	1034	1036	1039	1040	1043	1045	1046	1048	1049	1050	1053	1054	1057	1058	1060	1062	1067	1068	1070	1071	1072	1074	1076	1077	1081	1085	1086	1090	
50	50	26	1001	1008	1009	1011	1014	1015	1017	1019	1022	1023	1026	1030	1031	1040	1050	1051	1059	1061	1063	1070	1074	1077	1078	1083	1085	1090	
51	51	47	1004	1005	1008	1009	1010	1011	1014	1015	1017	1019	1020	1022	1023	1025	1029	1030	1031	1033	1036	1037	1039	1040	1042	1045	1047	1048	1050	1051	1052	1055	1057	1058	1062	1063	1064	1067	1068	1070	1071	1072	1073	1074	1075	1078	1080	1083	1084	
52	52	30	1005	1007	1009	1014	1015	1016	1019	1020	1023	1025	1028	1030	1034	1036	1038	1042	1043	1046	1047	1050	1058	1065	1068	1070	1071	1072	1073	1082	1086	1087	
53	53	69	1002	1003	1004	1005	1006	1007	1008	1009	1010	1011	1012	1014	1016	1018	1019	1021	1022	1023	1024	1025	1026	1027	1028	1029	1032	1033	1034	1035	1036	1037	1038	1039	1040	1041	1042	1044	1045	1047	1048	1049	1050	1052	1053	1055	1057	1059	1061	1062	1063	1064	1065	1069	1071	1073	1074	1075	1076	1077	1079	1080	1081	1083	1084	1085	1086	1087	1088	1089	1090	
54	54	52	1001	1002	1003	1004	1005	1007	1008	1009	1013	1015	1016	1017	1018	1022	1023	1024	1025	1026	1028	1031	1033	1036	1038	1040	1044	1046	1047	1049	1050	1051	1052	1054	1056	1058	1059	1060	1061	1063	1065	1066	1069	1073	1074	1077	1078	1080	1081	1082	1084	1085	1086	1090	
55	55	60	1001	1002	1003	1005	1007	1008	1009	1010	1012	1013	1015	1016	1017	1019	1020	1023	1025	1027	1028	1030	1031	1033	1034	1037	1038	1040	1041	1042	1043	1044	1045	1046	1047	1048	1049	1050	1054	1056	1057	1058	1060	1062	1064	1068	1069	1070	1072	1073	1075	1076	1077	1078	1079	1080	1081	1083	1084	1085	1089	1090	
56	56	77	1001	1003	1004	1005	1006	1007	1008	1010	1011	1012	1013	1014	1015	1016	1017	1018	1019	1020	1021	1022	1023	1024	1025	1026	1027	1028	1030	1031	1032	1033	1034	1035	1036	1038	1039	1040	1042	1043	1044	1045	1046	1047	1048	1049	1050	1051	1052	1053	1054	1055	1056	1057	1058	1060	1062	1063	1064	1065	1067	1068	1070	1071	1072	1073	1074	1075	1076	1077	1079	1080	1081	1082	1085	1087	1088	1089	1090	
57	57	41	1001	1007	1010	1012	1013	1014	1019	1023	1024	1025	1026	1028	1030	1036	1037	1038	1039	1041	1042	1043	1044	1047	1051	1052	1053	1055	1056	1062	1065	1066	1067	1072	1074	1075	1076	1078	1079	1082	1085	1087	1090	
58	58	57	1001	1002	1005	1006	1009	1010	1012	1015	1017	1019	1021	1026	1027	1028	1029	1031	1032	1033	1035	1036	1037	1038	1042	1044	1045	1046	1047	1048	1049	1050	1051	1053	1054	1056	1057	1058	1059	1060	1061	1062	1063	1064	1066	1068	1069	1070	1071	1076	1078	1079	1080	1081	1082	1087	1088	1089	1090	
59	59	66	1001	1002	1003	1004	1006	1008	1009	1011	1015	1016	1019	1021	1023	1024	1025	1026	1027	1028	1029	1030	1031	1032	1033	1034	1035	1036	1039	1040	1041	1042	1045	1046	1047	1048	1050	1051	1052	1054	1055	1057	1058	1059	1060	1061	1063	1065	1066	1068	1069	1070	1071	1072	1073	1076	1077	1078	1079	1080	1081	1083	1084	1086	1087	1088	1089	1090	
60	60	52	1001	1002	1003	1007	1008	1009	1012	1013	1014	1015	1016	1017	1018	1019	1021	1022	1024	1025	1030	1031	1036	1040	1041	1042	1043	1044	1045	1047	1048	1049	1052	1055	1057	1058	1059	1060	1062	1064	1067	1068	1069	1072	1073	1074	1076	1077	1081	1085	1086	1088	1089	1090	
61	61	37	1001	1008	1009	1010	1011	1012	1015	1016	1018	1019	1020	1021	1022	1024	1025	1026	1027	1030	1031	1032	1035	1039	1040	1043	1046	1053	1056	1057	1059	1060	1063	1069	1075	1077	1086	1089	1090	
62	62	27	1002	1006	1013	1015	1019	1024	1025	1027	1029	1033	1037	1041	1045	1047	1048	1051	1066	1067	1068	1069	1073	1075	1076	1081	1083	1089	1090	
63	63	52	1002	1003	1005	1007	1011	1012	1013	1014	1015	1016	1017	1018	1020	1021	1022	1023	1026	1028	1030	1031	1036	1037	1038	1039	1040	1042	1043	1044	1046	1047	1050	1054	1055	1056	1058	1062	1063	1064	1067	1068	1069	1070	1072	1073	1074	1075	1078	1079	1081	1082	1084	1087	
64	64	37	1002	1006	1012	1013	1015	1016	1018	1019	1020	1022	1023	1025	1026	1029	1030	1034	1042	1043	1044	1048	1049	1052	1053	1054	1055	1056	1063	1069	1071	1072	1077	1080	1081	1082	1084	1086	1088	
65	65	72	1001	1002	1003	1006	1007	1008	1010	1011	1012	1013	1014	1017	1018	1019	1021	1022	1025	1026	1028	1029	1030	1032	1033	1034	1035	1036	1037	1038	1039	1040	1041	1042	1044	1045	1046	1047	1048	1049	1050	1051	1052	1053	1054	1055	1056	1057	1058	1059	1060	1061	1062	1063	1064	1065	1066	1068	1071	1072	1073	1074	1076	1078	1079	1080	1081	1083	1084	1086	1087	1088	1089	1090	
66	66	20	1003	1005	1008	1009	1015	1016	1017	1022	1023	1030	1038	1050	1051	1066	1070	1072	1077	1083	1084	1086	
67	67	82	1001	1002	1003	1004	1005	1007	1008	1009	1010	1011	1012	1013	1014	1015	1016	1018	1019	1020	1021	1022	1024	1025	1026	1027	1028	1029	1030	1031	1032	1033	1034	1035	1036	1038	1039	1040	1042	1043	1044	1045	1047	1048	1049	1050	1051	1052	1053	1054	1055	1056	1057	1058	1059	1060	1061	1062	1063	1064	1065	1066	1067	1068	1069	1070	1071	1072	1073	1074	1075	1076	1079	1080	1081	1082	1083	1084	1085	1086	1087	1088	1089	1090	
68	68	49	1001	1003	1004	1005	1007	1008	1009	1010	1012	1013	1014	1015	1021	1022	1023	1024	1026	1027	1029	1034	1035	1036	1038	1040	1044	1045	1047	1050	1051	1052	1053	1054	1055	1060	1065	1066	1067	1068	1071	1072	1074	1075	1076	1077	1083	1085	1086	1087	1089	
69	69	57	1001	1002	1003	1004	1005	1006	1007	1009	1010	1012	1013	1014	1015	1016	1018	1020	1021	1022	1023	1025	1026	1029	1030	1032	1033	1036	1038	1040	1042	1043	1045	1046	1047	1048	1051	1053	1055	1057	1060	1061	1064	1065	1068	1071	1072	1073	1074	1075	1077	1079	1080	1081	1082	1083	1084	1089	1090	
70	70	71	1001	1002	1003	1004	1005	1006	1007	1008	1009	1010	1011	1012	1013	1016	1017	1018	1019	1021	1022	1023	1024	1026	1027	1028	1030	1031	1032	1033	1034	1035	1038	1039	1041	1043	1044	1045	1046	1047	1049	1051	1052	1053	1054	1055	1056	1058	1059	1060	1061	1062	1063	1065	1067	1068	1070	1071	1072	1073	1074	1075	1076	1077	1078	1079	1080	1081	1083	1086	1087	1088	1089	
71	71	29	1007	1008	1009	1014	1015	1016	1018	1024	1025	1027	1028	1030	1037	1044	1046	1047	1048	1051	1053	1055	1056	1058	1060	1063	1066	1069	1074	1086	1088	
72	72	75	1001	1002	1003	1004	1005	1007	1008	1009	1010	1012	1013	1014	1015	1016	1018	1019	1020	1022	1023	1024	1025	1026	1027	1029	1030	1031	1032	1033	1035	1036	1037	1038	1039	1040	1041	1042	1043	1045	1046	1047	1048	1049	1050	1051	1053	1054	1056	1058	1059	1060	1061	1062	1063	1064	1065	1066	1067	1068	1069	1070	1071	1072	1073	1074	1075	1076	1077	1078	1081	1082	1086	1087	1088	1089	1090	
73	73	76	1001	1002	1003	1004	1005	1006	1007	1008	1009	1010	1012	1013	1014	1015	1016	1017	1018	1019	1021	1022	1023	1025	1026	1027	1028	1029	1030	1031	1032	1033	1036	1037	1038	1039	1040	1041	1042	1043	1045	1046	1047	1048	1049	1050	1051	1052	1053	1055	1057	1058	1059	1061	1062	1063	1065	1066	1067	1068	1069	1071	1072	1074	1075	1076	1077	1078	1079	1080	1082	1083	1084	1085	1087	1088	1089	1090	
74	74	52	1001	1004	1006	1010	1011	1014	1015	1016	1017	1019	1020	1025	1026	1027	1029	1030	1031	1032	1034	1035	1036	1039	1040	1041	1043	1044	1045	1049	1050	1053	1055	1056	1058	1059	1061	1062	1063	1067	1068	1069	1070	1073	1075	1076	1078	1079	1080	1081	1082	1084	1086	1089	
75	75	36	1002	1003	1007	1010	1012	1017	1018	1020	1023	1027	1028	1031	1033	1039	1043	1045	1047	1049	1051	1052	1053	1057	1061	1063	1065	1066	1067	1070	1072	1073	1076	1079	1082	1084	1088	1090	
76	76	24	1002	1012	1018	1019	1020	1024	1037	1038	1041	1042	1045	1051	1053	1064	1069	1071	1072	1074	1076	1077	1079	1081	1082	1086	
77	77	20	1001	1005	1023	1024	1025	1026	1033	1034	1035	1041	1047	1052	1054	1057	1060	1064	1071	1074	1077	1078	
78	78	26	1005	1007	1008	1012	1014	1015	1016	1022	1024	1027	1032	1034	1040	1042	1043	1044	1046	1048	1057	1061	1063	1070	1072	1073	1082	1088	
79	79	47	1001	1002	1003	1004	1005	1006	1007	1009	1013	1014	1015	1016	1018	1019	1020	1024	1025	1026	1028	1030	1033	1034	1035	1036	1039	1041	1042	1043	1046	1047	1050	1051	1054	1057	1059	1061	1062	1063	1064	1066	1070	1074	1077	1079	1082	1083	1087	
80	80	45	1002	1003	1007	1011	1012	1013	1014	1015	1019	1021	1022	1023	1024	1025	1029	1030	1034	1036	1037	1041	1044	1046	1049	1053	1054	1055	1058	1061	1064	1066	1069	1071	1072	1073	1074	1078	1079	1080	1081	1085	1086	1087	1088	1089	1090	
81	81	49	1001	1002	1003	1004	1006	1007	1008	1010	1013	1014	1021	1022	1023	1025	1027	1028	1029	1030	1031	1036	1038	1040	1042	1043	1044	1046	1047	1048	1050	1051	1052	1053	1054	1055	1056	1061	1067	1069	1071	1072	1074	1075	1076	1081	1084	1085	1087	1088	1090	
82	82	40	1002	1007	1008	1009	1014	1019	1020	1022	1023	1024	1025	1026	1032	1034	1037	1039	1040	1043	1044	1045	1048	1050	1051	1053	1054	1056	1061	1062	1064	1066	1070	1071	1077	1079	1080	1082	1083	1086	1089	1090	
83	83	26	1004	1005	1007	1008	1019	1021	1022	1031	1032	1034	1036	1039	1046	1049	1052	1059	1063	1068	1070	1071	1072	1077	1081	1086	1087	1088	
84	84	65	1002	1004	1005	1006	1007	1008	1009	1010	1011	1012	1013	1015	1016	1018	1019	1022	1024	1028	1030	1031	1032	1033	1035	1036	1037	1038	1040	1041	1042	1044	1045	1046	1047	1049	1050	1052	1054	1055	1056	1060	1061	1062	1063	1064	1065	1066	1067	1068	1069	1070	1071	1072	1074	1075	1076	1077	1078	1079	1080	1082	1084	1085	1087	1088	1090	
85	85	60	1001	1002	1004	1005	1007	1009	1010	1012	1014	1015	1017	1020	1021	1022	1023	1024	1025	1028	1031	1032	1033	1034	1035	1036	1037	1039	1040	1041	1042	1044	1048	1050	1051	1052	1054	1055	1056	1057	1058	1059	1061	1062	1063	1064	1067	1070	1072	1073	1074	1076	1077	1079	1080	1081	1082	1083	1086	1087	1088	1090	
86	86	25	1001	1006	1008	1009	1010	1011	1017	1028	1031	1036	1037	1042	1053	1055	1062	1063	1066	1071	1073	1078	1079	1080	1081	1086	1089	
87	87	45	1001	1002	1005	1007	1009	1012	1013	1014	1015	1021	1023	1024	1026	1027	1028	1035	1036	1037	1038	1040	1044	1046	1047	1048	1051	1052	1055	1061	1062	1064	1066	1067	1068	1070	1073	1074	1075	1076	1077	1078	1079	1081	1082	1085	1087	
88	88	25	1003	1004	1008	1013	1014	1015	1017	1024	1026	1033	1034	1044	1045	1047	1048	1049	1050	1053	1057	1064	1067	1071	1074	1083	1084	
89	89	57	1001	1003	1005	1006	1008	1009	1010	1011	1012	1015	1016	1018	1019	1020	1021	1022	1023	1024	1025	1031	1032	1033	1034	1036	1038	1039	1040	1041	1043	1044	1047	1048	1050	1051	1052	1053	1054	1055	1057	1058	1061	1067	1069	1070	1072	1073	1074	1075	1078	1081	1082	1083	1085	1086	1088	1089	1090	
90	90	79	1001	1002	1003	1004	1005	1006	1007	1009	1010	1011	1012	1013	1014	1015	1016	1017	1019	1020	1021	1022	1023	1024	1025	1026	1027	1028	1029	1031	1032	1033	1034	1036	1037	1038	1039	1041	1042	1043	1044	1045	1046	1048	1050	1051	1052	1053	1054	1055	1056	1057	1058	1059	1060	1061	1062	1063	1064	1065	1066	1067	1068	1069	1070	1072	1073	1074	1075	1076	1077	1078	1079	1081	1083	1084	1085	1087	1088	1089	1090	
