60
1	1	19	1001	1003	1006	1007	1008	1010	1011	1013	1014	1015	1016	1017	1020	1021	1022	1023	1025	1028	1029	
2	2	29	1001	1002	1003	1004	1005	1006	1007	1008	1009	1010	1011	1012	1013	1014	1015	1017	1018	1019	1020	1021	1022	1023	1024	1025	1026	1027	1028	1029	1030	
3	3	22	1002	1003	1004	1005	1006	1007	1008	1009	1010	1011	1012	1013	1015	1018	1019	1020	1021	1024	1025	1027	1029	1030	
4	4	9	1002	1005	1006	1008	1010	1011	1012	1016	1018	
5	5	21	1001	1002	1003	1006	1007	1008	1009	1010	1012	1015	1016	1017	1019	1021	1022	1023	1024	1025	1026	1027	1029	
6	6	19	1001	1002	1004	1006	1007	1009	1010	1012	1013	1016	1018	1019	1020	1021	1022	1023	1025	1028	1030	
7	7	17	1001	1002	1005	1007	1010	1011	1014	1015	1016	1022	1023	1024	1026	1027	1028	1029	1030	
8	8	20	1001	1002	1003	1005	1006	1008	1011	1012	1013	1014	1018	1019	1020	1021	1023	1024	1026	1027	1028	1030	
9	9	21	1001	1003	1005	1006	1007	1008	1009	1010	1012	1013	1014	1015	1016	1017	1018	1020	1021	1025	1026	1028	1030	
10	10	17	1001	1002	1003	1004	1005	1006	1012	1014	1015	1017	1020	1021	1022	1026	1027	1028	1030	
11	11	15	1001	1002	1003	1005	1006	1011	1012	1015	1018	1019	1023	1024	1025	1026	1030	
12	12	11	1001	1002	1003	1006	1007	1012	1013	1014	1017	1021	1024	
13	13	7	1005	1016	1017	1018	1022	1023	1026	
14	14	21	1002	1003	1004	1005	1006	1007	1008	1009	1011	1012	1015	1017	1018	1020	1022	1024	1025	1027	1028	1029	1030	
15	15	17	1001	1003	1004	1006	1009	1010	1011	1013	1016	1017	1018	1020	1024	1025	1026	1028	1029	
16	16	18	1002	1004	1005	1006	1007	1008	1009	1010	1012	1013	1015	1018	1023	1026	1027	1028	1029	1030	
17	17	19	1001	1002	1003	1007	1008	1009	1011	1012	1017	1018	1020	1021	1022	1023	1024	1025	1028	1029	1030	
18	18	16	1002	1003	1006	1007	1010	1011	1012	1014	1015	1016	1017	1018	1020	1022	1027	1030	
19	19	11	1001	1002	1004	1005	1007	1008	1016	1023	1024	1027	1029	
20	20	9	1001	1008	1012	1015	1016	1018	1019	1026	1028	
21	21	25	1001	1002	1004	1005	1006	1007	1008	1009	1010	1011	1012	1013	1014	1015	1018	1019	1020	1021	1022	1023	1024	1025	1026	1029	1030	
22	22	12	1001	1002	1003	1004	1005	1007	1010	1013	1016	1019	1021	1025	
23	23	29	1001	1002	1003	1004	1005	1006	1007	1008	1009	1010	1011	1012	1013	1014	1015	1016	1017	1018	1019	1020	1021	1023	1024	1025	1026	1027	1028	1029	1030	
24	24	19	1001	1004	1005	1006	1007	1008	1009	1010	1011	1014	1017	1019	1020	1022	1024	1026	1027	1028	1030	
25	25	18	1001	1005	1006	1007	1008	1009	1010	1011	1012	1013	1015	1023	1025	1026	1027	1028	1029	1030	
26	26	15	1002	1004	1008	1009	1010	1011	1012	1013	1014	1016	1017	1025	1028	1029	1030	
27	27	25	1003	1004	1005	1007	1008	1009	1010	1011	1012	1013	1014	1016	1018	1019	1020	1021	1022	1023	1024	1025	1026	1027	1028	1029	1030	
28	28	25	1001	1003	1004	1005	1006	1007	1008	1010	1012	1013	1015	1016	1017	1018	1019	1020	1021	1022	1023	1024	1025	1026	1027	1029	1030	
29	29	29	1002	1003	1004	1005	1006	1007	1008	1009	1010	1011	1012	1013	1014	1015	1016	1017	1018	1019	1020	1021	1022	1023	1024	1025	1026	1027	1028	1029	1030	
30	30	9	1003	1004	1005	1006	1013	1016	1025	1027	1029	
31	31	28	1001	1002	1004	1005	1006	1007	1008	1009	1010	1011	1012	1013	1014	1015	1016	1017	1018	1019	1020	1021	1022	1023	1025	1026	1027	1028	1029	1030	
32	32	23	1002	1003	1004	1005	1006	1007	1008	1009	1011	1012	1013	1014	1015	1016	1017	1018	1020	1021	1023	1024	1026	1028	1030	
33	33	23	1001	1002	1003	1004	1007	1008	1009	1010	1011	1014	1015	1016	1017	1018	1019	1021	1022	1023	1024	1025	1026	1027	1030	
34	34	19	1001	1003	1004	1005	1006	1007	1008	1011	1013	1014	1015	1017	1019	1020	1021	1022	1023	1026	1027	
35	35	22	1001	1002	1003	1004	1006	1007	1008	1010	1011	1012	1013	1015	1017	1018	1019	1021	1022	1023	1025	1026	1028	1030	
36	36	9	1003	1006	1011	1022	1023	1024	1025	1026	1028	
37	37	9	1002	1005	1006	1008	1014	1015	1017	1021	1026	
38	38	15	1002	1003	1004	1006	1008	1010	1011	1013	1015	1020	1021	1023	1027	1028	1030	
39	39	17	1001	1004	1005	1007	1008	1009	1010	1011	1013	1015	1016	1021	1022	1024	1025	1026	1028	
40	40	19	1002	1003	1004	1007	1009	1010	1011	1013	1014	1015	1016	1017	1018	1021	1023	1025	1026	1029	1030	
41	41	28	1001	1002	1003	1004	1005	1006	1009	1010	1011	1012	1013	1014	1015	1016	1017	1018	1019	1020	1021	1022	1023	1024	1025	1026	1027	1028	1029	1030	
42	42	8	1003	1009	1011	1012	1017	1022	1023	1027	
43	43	23	1001	1004	1005	1007	1008	1011	1012	1013	1015	1016	1017	1018	1019	1020	1021	1022	1023	1024	1025	1027	1028	1029	1030	
44	44	15	1001	1002	1005	1008	1009	1010	1018	1020	1022	1023	1025	1027	1028	1029	1030	
45	45	25	1002	1003	1004	1005	1006	1008	1010	1011	1012	1013	1014	1015	1016	1018	1019	1020	1021	1022	1023	1024	1025	1026	1027	1029	1030	
46	46	18	1002	1006	1007	1008	1010	1011	1012	1014	1015	1017	1019	1020	1022	1024	1025	1026	1027	1029	
47	47	13	1002	1004	1005	1006	1009	1010	1015	1017	1019	1023	1024	1025	1027	
48	48	16	1003	1004	1006	1009	1011	1013	1015	1016	1018	1019	1020	1022	1024	1025	1027	1028	
49	49	8	1002	1004	1007	1013	1017	1019	1022	1030	
50	50	28	1002	1003	1004	1005	1006	1007	1008	1009	1010	1011	1012	1013	1014	1015	1016	1017	1018	1019	1020	1022	1023	1024	1025	1026	1027	1028	1029	1030	
51	51	13	1002	1007	1008	1009	1010	1013	1016	1017	1018	1020	1022	1023	1030	
52	52	12	1002	1004	1006	1008	1010	1016	1017	1020	1021	1025	1026	1027	
53	53	13	1002	1003	1004	1005	1009	1013	1016	1017	1020	1021	1024	1027	1028	
54	54	7	1003	1010	1014	1017	1020	1028	1030	
55	55	12	1004	1008	1010	1011	1016	1021	1022	1023	1024	1026	1027	1029	
56	56	7	1001	1002	1008	1009	1013	1016	1019	
57	57	26	1001	1003	1004	1006	1007	1009	1010	1011	1012	1013	1014	1015	1016	1017	1018	1019	1020	1021	1022	1024	1025	1026	1027	1028	1029	1030	
58	58	28	1001	1002	1003	1004	1005	1006	1007	1009	1010	1011	1012	1013	1015	1016	1017	1018	1019	1020	1021	1022	1023	1024	1025	1026	1027	1028	1029	1030	
59	59	15	1003	1009	1010	1012	1014	1017	1019	1020	1022	1023	1025	1026	1028	1029	1030	
60	60	26	1001	1002	1003	1004	1005	1007	1008	1009	1010	1011	1012	1013	1014	1015	1017	1018	1019	1020	1022	1023	1024	1025	1027	1028	1029	1030	
