120
1	1	100	1002	1005	1007	1008	1009	1010	1013	1014	1015	1016	1019	1020	1021	1022	1025	1026	1027	1028	1030	1033	1034	1036	1037	1038	1041	1042	1043	1044	1046	1047	1048	1051	1054	1056	1057	1061	1062	1063	1067	1068	1069	1070	1072	1073	1077	1079	1080	1083	1084	1086	1087	1088	1089	1090	1092	1093	1095	1097	1099	1101	1103	1104	1105	1108	1110	1111	1112	1113	1114	1115	1116	1117	1118	1122	1123	1125	1128	1129	1130	1132	1133	1135	1136	1137	1138	1139	1140	1141	1144	1148	1151	1152	1158	1159	1163	1164	1175	1177	1179	1180	
2	2	118	1001	1002	1003	1004	1005	1007	1008	1009	1010	1011	1014	1015	1016	1017	1018	1019	1021	1022	1023	1024	1027	1029	1031	1032	1033	1035	1036	1037	1038	1039	1040	1041	1042	1043	1045	1046	1047	1048	1049	1050	1051	1052	1053	1056	1057	1058	1061	1062	1064	1066	1068	1071	1073	1074	1075	1076	1077	1079	1080	1081	1082	1083	1084	1085	1087	1088	1089	1092	1093	1094	1095	1098	1099	1101	1104	1106	1107	1108	1109	1110	1111	1114	1117	1119	1120	1121	1123	1124	1125	1126	1127	1129	1132	1133	1137	1140	1142	1143	1144	1147	1148	1149	1150	1155	1156	1157	1160	1163	1167	1168	1169	1170	1171	1173	1175	1177	1178	1179	
3	3	114	1001	1003	1009	1010	1011	1013	1016	1017	1022	1025	1026	1028	1029	1030	1031	1032	1035	1037	1039	1040	1044	1045	1046	1047	1049	1050	1051	1052	1053	1056	1057	1058	1059	1061	1062	1063	1064	1067	1068	1070	1071	1073	1075	1076	1077	1078	1082	1084	1085	1086	1087	1089	1094	1095	1097	1098	1100	1101	1103	1104	1105	1106	1107	1109	1110	1111	1112	1114	1115	1116	1117	1118	1120	1121	1124	1125	1126	1128	1130	1131	1133	1134	1135	1136	1137	1138	1140	1142	1143	1144	1145	1146	1147	1148	1149	1150	1153	1155	1157	1158	1160	1161	1163	1164	1165	1166	1167	1169	1170	1171	1172	1173	1174	1179	
4	4	142	1001	1003	1004	1006	1007	1008	1009	1010	1011	1012	1014	1015	1017	1018	1019	1020	1021	1022	1024	1026	1027	1028	1029	1031	1032	1033	1034	1035	1036	1037	1039	1040	1041	1043	1044	1045	1046	1047	1050	1051	1052	1053	1054	1055	1056	1059	1061	1062	1063	1064	1065	1066	1067	1068	1069	1070	1071	1073	1074	1075	1076	1077	1078	1079	1080	1081	1083	1084	1085	1087	1088	1090	1091	1092	1093	1094	1095	1096	1097	1098	1099	1101	1102	1103	1104	1105	1106	1107	1112	1115	1116	1117	1118	1119	1120	1121	1122	1123	1124	1125	1126	1127	1128	1130	1131	1132	1133	1134	1137	1138	1142	1143	1144	1146	1147	1149	1150	1151	1152	1153	1154	1156	1157	1158	1160	1161	1162	1163	1164	1165	1166	1167	1168	1169	1171	1172	1173	1174	1176	1177	1179	1180	
5	5	73	1001	1003	1006	1008	1010	1014	1016	1018	1019	1020	1027	1029	1030	1031	1036	1037	1039	1043	1045	1046	1049	1050	1051	1052	1058	1059	1061	1062	1064	1068	1069	1071	1072	1075	1077	1079	1082	1084	1085	1086	1087	1089	1091	1096	1097	1099	1101	1103	1105	1106	1107	1108	1109	1110	1112	1115	1121	1124	1128	1130	1131	1132	1135	1140	1148	1149	1151	1156	1164	1166	1170	1176	1179	
6	6	114	1001	1002	1004	1006	1008	1010	1013	1015	1016	1018	1019	1020	1021	1022	1023	1025	1027	1028	1029	1030	1031	1032	1033	1036	1037	1038	1039	1040	1043	1044	1045	1046	1047	1048	1053	1054	1055	1056	1057	1058	1059	1061	1063	1064	1066	1067	1068	1072	1074	1075	1077	1080	1081	1082	1083	1084	1085	1086	1087	1088	1089	1092	1093	1095	1097	1099	1100	1102	1105	1106	1107	1109	1110	1111	1112	1113	1114	1115	1118	1121	1123	1125	1126	1127	1128	1129	1130	1132	1135	1137	1138	1139	1140	1142	1144	1148	1149	1152	1153	1154	1155	1156	1157	1160	1161	1162	1166	1167	1169	1171	1174	1175	1177	1178	
7	7	176	1001	1002	1003	1004	1005	1006	1007	1008	1009	1010	1011	1012	1013	1014	1015	1016	1017	1018	1019	1020	1021	1022	1023	1025	1026	1027	1028	1029	1030	1031	1032	1033	1034	1035	1036	1037	1038	1039	1040	1041	1042	1043	1044	1045	1046	1047	1048	1049	1050	1052	1053	1054	1055	1056	1057	1058	1059	1060	1061	1062	1063	1064	1065	1066	1067	1068	1069	1070	1071	1072	1073	1074	1075	1076	1077	1078	1079	1080	1081	1082	1083	1084	1085	1086	1087	1088	1089	1090	1091	1092	1093	1094	1095	1096	1097	1098	1099	1100	1101	1102	1103	1104	1105	1106	1107	1108	1109	1110	1111	1112	1114	1115	1116	1117	1118	1119	1120	1121	1122	1123	1124	1125	1126	1127	1128	1129	1130	1131	1132	1133	1134	1135	1136	1137	1138	1139	1140	1141	1142	1143	1144	1145	1146	1147	1148	1149	1150	1151	1152	1153	1154	1155	1156	1157	1158	1159	1160	1161	1163	1164	1165	1166	1167	1168	1169	1170	1171	1172	1173	1174	1175	1176	1177	1178	1179	1180	
8	8	174	1001	1002	1003	1004	1005	1006	1007	1008	1009	1010	1011	1012	1013	1014	1015	1016	1017	1018	1019	1020	1021	1022	1023	1024	1025	1026	1027	1028	1029	1030	1031	1032	1033	1034	1035	1036	1037	1038	1039	1040	1041	1042	1043	1044	1045	1046	1047	1048	1049	1050	1051	1052	1053	1054	1055	1056	1057	1059	1060	1061	1062	1063	1064	1065	1066	1067	1068	1069	1071	1072	1073	1074	1075	1076	1077	1078	1079	1080	1081	1082	1083	1084	1085	1086	1087	1088	1089	1090	1091	1093	1094	1095	1096	1097	1098	1099	1100	1101	1103	1104	1105	1106	1107	1108	1109	1110	1111	1112	1113	1114	1115	1116	1117	1119	1120	1121	1122	1123	1125	1126	1127	1128	1129	1130	1131	1132	1133	1134	1135	1136	1137	1138	1139	1140	1141	1142	1143	1144	1145	1146	1147	1148	1149	1150	1151	1152	1153	1154	1155	1156	1157	1158	1159	1160	1161	1162	1163	1164	1165	1166	1167	1168	1169	1170	1171	1172	1173	1174	1175	1176	1177	1178	1179	1180	
9	9	117	1001	1002	1004	1006	1008	1010	1013	1014	1015	1016	1017	1018	1020	1022	1023	1024	1028	1029	1032	1033	1034	1036	1039	1040	1041	1042	1043	1046	1047	1048	1049	1050	1051	1052	1054	1056	1057	1058	1060	1061	1064	1065	1069	1071	1072	1073	1074	1076	1077	1078	1079	1082	1083	1085	1087	1089	1090	1091	1092	1094	1096	1098	1100	1101	1102	1103	1105	1107	1108	1110	1111	1112	1115	1116	1117	1118	1119	1122	1123	1124	1125	1126	1127	1130	1131	1132	1133	1134	1135	1136	1137	1139	1140	1141	1142	1143	1144	1145	1147	1148	1150	1152	1153	1155	1161	1162	1163	1164	1167	1168	1170	1171	1172	1175	1176	1178	1179	
10	10	53	1001	1013	1014	1015	1016	1020	1021	1022	1023	1027	1031	1040	1041	1044	1046	1052	1055	1059	1060	1063	1066	1067	1068	1072	1075	1077	1080	1099	1102	1105	1111	1112	1113	1116	1118	1119	1123	1124	1125	1127	1135	1141	1142	1146	1149	1151	1153	1160	1163	1168	1171	1172	1174	
11	11	88	1001	1003	1007	1012	1013	1014	1016	1017	1018	1019	1021	1022	1023	1028	1029	1032	1033	1034	1037	1041	1044	1045	1046	1047	1049	1051	1053	1054	1058	1059	1060	1062	1066	1070	1073	1076	1078	1082	1083	1086	1090	1091	1093	1096	1098	1106	1108	1109	1110	1113	1114	1118	1120	1122	1124	1125	1127	1128	1129	1130	1131	1132	1133	1135	1136	1137	1138	1142	1144	1145	1148	1150	1152	1153	1156	1157	1158	1160	1162	1163	1167	1168	1172	1173	1174	1175	1178	1180	
12	12	102	1001	1005	1006	1007	1009	1010	1012	1013	1015	1018	1019	1024	1026	1027	1029	1034	1035	1039	1044	1045	1046	1048	1049	1050	1051	1052	1053	1054	1057	1058	1059	1060	1061	1063	1064	1065	1066	1067	1070	1072	1073	1074	1077	1078	1079	1080	1081	1087	1088	1089	1090	1091	1093	1095	1097	1098	1101	1103	1104	1109	1110	1111	1112	1113	1114	1115	1116	1117	1119	1120	1123	1128	1129	1131	1132	1133	1134	1137	1138	1139	1141	1142	1145	1146	1151	1153	1154	1155	1156	1157	1158	1159	1160	1162	1164	1165	1168	1169	1170	1172	1177	1180	
13	13	119	1001	1002	1003	1005	1006	1007	1008	1012	1018	1019	1022	1023	1025	1026	1028	1029	1032	1033	1034	1035	1036	1037	1038	1039	1040	1042	1044	1048	1052	1055	1056	1057	1058	1062	1063	1064	1065	1066	1067	1068	1069	1072	1074	1075	1076	1077	1078	1080	1081	1083	1084	1085	1087	1088	1089	1090	1091	1092	1093	1094	1095	1096	1097	1098	1100	1101	1102	1103	1104	1105	1106	1107	1108	1109	1111	1112	1113	1114	1119	1120	1121	1127	1128	1129	1131	1132	1133	1134	1136	1140	1141	1142	1143	1147	1148	1149	1150	1151	1152	1154	1156	1157	1158	1159	1161	1162	1163	1164	1165	1166	1167	1169	1172	1173	1174	1175	1176	1177	1180	
14	14	42	1001	1002	1005	1011	1016	1025	1030	1034	1041	1042	1052	1054	1058	1061	1074	1077	1078	1081	1094	1102	1104	1106	1107	1116	1119	1120	1123	1124	1127	1141	1146	1147	1149	1151	1154	1155	1159	1162	1170	1171	1176	1179	
15	15	133	1001	1002	1003	1009	1010	1011	1012	1015	1017	1018	1019	1021	1022	1023	1024	1025	1027	1028	1029	1030	1031	1034	1035	1037	1038	1039	1040	1041	1042	1043	1044	1047	1048	1049	1050	1051	1052	1053	1054	1055	1056	1057	1059	1060	1061	1063	1064	1065	1066	1067	1068	1069	1070	1071	1072	1073	1074	1075	1076	1077	1078	1079	1080	1081	1082	1084	1085	1086	1087	1088	1089	1090	1092	1093	1095	1096	1099	1100	1101	1102	1105	1106	1107	1110	1111	1112	1113	1114	1115	1116	1117	1118	1121	1122	1124	1125	1128	1130	1131	1132	1135	1137	1139	1140	1141	1143	1144	1145	1146	1147	1149	1150	1151	1152	1153	1155	1157	1160	1161	1162	1163	1164	1165	1166	1167	1168	1170	1172	1173	1175	1176	1178	1180	
16	16	149	1001	1002	1003	1004	1005	1006	1008	1009	1010	1011	1012	1013	1016	1017	1018	1020	1021	1023	1024	1025	1026	1027	1028	1029	1030	1031	1032	1033	1034	1035	1036	1037	1038	1039	1040	1041	1042	1043	1044	1045	1046	1047	1050	1051	1052	1054	1055	1056	1057	1058	1059	1060	1061	1063	1064	1065	1067	1068	1069	1070	1071	1073	1074	1075	1077	1078	1080	1081	1083	1084	1085	1086	1088	1089	1091	1092	1093	1094	1095	1096	1097	1098	1100	1101	1102	1103	1104	1105	1106	1107	1110	1111	1112	1114	1116	1117	1118	1119	1120	1122	1123	1124	1125	1127	1129	1130	1131	1133	1134	1135	1137	1138	1139	1140	1141	1142	1143	1144	1145	1146	1147	1148	1150	1151	1152	1153	1154	1155	1156	1157	1158	1159	1160	1161	1162	1163	1164	1165	1166	1168	1170	1172	1173	1174	1175	1176	1177	1179	1180	
17	17	55	1002	1003	1013	1016	1017	1018	1032	1034	1039	1040	1042	1043	1049	1061	1064	1065	1070	1084	1085	1087	1088	1091	1098	1100	1103	1108	1110	1111	1113	1116	1118	1119	1122	1124	1126	1130	1134	1135	1142	1143	1144	1146	1148	1149	1151	1152	1154	1156	1157	1167	1170	1171	1176	1177	1179	
18	18	167	1001	1002	1003	1004	1006	1007	1008	1009	1010	1011	1012	1013	1014	1015	1016	1017	1018	1019	1020	1021	1022	1023	1024	1025	1026	1027	1028	1029	1030	1031	1032	1033	1034	1035	1036	1037	1038	1039	1040	1041	1042	1044	1045	1046	1047	1048	1049	1050	1051	1052	1053	1054	1055	1056	1057	1058	1059	1060	1062	1063	1064	1065	1066	1067	1068	1069	1070	1071	1072	1073	1074	1075	1076	1077	1078	1079	1080	1081	1082	1084	1085	1086	1088	1089	1090	1091	1092	1094	1096	1097	1099	1100	1101	1102	1103	1104	1105	1106	1107	1108	1109	1110	1111	1112	1113	1114	1115	1116	1118	1119	1120	1121	1122	1123	1125	1126	1127	1128	1129	1130	1131	1132	1133	1134	1135	1136	1137	1138	1139	1140	1141	1142	1143	1144	1145	1146	1147	1148	1149	1150	1151	1152	1153	1154	1155	1156	1158	1160	1161	1162	1163	1164	1165	1166	1167	1168	1169	1170	1171	1172	1173	1175	1176	1177	1178	1179	1180	
19	19	87	1002	1003	1007	1009	1011	1015	1016	1017	1019	1021	1025	1030	1031	1032	1036	1039	1046	1048	1049	1050	1054	1055	1057	1059	1062	1064	1066	1069	1070	1071	1072	1074	1075	1076	1079	1080	1081	1083	1084	1086	1091	1094	1095	1096	1097	1098	1099	1106	1108	1110	1111	1112	1113	1118	1119	1121	1122	1124	1125	1127	1128	1130	1133	1134	1135	1136	1137	1140	1142	1144	1146	1148	1149	1154	1156	1158	1162	1164	1167	1168	1170	1171	1173	1174	1176	1177	1178	
20	20	92	1003	1004	1005	1006	1013	1015	1017	1019	1020	1021	1022	1026	1028	1030	1031	1034	1036	1041	1045	1046	1047	1050	1053	1054	1055	1056	1057	1059	1062	1063	1066	1067	1068	1072	1074	1075	1078	1082	1086	1090	1091	1093	1094	1095	1096	1100	1101	1103	1104	1105	1106	1109	1110	1112	1114	1115	1116	1117	1123	1127	1128	1129	1131	1132	1135	1136	1137	1139	1140	1141	1143	1145	1146	1151	1152	1153	1154	1156	1157	1158	1159	1160	1162	1163	1165	1167	1169	1171	1172	1173	1174	1178	
21	21	115	1001	1002	1003	1005	1006	1008	1009	1010	1012	1013	1014	1015	1016	1019	1020	1021	1022	1023	1024	1026	1028	1029	1031	1034	1035	1036	1037	1038	1040	1041	1042	1044	1046	1048	1051	1052	1053	1054	1055	1056	1058	1059	1060	1061	1062	1064	1065	1067	1068	1071	1072	1074	1075	1077	1078	1080	1082	1083	1085	1087	1088	1089	1090	1091	1092	1093	1095	1097	1098	1100	1104	1105	1106	1107	1108	1109	1110	1113	1115	1119	1120	1121	1122	1124	1125	1127	1129	1130	1131	1135	1139	1141	1143	1145	1148	1152	1153	1154	1156	1157	1159	1160	1161	1162	1163	1166	1168	1169	1173	1175	1176	1177	1178	1179	1180	
22	22	51	1002	1008	1012	1014	1018	1019	1024	1028	1041	1045	1046	1050	1051	1055	1057	1059	1061	1065	1071	1074	1077	1079	1082	1085	1088	1096	1100	1103	1106	1107	1112	1114	1121	1123	1124	1128	1131	1134	1136	1138	1141	1142	1149	1153	1154	1159	1160	1166	1172	1175	1177	
23	23	178	1001	1002	1003	1004	1005	1006	1007	1008	1009	1010	1012	1013	1014	1015	1016	1017	1018	1019	1020	1021	1022	1023	1024	1025	1026	1027	1028	1029	1030	1031	1032	1033	1034	1035	1036	1037	1038	1039	1040	1041	1042	1043	1044	1045	1046	1047	1048	1049	1050	1051	1052	1053	1054	1055	1056	1057	1059	1060	1061	1062	1063	1064	1065	1066	1067	1068	1069	1070	1071	1072	1073	1074	1075	1076	1077	1078	1079	1080	1081	1082	1083	1084	1085	1086	1087	1088	1089	1090	1091	1092	1093	1094	1095	1096	1097	1098	1099	1100	1101	1102	1103	1104	1105	1106	1107	1108	1109	1110	1111	1112	1113	1114	1115	1116	1117	1118	1119	1120	1121	1122	1123	1124	1125	1126	1127	1128	1129	1130	1131	1132	1133	1134	1135	1136	1137	1138	1139	1140	1141	1142	1143	1144	1145	1146	1147	1148	1149	1150	1151	1152	1153	1154	1155	1156	1157	1158	1159	1160	1161	1162	1163	1164	1165	1166	1167	1168	1169	1170	1171	1172	1173	1174	1175	1176	1177	1178	1179	1180	
24	24	174	1002	1003	1004	1005	1006	1007	1008	1009	1010	1011	1012	1013	1014	1015	1016	1017	1018	1019	1020	1021	1022	1023	1024	1025	1026	1027	1028	1029	1030	1031	1032	1033	1034	1035	1036	1037	1038	1039	1040	1041	1042	1043	1044	1045	1046	1047	1048	1049	1050	1051	1052	1053	1054	1055	1056	1057	1058	1059	1061	1062	1063	1064	1065	1066	1067	1068	1069	1070	1071	1072	1073	1074	1075	1076	1077	1078	1079	1081	1082	1083	1084	1085	1086	1087	1088	1089	1090	1091	1092	1093	1094	1095	1096	1097	1098	1099	1101	1102	1103	1104	1105	1106	1107	1108	1109	1110	1111	1112	1114	1115	1116	1117	1118	1119	1120	1121	1122	1123	1124	1125	1126	1127	1128	1129	1130	1131	1132	1133	1134	1135	1136	1137	1138	1139	1140	1141	1142	1143	1144	1145	1146	1147	1148	1149	1151	1152	1153	1154	1155	1156	1157	1158	1159	1160	1161	1162	1163	1164	1165	1166	1167	1168	1169	1170	1171	1172	1173	1174	1175	1176	1177	1178	1179	1180	
25	25	90	1001	1004	1008	1010	1012	1014	1015	1017	1018	1020	1021	1024	1025	1026	1027	1028	1035	1036	1037	1040	1042	1046	1048	1052	1053	1056	1058	1061	1063	1064	1065	1068	1069	1072	1076	1077	1078	1080	1081	1082	1083	1085	1086	1087	1090	1091	1095	1096	1097	1101	1105	1109	1111	1113	1114	1115	1116	1123	1124	1125	1127	1129	1130	1132	1133	1140	1141	1143	1144	1145	1149	1151	1152	1153	1154	1155	1157	1158	1159	1160	1162	1163	1165	1166	1169	1171	1173	1174	1177	1180	
26	26	44	1002	1008	1009	1010	1012	1016	1017	1024	1025	1027	1028	1030	1033	1034	1044	1053	1055	1062	1066	1069	1074	1079	1094	1095	1096	1097	1100	1103	1108	1110	1117	1118	1120	1123	1126	1128	1130	1137	1139	1143	1153	1154	1171	1180	
27	27	176	1001	1002	1003	1004	1005	1006	1007	1008	1009	1010	1011	1012	1013	1014	1015	1016	1017	1018	1019	1020	1021	1022	1023	1024	1025	1026	1027	1028	1029	1030	1031	1032	1033	1034	1035	1036	1037	1038	1039	1040	1041	1042	1043	1044	1045	1046	1047	1048	1049	1050	1051	1052	1053	1054	1055	1056	1057	1058	1059	1060	1061	1062	1063	1064	1065	1066	1067	1068	1069	1070	1071	1072	1073	1075	1076	1078	1079	1080	1081	1082	1083	1084	1085	1086	1087	1088	1089	1090	1092	1093	1094	1095	1096	1097	1098	1099	1100	1101	1102	1103	1104	1105	1106	1107	1108	1109	1110	1111	1112	1113	1114	1115	1116	1117	1118	1119	1120	1121	1122	1123	1124	1125	1126	1127	1128	1129	1130	1131	1132	1133	1134	1135	1136	1137	1138	1139	1140	1141	1142	1143	1144	1145	1146	1147	1148	1149	1150	1151	1152	1153	1154	1155	1156	1157	1158	1159	1160	1161	1162	1163	1164	1165	1166	1167	1168	1170	1171	1172	1173	1174	1175	1176	1177	1178	1179	1180	
28	28	76	1001	1004	1006	1007	1008	1012	1014	1018	1019	1024	1025	1026	1033	1036	1038	1039	1043	1052	1053	1055	1056	1057	1063	1064	1065	1067	1068	1071	1075	1077	1078	1080	1084	1086	1087	1089	1091	1092	1094	1095	1096	1098	1100	1101	1105	1116	1120	1122	1126	1128	1129	1130	1132	1133	1134	1135	1136	1140	1146	1148	1149	1150	1153	1155	1156	1157	1158	1161	1162	1163	1171	1172	1174	1176	1179	1180	
29	29	57	1001	1006	1011	1013	1015	1018	1020	1027	1029	1030	1032	1036	1041	1042	1050	1051	1060	1061	1062	1063	1073	1074	1077	1081	1088	1098	1101	1103	1104	1107	1110	1115	1116	1119	1121	1123	1124	1127	1128	1129	1134	1135	1136	1137	1142	1148	1153	1154	1155	1158	1163	1164	1166	1169	1173	1174	1178	
30	30	54	1002	1013	1014	1016	1017	1021	1023	1026	1027	1032	1037	1038	1042	1043	1045	1060	1063	1067	1068	1076	1077	1079	1081	1082	1083	1084	1085	1086	1090	1091	1093	1101	1106	1108	1116	1118	1120	1121	1124	1128	1129	1132	1139	1143	1148	1153	1165	1167	1173	1174	1175	1176	1177	1180	
31	31	67	1001	1002	1003	1005	1006	1007	1019	1020	1023	1027	1028	1029	1031	1033	1037	1040	1041	1042	1043	1044	1046	1047	1049	1050	1052	1059	1060	1064	1066	1068	1069	1073	1074	1075	1078	1082	1083	1085	1087	1088	1091	1092	1095	1097	1104	1108	1112	1113	1117	1119	1122	1123	1126	1128	1129	1142	1146	1148	1151	1159	1164	1167	1171	1172	1174	1175	1178	
32	32	68	1002	1003	1005	1006	1007	1009	1010	1014	1016	1019	1025	1026	1028	1033	1040	1041	1043	1044	1046	1048	1049	1051	1052	1055	1059	1062	1063	1064	1065	1069	1075	1076	1078	1081	1082	1084	1086	1087	1091	1094	1098	1102	1104	1106	1108	1109	1111	1115	1116	1121	1125	1128	1129	1135	1137	1138	1140	1143	1144	1145	1148	1150	1157	1159	1162	1163	1170	1174	
33	33	144	1002	1003	1004	1005	1006	1008	1009	1010	1011	1012	1013	1014	1015	1016	1017	1018	1019	1020	1021	1022	1023	1024	1025	1026	1027	1029	1031	1032	1033	1035	1036	1037	1038	1039	1040	1041	1042	1043	1044	1045	1047	1048	1049	1051	1052	1053	1054	1058	1059	1060	1062	1063	1064	1066	1067	1068	1069	1070	1071	1073	1074	1077	1078	1079	1080	1082	1083	1084	1085	1086	1088	1089	1090	1091	1093	1094	1095	1096	1097	1098	1099	1100	1101	1103	1104	1105	1106	1107	1109	1111	1112	1113	1116	1117	1118	1119	1121	1122	1123	1125	1126	1128	1129	1130	1131	1132	1133	1135	1136	1137	1138	1139	1141	1144	1145	1146	1147	1148	1150	1151	1153	1154	1155	1156	1157	1158	1159	1161	1162	1164	1165	1167	1169	1170	1171	1172	1173	1174	1175	1176	1177	1178	1179	1180	
34	34	136	1001	1002	1004	1005	1006	1009	1010	1011	1014	1015	1016	1019	1020	1022	1023	1024	1025	1026	1027	1030	1031	1032	1033	1034	1035	1037	1038	1041	1042	1043	1044	1045	1046	1047	1048	1050	1052	1053	1054	1055	1056	1057	1058	1059	1060	1061	1062	1063	1065	1066	1067	1069	1070	1071	1072	1073	1074	1077	1078	1079	1080	1081	1082	1086	1087	1088	1091	1092	1093	1094	1098	1099	1101	1102	1103	1104	1105	1106	1107	1108	1109	1110	1111	1112	1113	1114	1117	1118	1119	1120	1121	1122	1123	1124	1125	1126	1127	1128	1129	1131	1132	1133	1135	1136	1137	1138	1141	1142	1143	1144	1145	1146	1147	1148	1149	1150	1151	1154	1155	1156	1159	1163	1164	1166	1167	1168	1169	1170	1171	1172	1173	1175	1176	1177	1179	1180	
35	35	53	1001	1002	1005	1007	1009	1013	1014	1020	1023	1027	1035	1037	1043	1045	1048	1049	1051	1055	1057	1060	1063	1065	1067	1068	1072	1081	1082	1083	1084	1088	1089	1090	1091	1094	1097	1100	1103	1104	1105	1111	1115	1120	1129	1130	1132	1135	1148	1160	1161	1170	1176	1178	1179	
36	36	141	1002	1003	1004	1005	1008	1009	1010	1012	1013	1014	1015	1017	1018	1019	1021	1022	1024	1026	1027	1028	1029	1030	1033	1034	1035	1036	1037	1040	1042	1045	1046	1047	1048	1049	1050	1051	1053	1054	1055	1056	1057	1058	1059	1060	1061	1062	1063	1064	1065	1068	1069	1070	1071	1072	1073	1074	1075	1076	1078	1081	1082	1083	1085	1086	1087	1088	1089	1090	1092	1093	1095	1096	1097	1098	1099	1101	1102	1104	1105	1106	1107	1108	1110	1111	1112	1114	1115	1117	1118	1119	1120	1121	1125	1126	1127	1128	1129	1130	1131	1133	1134	1135	1136	1138	1140	1141	1142	1143	1145	1146	1147	1148	1149	1150	1152	1153	1154	1156	1157	1158	1159	1160	1161	1162	1163	1164	1165	1166	1167	1169	1170	1171	1172	1173	1174	1175	1176	1177	1178	1179	1180	
37	37	166	1001	1002	1003	1004	1005	1006	1007	1008	1009	1010	1011	1012	1013	1014	1015	1016	1017	1018	1019	1020	1021	1022	1023	1024	1025	1026	1027	1028	1029	1031	1032	1033	1034	1036	1037	1038	1039	1040	1041	1042	1043	1044	1045	1046	1047	1048	1049	1050	1051	1052	1054	1056	1057	1058	1059	1060	1061	1062	1063	1065	1066	1067	1068	1069	1070	1071	1072	1073	1074	1075	1076	1078	1079	1080	1081	1082	1083	1084	1085	1087	1088	1089	1090	1091	1093	1094	1095	1096	1097	1098	1099	1100	1101	1102	1103	1104	1105	1106	1107	1108	1109	1110	1111	1112	1113	1114	1115	1117	1118	1119	1120	1121	1122	1123	1124	1125	1126	1127	1128	1129	1130	1131	1132	1133	1134	1135	1136	1137	1138	1139	1140	1141	1142	1143	1144	1145	1146	1147	1148	1149	1150	1152	1153	1154	1155	1157	1158	1159	1160	1161	1162	1163	1164	1165	1166	1167	1168	1171	1172	1173	1175	1176	1177	1178	1179	1180	
38	38	47	1002	1004	1006	1010	1015	1021	1023	1025	1041	1044	1046	1048	1055	1058	1063	1066	1068	1082	1083	1091	1094	1099	1101	1102	1105	1108	1110	1118	1124	1126	1128	1131	1140	1151	1152	1153	1155	1161	1162	1163	1164	1165	1167	1169	1173	1176	1177	
39	39	126	1001	1002	1003	1004	1005	1006	1007	1008	1011	1013	1014	1015	1017	1019	1022	1023	1025	1027	1028	1029	1030	1033	1034	1035	1037	1038	1039	1040	1043	1044	1046	1047	1049	1050	1052	1053	1054	1055	1056	1058	1059	1060	1063	1064	1065	1068	1069	1071	1072	1073	1074	1075	1076	1077	1078	1083	1085	1086	1088	1089	1091	1092	1093	1094	1095	1097	1098	1099	1103	1104	1105	1107	1108	1109	1111	1112	1114	1115	1116	1119	1120	1121	1123	1124	1126	1128	1129	1130	1131	1132	1135	1136	1137	1138	1139	1141	1142	1144	1146	1147	1149	1151	1152	1153	1154	1155	1156	1157	1158	1160	1161	1162	1163	1164	1165	1166	1167	1168	1172	1173	1175	1176	1177	1178	1179	1180	
40	40	41	1002	1005	1007	1008	1020	1026	1029	1030	1032	1039	1040	1045	1053	1055	1059	1060	1073	1075	1077	1081	1083	1087	1092	1095	1096	1098	1102	1110	1122	1126	1131	1143	1146	1149	1156	1162	1165	1166	1172	1173	1179	
41	41	87	1001	1002	1003	1004	1007	1011	1013	1015	1016	1019	1020	1023	1024	1026	1034	1036	1037	1038	1039	1040	1046	1048	1051	1053	1055	1056	1058	1060	1061	1062	1063	1064	1067	1068	1074	1075	1077	1078	1079	1080	1085	1087	1089	1091	1092	1094	1095	1102	1103	1106	1107	1111	1116	1121	1122	1123	1124	1126	1128	1130	1131	1135	1137	1138	1142	1143	1144	1145	1146	1147	1148	1149	1150	1151	1155	1157	1160	1163	1165	1167	1168	1170	1173	1175	1178	1179	1180	
42	42	131	1002	1003	1004	1006	1007	1008	1009	1010	1011	1012	1014	1015	1017	1018	1019	1022	1023	1024	1025	1026	1027	1028	1029	1030	1031	1032	1033	1034	1035	1036	1037	1039	1040	1041	1042	1045	1047	1048	1049	1050	1052	1055	1056	1057	1058	1059	1060	1064	1067	1070	1071	1072	1073	1075	1077	1079	1080	1081	1082	1083	1084	1085	1087	1088	1089	1090	1091	1095	1097	1098	1099	1100	1101	1102	1103	1105	1106	1109	1110	1111	1112	1114	1116	1118	1119	1120	1121	1122	1123	1124	1126	1127	1128	1129	1130	1131	1133	1134	1135	1136	1137	1138	1139	1141	1142	1144	1146	1148	1150	1151	1152	1153	1154	1155	1158	1161	1162	1164	1165	1167	1168	1169	1170	1171	1172	1173	1174	1175	1177	1179	1180	
43	43	148	1001	1002	1004	1006	1009	1011	1012	1013	1014	1015	1016	1017	1018	1020	1025	1026	1027	1028	1030	1031	1032	1034	1035	1036	1037	1038	1039	1041	1043	1044	1045	1046	1047	1048	1049	1050	1051	1052	1053	1054	1055	1056	1058	1059	1060	1061	1063	1065	1066	1067	1068	1069	1071	1072	1074	1075	1076	1077	1078	1079	1081	1082	1083	1084	1085	1086	1087	1088	1089	1090	1091	1092	1093	1094	1095	1096	1097	1098	1099	1100	1101	1102	1103	1104	1105	1106	1107	1108	1109	1110	1111	1113	1114	1115	1117	1118	1119	1120	1121	1122	1124	1125	1126	1127	1129	1130	1131	1132	1133	1135	1136	1137	1138	1139	1140	1141	1142	1143	1144	1145	1146	1147	1150	1151	1152	1153	1154	1155	1156	1158	1160	1162	1163	1164	1165	1166	1167	1168	1170	1171	1172	1173	1174	1175	1176	1177	1179	1180	
44	44	96	1001	1002	1004	1005	1006	1007	1008	1010	1013	1015	1016	1017	1020	1022	1024	1025	1027	1028	1029	1030	1031	1033	1034	1041	1042	1044	1045	1047	1051	1053	1056	1057	1058	1059	1060	1063	1064	1065	1069	1071	1072	1074	1075	1076	1080	1082	1083	1086	1088	1091	1095	1098	1103	1104	1106	1107	1108	1113	1114	1118	1120	1121	1122	1124	1127	1128	1129	1130	1131	1132	1134	1136	1137	1139	1140	1144	1145	1150	1151	1152	1153	1154	1156	1159	1160	1162	1163	1164	1165	1166	1168	1170	1172	1173	1178	1180	
45	45	107	1002	1003	1006	1008	1010	1012	1013	1014	1015	1016	1017	1018	1019	1022	1023	1025	1026	1028	1029	1031	1037	1038	1039	1040	1041	1043	1045	1046	1047	1048	1050	1053	1060	1061	1067	1068	1071	1072	1074	1076	1078	1083	1086	1088	1089	1090	1092	1093	1094	1096	1097	1098	1101	1104	1105	1106	1107	1108	1113	1114	1115	1116	1117	1118	1119	1120	1121	1123	1125	1129	1130	1132	1133	1134	1135	1136	1137	1138	1139	1141	1143	1144	1145	1146	1148	1149	1150	1151	1153	1154	1155	1156	1160	1162	1163	1164	1168	1169	1170	1171	1172	1174	1175	1176	1177	1179	1180	
46	46	48	1002	1009	1027	1029	1046	1047	1048	1051	1052	1053	1057	1062	1064	1067	1070	1072	1073	1074	1075	1083	1084	1091	1100	1104	1105	1114	1120	1122	1123	1124	1127	1134	1135	1142	1143	1144	1146	1151	1155	1159	1161	1165	1169	1170	1171	1172	1175	1179	
47	47	73	1001	1003	1004	1006	1007	1009	1010	1011	1014	1015	1016	1018	1020	1021	1026	1030	1032	1033	1034	1035	1037	1040	1044	1046	1048	1050	1054	1056	1061	1065	1073	1076	1078	1082	1088	1092	1098	1100	1101	1103	1104	1107	1109	1110	1111	1114	1117	1118	1119	1126	1127	1131	1133	1134	1136	1137	1141	1142	1144	1145	1147	1149	1150	1151	1152	1153	1156	1160	1162	1164	1165	1167	1179	
48	48	41	1010	1013	1016	1017	1020	1023	1026	1043	1046	1048	1050	1053	1055	1057	1066	1067	1069	1070	1077	1079	1088	1091	1103	1107	1108	1113	1114	1116	1122	1126	1128	1133	1139	1142	1147	1151	1152	1157	1165	1167	1170	
49	49	170	1002	1003	1004	1005	1006	1007	1008	1009	1010	1011	1012	1013	1014	1016	1017	1018	1019	1020	1021	1022	1023	1024	1025	1026	1027	1028	1029	1030	1031	1033	1034	1035	1036	1037	1038	1039	1040	1041	1042	1043	1044	1045	1046	1047	1048	1049	1050	1051	1052	1053	1054	1055	1056	1057	1058	1059	1060	1061	1063	1064	1065	1066	1068	1069	1070	1071	1073	1074	1075	1076	1077	1078	1079	1080	1081	1082	1083	1084	1085	1086	1087	1088	1089	1090	1091	1092	1094	1096	1097	1098	1099	1100	1101	1102	1103	1104	1105	1106	1107	1108	1109	1110	1111	1112	1113	1114	1115	1116	1117	1118	1119	1120	1121	1123	1124	1125	1126	1127	1128	1129	1131	1132	1133	1134	1135	1136	1137	1138	1139	1140	1141	1142	1143	1144	1145	1146	1147	1148	1149	1150	1151	1152	1153	1154	1155	1156	1157	1158	1159	1160	1161	1162	1163	1164	1165	1166	1167	1168	1169	1170	1171	1172	1173	1174	1175	1176	1177	1178	1179	1180	
50	50	102	1001	1002	1003	1004	1005	1006	1007	1009	1012	1013	1017	1020	1021	1024	1029	1032	1033	1035	1036	1041	1042	1043	1045	1046	1048	1049	1050	1051	1052	1054	1055	1058	1059	1060	1061	1062	1064	1065	1066	1067	1068	1071	1073	1076	1077	1078	1079	1080	1081	1083	1084	1085	1087	1089	1091	1092	1093	1094	1095	1096	1098	1101	1102	1103	1104	1105	1106	1108	1109	1110	1111	1112	1113	1114	1120	1121	1124	1125	1129	1130	1133	1135	1137	1140	1141	1143	1147	1150	1152	1155	1156	1160	1161	1163	1165	1166	1168	1170	1175	1177	1178	1179	
51	51	165	1001	1002	1003	1004	1005	1006	1007	1008	1009	1010	1011	1012	1013	1014	1015	1016	1017	1018	1019	1020	1022	1023	1024	1025	1027	1028	1030	1031	1032	1033	1034	1035	1036	1037	1039	1040	1041	1042	1043	1044	1045	1046	1047	1048	1049	1050	1051	1052	1054	1055	1056	1057	1059	1060	1061	1062	1063	1064	1065	1066	1067	1068	1070	1071	1072	1073	1074	1075	1076	1077	1078	1079	1081	1082	1083	1084	1085	1087	1088	1089	1090	1091	1092	1093	1094	1095	1096	1097	1098	1099	1100	1101	1102	1103	1104	1105	1106	1107	1108	1109	1110	1111	1112	1113	1115	1116	1117	1118	1119	1120	1121	1122	1123	1124	1125	1126	1127	1128	1129	1130	1132	1133	1134	1135	1136	1138	1139	1140	1141	1142	1143	1144	1145	1146	1147	1148	1149	1150	1151	1152	1154	1155	1156	1157	1158	1159	1160	1161	1162	1163	1164	1165	1166	1167	1168	1170	1171	1172	1173	1175	1176	1177	1178	1179	1180	
52	52	175	1002	1003	1004	1005	1006	1007	1008	1009	1010	1011	1012	1013	1014	1015	1016	1017	1018	1019	1020	1021	1022	1023	1024	1025	1026	1027	1028	1029	1030	1031	1032	1033	1034	1035	1036	1037	1038	1039	1040	1041	1042	1043	1044	1045	1046	1048	1049	1050	1051	1052	1053	1054	1055	1056	1057	1058	1059	1060	1061	1062	1063	1064	1065	1066	1067	1068	1069	1070	1071	1072	1073	1074	1075	1076	1077	1078	1079	1081	1082	1083	1084	1085	1086	1087	1088	1089	1090	1091	1092	1093	1094	1095	1096	1097	1098	1099	1100	1101	1102	1103	1104	1105	1106	1107	1108	1109	1110	1111	1112	1113	1114	1115	1116	1117	1118	1119	1120	1121	1122	1123	1124	1125	1126	1127	1128	1129	1130	1131	1132	1133	1134	1135	1136	1137	1138	1139	1140	1141	1143	1144	1145	1146	1147	1148	1150	1151	1152	1153	1154	1155	1156	1157	1158	1159	1160	1161	1162	1163	1164	1165	1166	1167	1168	1169	1170	1171	1172	1173	1174	1175	1176	1177	1178	1179	1180	
53	53	135	1001	1002	1003	1006	1007	1008	1009	1010	1011	1012	1015	1016	1017	1018	1019	1020	1022	1023	1024	1025	1026	1027	1028	1029	1030	1032	1033	1034	1035	1037	1038	1040	1041	1042	1043	1044	1046	1049	1050	1052	1055	1056	1057	1058	1059	1060	1061	1063	1064	1065	1066	1067	1068	1071	1074	1076	1077	1078	1079	1080	1081	1082	1083	1084	1086	1087	1090	1091	1095	1099	1100	1101	1102	1103	1104	1105	1106	1107	1109	1110	1112	1113	1115	1117	1118	1120	1121	1122	1123	1124	1125	1126	1127	1128	1129	1130	1131	1132	1134	1135	1136	1137	1138	1139	1140	1141	1142	1143	1145	1146	1147	1148	1149	1151	1153	1155	1156	1158	1159	1161	1162	1163	1165	1166	1167	1168	1169	1170	1172	1174	1175	1176	1178	1179	1180	
54	54	171	1001	1002	1003	1004	1005	1006	1007	1008	1009	1010	1011	1012	1013	1014	1015	1016	1017	1018	1019	1020	1021	1022	1023	1024	1025	1026	1027	1028	1029	1030	1031	1032	1033	1034	1035	1037	1038	1039	1040	1041	1042	1043	1044	1046	1047	1048	1049	1050	1051	1052	1053	1054	1055	1056	1057	1058	1059	1060	1061	1062	1064	1065	1066	1067	1068	1069	1070	1071	1072	1073	1074	1075	1076	1077	1078	1079	1080	1081	1082	1083	1084	1086	1087	1088	1089	1090	1091	1092	1093	1094	1095	1096	1097	1098	1099	1100	1101	1102	1104	1105	1106	1107	1108	1110	1111	1112	1113	1114	1115	1116	1117	1118	1119	1120	1121	1122	1123	1124	1127	1128	1129	1130	1131	1132	1133	1134	1135	1136	1137	1138	1139	1140	1141	1142	1143	1144	1145	1146	1147	1148	1149	1150	1151	1152	1153	1154	1155	1156	1158	1159	1160	1161	1162	1163	1164	1165	1166	1167	1168	1169	1170	1171	1172	1173	1174	1175	1176	1177	1178	1179	1180	
55	55	134	1001	1002	1003	1004	1005	1006	1007	1011	1012	1014	1015	1016	1017	1020	1023	1025	1027	1028	1029	1030	1031	1033	1034	1035	1036	1037	1038	1039	1040	1041	1044	1045	1047	1048	1049	1053	1054	1055	1056	1059	1060	1061	1063	1065	1066	1067	1070	1073	1075	1076	1077	1078	1080	1081	1082	1084	1085	1086	1087	1089	1090	1092	1093	1095	1096	1097	1100	1102	1103	1104	1105	1106	1107	1108	1109	1111	1112	1113	1114	1115	1116	1117	1119	1120	1122	1123	1124	1125	1126	1127	1128	1129	1130	1131	1132	1133	1134	1135	1136	1137	1138	1139	1140	1141	1142	1143	1145	1146	1147	1148	1149	1150	1151	1152	1154	1155	1157	1158	1159	1160	1161	1163	1164	1165	1166	1168	1169	1171	1172	1175	1176	1177	1178	1179	
56	56	129	1001	1002	1003	1004	1005	1008	1010	1012	1013	1014	1016	1018	1019	1020	1021	1022	1023	1024	1026	1027	1030	1032	1034	1035	1036	1037	1038	1040	1041	1042	1044	1045	1046	1048	1049	1052	1053	1054	1056	1058	1059	1060	1061	1063	1064	1065	1066	1067	1068	1070	1071	1072	1073	1074	1075	1077	1078	1079	1080	1081	1082	1083	1086	1087	1088	1090	1092	1093	1095	1097	1098	1099	1101	1105	1106	1107	1109	1110	1111	1113	1114	1115	1117	1118	1119	1120	1121	1124	1125	1128	1129	1130	1131	1132	1133	1134	1136	1137	1138	1139	1140	1141	1142	1145	1146	1147	1148	1149	1151	1152	1153	1154	1155	1156	1158	1159	1160	1161	1162	1163	1165	1167	1168	1169	1170	1173	1176	1179	1180	
57	57	92	1003	1004	1007	1008	1009	1010	1012	1013	1014	1016	1018	1019	1022	1025	1026	1028	1031	1036	1037	1038	1040	1041	1048	1049	1050	1051	1055	1056	1058	1061	1062	1064	1066	1068	1069	1072	1073	1074	1075	1083	1084	1086	1089	1094	1098	1099	1101	1102	1103	1104	1105	1109	1110	1111	1116	1117	1118	1120	1124	1125	1126	1127	1128	1129	1130	1132	1133	1134	1140	1142	1143	1144	1145	1147	1148	1149	1152	1153	1154	1157	1158	1159	1160	1162	1165	1167	1170	1174	1177	1178	1179	1180	
58	58	126	1001	1003	1004	1005	1006	1007	1009	1010	1011	1013	1014	1016	1017	1019	1020	1021	1022	1023	1027	1030	1031	1033	1034	1036	1037	1038	1039	1040	1042	1043	1046	1047	1048	1049	1050	1051	1053	1055	1059	1062	1063	1064	1066	1067	1068	1074	1075	1076	1079	1080	1081	1082	1083	1084	1086	1087	1089	1090	1092	1093	1095	1096	1097	1098	1100	1101	1102	1103	1105	1106	1107	1108	1109	1110	1111	1112	1113	1114	1115	1117	1119	1120	1121	1122	1124	1125	1126	1127	1129	1130	1131	1132	1133	1134	1135	1137	1138	1139	1143	1145	1146	1148	1149	1150	1151	1152	1153	1154	1155	1159	1161	1162	1164	1166	1167	1168	1169	1171	1172	1173	1174	1175	1176	1177	1179	1180	
59	59	113	1002	1004	1005	1006	1008	1009	1010	1011	1013	1014	1017	1020	1021	1023	1024	1025	1026	1027	1028	1031	1032	1034	1038	1039	1042	1044	1045	1046	1048	1049	1050	1051	1053	1055	1056	1057	1059	1060	1061	1062	1063	1064	1069	1071	1074	1076	1077	1080	1082	1084	1085	1086	1090	1091	1093	1096	1097	1098	1099	1100	1103	1105	1106	1108	1110	1111	1112	1114	1115	1116	1118	1119	1122	1124	1125	1126	1127	1129	1130	1131	1132	1134	1136	1137	1138	1139	1140	1142	1143	1145	1147	1148	1149	1151	1152	1153	1154	1155	1156	1157	1160	1161	1162	1163	1164	1165	1166	1170	1171	1172	1173	1179	1180	
60	60	56	1001	1009	1011	1012	1018	1022	1032	1037	1041	1044	1048	1053	1061	1062	1063	1064	1066	1068	1074	1075	1076	1078	1081	1083	1084	1085	1086	1087	1088	1090	1092	1094	1095	1098	1100	1102	1104	1107	1108	1109	1116	1121	1122	1133	1135	1140	1142	1143	1150	1153	1156	1160	1163	1166	1173	1177	
61	61	41	1001	1003	1004	1006	1011	1014	1016	1024	1030	1038	1039	1042	1044	1057	1067	1072	1079	1084	1089	1097	1098	1100	1103	1110	1113	1118	1119	1120	1124	1131	1133	1137	1141	1150	1158	1164	1172	1175	1177	1178	1180	
62	62	144	1001	1002	1003	1004	1005	1006	1007	1008	1009	1014	1015	1016	1017	1018	1020	1021	1022	1024	1025	1026	1027	1028	1029	1030	1031	1033	1034	1035	1037	1038	1039	1040	1041	1042	1043	1044	1046	1047	1048	1049	1050	1051	1052	1053	1056	1057	1058	1060	1061	1062	1064	1065	1066	1070	1071	1072	1073	1075	1076	1077	1078	1079	1081	1082	1083	1084	1086	1088	1089	1090	1091	1092	1093	1094	1096	1097	1098	1099	1100	1101	1102	1103	1105	1106	1108	1109	1110	1111	1113	1115	1116	1117	1118	1119	1120	1121	1122	1123	1124	1126	1128	1130	1131	1132	1133	1134	1135	1137	1138	1139	1140	1141	1142	1143	1144	1145	1146	1147	1148	1149	1151	1152	1153	1154	1155	1157	1158	1160	1161	1162	1163	1165	1166	1168	1169	1170	1171	1172	1173	1174	1175	1177	1178	1179	
63	63	88	1003	1005	1008	1011	1016	1017	1019	1021	1025	1027	1028	1029	1030	1034	1043	1045	1046	1047	1048	1049	1053	1054	1055	1056	1058	1062	1063	1066	1067	1068	1070	1073	1074	1075	1077	1078	1080	1081	1082	1085	1087	1091	1092	1093	1097	1098	1103	1104	1105	1106	1109	1111	1113	1117	1118	1120	1121	1123	1125	1126	1127	1128	1129	1130	1135	1136	1139	1140	1143	1145	1150	1151	1152	1153	1155	1156	1157	1159	1161	1162	1166	1167	1168	1169	1171	1172	1177	1178	
64	64	51	1004	1007	1011	1013	1015	1019	1021	1024	1025	1027	1028	1032	1034	1037	1038	1040	1045	1048	1050	1051	1052	1054	1055	1063	1064	1067	1070	1071	1080	1081	1088	1104	1105	1112	1118	1119	1126	1129	1133	1136	1140	1143	1153	1155	1157	1160	1162	1164	1165	1167	1178	
65	65	80	1002	1003	1006	1012	1015	1016	1017	1019	1020	1023	1024	1026	1030	1033	1034	1035	1039	1041	1042	1043	1044	1048	1049	1054	1056	1061	1062	1067	1072	1073	1074	1075	1077	1078	1079	1080	1081	1090	1091	1093	1094	1096	1097	1099	1103	1110	1112	1114	1116	1118	1120	1122	1123	1124	1125	1128	1131	1135	1137	1138	1140	1142	1143	1144	1149	1150	1152	1153	1156	1157	1160	1162	1165	1167	1169	1171	1173	1175	1176	1180	
66	66	140	1001	1003	1004	1005	1006	1007	1008	1009	1010	1011	1012	1013	1014	1015	1016	1017	1018	1019	1020	1021	1022	1024	1026	1027	1028	1030	1031	1032	1034	1035	1036	1037	1038	1039	1041	1042	1046	1047	1048	1050	1051	1052	1055	1056	1057	1058	1059	1060	1061	1062	1063	1065	1066	1067	1068	1069	1074	1075	1076	1077	1078	1079	1080	1081	1083	1084	1085	1087	1089	1090	1091	1093	1094	1095	1096	1097	1098	1099	1101	1102	1103	1104	1105	1107	1108	1109	1110	1111	1112	1113	1114	1115	1116	1118	1119	1121	1122	1123	1124	1125	1126	1127	1128	1130	1131	1133	1134	1136	1137	1138	1139	1140	1141	1142	1143	1145	1147	1151	1152	1153	1154	1156	1158	1159	1160	1161	1163	1164	1165	1166	1167	1168	1169	1172	1173	1174	1176	1178	1179	1180	
67	67	66	1002	1003	1006	1010	1013	1014	1016	1018	1023	1025	1026	1033	1037	1038	1046	1047	1057	1063	1067	1068	1069	1071	1072	1076	1077	1078	1079	1081	1082	1083	1085	1088	1090	1094	1095	1096	1097	1103	1106	1108	1112	1116	1117	1124	1127	1128	1129	1131	1133	1134	1135	1137	1138	1141	1146	1147	1157	1160	1162	1163	1164	1167	1170	1176	1177	1178	
68	68	150	1001	1002	1003	1004	1005	1006	1007	1008	1009	1010	1011	1012	1013	1014	1015	1016	1017	1018	1019	1020	1021	1022	1023	1024	1025	1027	1028	1029	1031	1032	1034	1035	1036	1037	1038	1040	1041	1043	1044	1045	1046	1047	1048	1049	1051	1052	1053	1054	1055	1056	1057	1058	1059	1060	1061	1062	1063	1064	1065	1066	1067	1068	1069	1070	1071	1072	1073	1075	1077	1078	1079	1080	1081	1082	1083	1084	1085	1086	1088	1089	1090	1091	1093	1094	1096	1097	1098	1100	1101	1103	1104	1107	1108	1109	1111	1113	1114	1115	1116	1117	1119	1120	1122	1123	1124	1125	1126	1128	1129	1130	1131	1132	1133	1134	1135	1136	1137	1140	1141	1142	1143	1144	1145	1146	1147	1148	1150	1152	1153	1154	1155	1156	1157	1158	1159	1160	1162	1165	1166	1167	1168	1169	1170	1171	1172	1174	1175	1177	1178	1179	
69	69	131	1001	1002	1004	1005	1006	1007	1008	1009	1010	1011	1012	1013	1014	1015	1016	1018	1019	1021	1023	1026	1027	1028	1029	1030	1031	1033	1034	1035	1036	1037	1038	1039	1040	1041	1044	1045	1046	1047	1048	1050	1051	1052	1053	1054	1055	1056	1057	1059	1062	1063	1068	1069	1071	1072	1073	1074	1075	1076	1077	1078	1079	1080	1081	1082	1083	1086	1087	1088	1090	1091	1093	1094	1096	1097	1098	1099	1100	1102	1103	1105	1106	1107	1108	1109	1112	1115	1116	1117	1124	1126	1127	1128	1129	1130	1131	1134	1135	1137	1138	1140	1141	1142	1143	1144	1145	1149	1150	1152	1153	1154	1155	1158	1159	1160	1161	1162	1164	1165	1166	1167	1168	1170	1171	1172	1173	1174	1175	1176	1177	1179	1180	
70	70	74	1003	1005	1013	1016	1017	1019	1023	1024	1025	1026	1027	1028	1030	1032	1034	1035	1038	1043	1044	1045	1048	1051	1052	1053	1056	1057	1060	1061	1065	1066	1070	1073	1076	1080	1081	1085	1089	1091	1092	1094	1095	1099	1100	1102	1104	1109	1114	1116	1118	1119	1120	1121	1127	1129	1130	1131	1132	1138	1140	1141	1145	1149	1151	1152	1153	1155	1157	1158	1164	1166	1170	1173	1174	1175	
71	71	95	1002	1003	1006	1007	1008	1009	1010	1011	1012	1014	1015	1016	1019	1021	1024	1025	1027	1030	1031	1033	1034	1035	1038	1041	1043	1044	1046	1050	1051	1054	1055	1058	1061	1062	1063	1068	1069	1073	1074	1075	1077	1078	1079	1084	1085	1089	1096	1097	1099	1103	1105	1106	1108	1110	1111	1113	1114	1115	1116	1117	1118	1119	1121	1126	1127	1128	1131	1132	1134	1137	1138	1141	1142	1144	1146	1148	1151	1152	1153	1154	1156	1157	1159	1161	1165	1166	1167	1168	1170	1172	1173	1174	1175	1176	1179	
72	72	130	1003	1004	1005	1007	1008	1009	1010	1011	1012	1013	1015	1017	1018	1019	1020	1022	1023	1024	1025	1026	1027	1028	1030	1031	1032	1034	1035	1036	1037	1038	1041	1043	1044	1045	1046	1047	1048	1050	1052	1053	1055	1056	1061	1062	1063	1064	1065	1067	1068	1069	1070	1072	1073	1074	1076	1077	1078	1079	1081	1082	1084	1085	1086	1087	1089	1090	1091	1093	1094	1095	1096	1097	1099	1100	1101	1103	1104	1105	1107	1108	1109	1111	1113	1115	1116	1117	1118	1119	1120	1121	1122	1123	1126	1127	1128	1129	1130	1131	1134	1136	1137	1138	1139	1140	1141	1142	1143	1144	1146	1154	1155	1156	1157	1159	1160	1161	1162	1164	1165	1166	1167	1171	1172	1173	1175	1176	1177	1178	1179	1180	
73	73	40	1004	1005	1007	1009	1014	1019	1020	1022	1027	1034	1035	1036	1037	1039	1040	1044	1046	1049	1054	1063	1074	1083	1085	1089	1093	1098	1099	1103	1108	1109	1114	1116	1118	1136	1139	1152	1157	1164	1168	1176	
74	74	69	1001	1002	1005	1009	1010	1011	1012	1013	1018	1022	1024	1028	1031	1038	1040	1045	1052	1053	1057	1058	1060	1064	1065	1070	1074	1076	1078	1079	1080	1085	1087	1091	1092	1094	1097	1101	1102	1106	1107	1108	1109	1110	1112	1120	1121	1124	1126	1127	1132	1134	1136	1138	1139	1140	1145	1149	1153	1154	1157	1160	1161	1162	1166	1168	1170	1175	1177	1178	1180	
75	75	177	1001	1002	1003	1004	1005	1006	1007	1008	1009	1011	1012	1013	1014	1015	1016	1017	1018	1019	1020	1021	1022	1023	1024	1025	1026	1027	1028	1029	1030	1031	1032	1033	1034	1035	1036	1037	1038	1039	1040	1041	1042	1043	1044	1045	1046	1047	1048	1049	1051	1052	1053	1054	1055	1056	1057	1058	1059	1060	1061	1062	1063	1064	1065	1066	1067	1068	1069	1070	1071	1072	1073	1074	1075	1076	1077	1078	1079	1080	1081	1082	1083	1084	1085	1086	1087	1088	1089	1090	1091	1092	1093	1094	1096	1097	1098	1099	1100	1101	1102	1103	1104	1105	1106	1107	1108	1109	1110	1111	1112	1113	1114	1115	1116	1117	1118	1119	1120	1121	1122	1123	1124	1125	1126	1127	1128	1129	1130	1131	1132	1133	1134	1135	1136	1137	1138	1139	1140	1141	1142	1143	1144	1145	1146	1147	1148	1149	1150	1151	1152	1153	1154	1155	1156	1157	1158	1159	1160	1161	1162	1163	1164	1165	1166	1167	1168	1169	1170	1171	1172	1173	1174	1175	1176	1177	1178	1179	1180	
76	76	180	1001	1002	1003	1004	1005	1006	1007	1008	1009	1010	1011	1012	1013	1014	1015	1016	1017	1018	1019	1020	1021	1022	1023	1024	1025	1026	1027	1028	1029	1030	1031	1032	1033	1034	1035	1036	1037	1038	1039	1040	1041	1042	1043	1044	1045	1046	1047	1048	1049	1050	1051	1052	1053	1054	1055	1056	1057	1058	1059	1060	1061	1062	1063	1064	1065	1066	1067	1068	1069	1070	1071	1072	1073	1074	1075	1076	1077	1078	1079	1080	1081	1082	1083	1084	1085	1086	1087	1088	1089	1090	1091	1092	1093	1094	1095	1096	1097	1098	1099	1100	1101	1102	1103	1104	1105	1106	1107	1108	1109	1110	1111	1112	1113	1114	1115	1116	1117	1118	1119	1120	1121	1122	1123	1124	1125	1126	1127	1128	1129	1130	1131	1132	1133	1134	1135	1136	1137	1138	1139	1140	1141	1142	1143	1144	1145	1146	1147	1148	1149	1150	1151	1152	1153	1154	1155	1156	1157	1158	1159	1160	1161	1162	1163	1164	1165	1166	1167	1168	1169	1170	1171	1172	1173	1174	1175	1176	1177	1178	1179	1180	
77	77	156	1001	1002	1003	1004	1005	1006	1007	1009	1010	1012	1013	1014	1015	1017	1018	1019	1020	1021	1022	1023	1025	1027	1029	1030	1031	1032	1033	1034	1035	1036	1037	1038	1039	1040	1042	1043	1044	1045	1046	1047	1048	1049	1051	1052	1053	1054	1055	1056	1057	1058	1059	1060	1061	1062	1063	1064	1065	1066	1068	1070	1071	1072	1073	1074	1075	1076	1077	1078	1079	1080	1081	1082	1083	1084	1085	1086	1087	1088	1089	1090	1091	1093	1094	1095	1096	1097	1098	1101	1103	1104	1105	1106	1107	1108	1109	1110	1111	1112	1113	1114	1115	1117	1118	1119	1120	1122	1123	1124	1125	1126	1127	1128	1129	1130	1131	1132	1133	1135	1136	1137	1138	1139	1140	1142	1143	1144	1145	1146	1147	1148	1149	1150	1151	1152	1153	1154	1156	1157	1158	1159	1160	1161	1162	1163	1165	1166	1169	1170	1171	1172	1173	1175	1177	1178	1179	1180	
78	78	43	1001	1004	1014	1015	1019	1027	1029	1030	1033	1036	1041	1042	1046	1051	1052	1053	1056	1057	1060	1062	1066	1068	1071	1075	1076	1080	1093	1095	1098	1108	1110	1111	1113	1116	1119	1126	1139	1145	1147	1148	1158	1159	1177	
79	79	138	1002	1003	1004	1005	1006	1007	1009	1010	1011	1012	1013	1014	1015	1017	1019	1020	1021	1022	1023	1024	1025	1026	1027	1029	1030	1033	1034	1036	1037	1038	1039	1040	1041	1043	1044	1045	1049	1050	1051	1053	1054	1056	1057	1058	1059	1060	1061	1062	1063	1064	1065	1066	1068	1069	1070	1071	1072	1073	1074	1075	1076	1077	1080	1083	1084	1085	1086	1088	1089	1090	1091	1092	1093	1096	1098	1099	1100	1103	1104	1106	1107	1108	1109	1110	1111	1113	1115	1116	1117	1118	1119	1120	1121	1122	1123	1124	1125	1126	1127	1129	1130	1131	1132	1133	1135	1136	1137	1139	1141	1142	1143	1145	1147	1148	1150	1151	1152	1153	1154	1155	1156	1160	1162	1163	1164	1165	1166	1167	1168	1170	1171	1173	1174	1175	1177	1178	1179	1180	
80	80	93	1004	1009	1016	1017	1019	1022	1025	1027	1029	1031	1032	1033	1034	1039	1040	1041	1045	1048	1049	1050	1051	1054	1055	1057	1059	1062	1064	1065	1066	1067	1069	1071	1072	1073	1074	1076	1077	1080	1083	1084	1085	1088	1089	1090	1091	1094	1095	1096	1097	1099	1101	1102	1107	1110	1115	1117	1118	1119	1120	1122	1123	1124	1125	1127	1128	1129	1131	1134	1135	1136	1138	1139	1140	1143	1144	1146	1147	1150	1151	1153	1156	1158	1163	1164	1165	1167	1169	1170	1172	1177	1178	1179	1180	
81	81	64	1001	1003	1004	1010	1012	1014	1016	1019	1020	1021	1023	1024	1026	1027	1030	1032	1036	1037	1039	1041	1043	1047	1058	1060	1065	1075	1076	1078	1081	1084	1085	1086	1091	1092	1093	1096	1097	1100	1101	1102	1109	1110	1111	1114	1117	1119	1122	1126	1132	1133	1138	1139	1142	1147	1149	1152	1158	1159	1166	1167	1168	1170	1171	1179	
82	82	104	1003	1004	1005	1006	1007	1008	1011	1013	1014	1015	1016	1020	1023	1024	1027	1028	1030	1031	1034	1035	1038	1040	1041	1044	1045	1052	1054	1055	1058	1059	1061	1063	1064	1065	1068	1069	1071	1072	1073	1075	1076	1077	1079	1082	1083	1084	1085	1086	1088	1090	1091	1092	1094	1095	1097	1098	1099	1100	1101	1104	1107	1108	1109	1110	1111	1112	1114	1117	1118	1120	1121	1122	1124	1125	1126	1128	1129	1130	1131	1133	1134	1136	1139	1143	1145	1147	1149	1150	1154	1155	1156	1159	1160	1161	1162	1164	1166	1167	1170	1171	1173	1176	1178	1179	
83	83	75	1002	1005	1006	1009	1011	1012	1014	1016	1017	1019	1020	1021	1022	1025	1029	1030	1032	1034	1035	1036	1038	1041	1042	1044	1046	1048	1054	1055	1056	1058	1060	1065	1067	1070	1075	1077	1078	1080	1089	1090	1091	1093	1094	1095	1104	1105	1108	1113	1114	1120	1121	1122	1123	1125	1126	1128	1130	1134	1135	1142	1143	1145	1147	1148	1150	1154	1155	1156	1157	1159	1160	1163	1166	1171	1173	
84	84	169	1001	1002	1003	1004	1005	1006	1007	1008	1009	1010	1011	1012	1013	1014	1015	1016	1017	1018	1019	1020	1021	1022	1023	1024	1025	1026	1027	1028	1029	1030	1031	1032	1033	1034	1035	1036	1037	1038	1039	1040	1041	1042	1043	1045	1046	1047	1048	1049	1050	1051	1052	1053	1054	1055	1056	1057	1058	1059	1060	1061	1062	1063	1064	1065	1066	1067	1068	1069	1070	1071	1073	1074	1075	1076	1077	1078	1079	1080	1081	1082	1083	1084	1085	1086	1087	1088	1089	1090	1091	1092	1094	1095	1096	1097	1098	1099	1100	1101	1102	1103	1104	1105	1106	1107	1109	1110	1111	1112	1113	1114	1115	1116	1117	1118	1119	1120	1121	1122	1123	1124	1125	1126	1127	1128	1130	1131	1132	1134	1135	1136	1137	1138	1139	1141	1142	1143	1144	1146	1147	1148	1149	1150	1151	1152	1153	1154	1155	1156	1157	1159	1160	1161	1162	1164	1165	1166	1167	1168	1169	1170	1171	1172	1173	1174	1175	1177	1178	1179	1180	
85	85	146	1002	1003	1004	1006	1007	1009	1010	1011	1013	1014	1015	1016	1017	1018	1019	1020	1021	1022	1023	1024	1025	1026	1027	1028	1029	1030	1031	1032	1034	1035	1037	1038	1039	1041	1042	1043	1045	1046	1047	1048	1049	1050	1051	1052	1053	1054	1055	1056	1057	1058	1059	1060	1061	1064	1065	1066	1067	1068	1069	1070	1071	1072	1073	1074	1075	1077	1078	1079	1081	1082	1083	1085	1086	1088	1089	1090	1091	1094	1096	1097	1098	1099	1100	1101	1102	1103	1105	1107	1108	1109	1110	1111	1112	1113	1114	1115	1116	1117	1118	1119	1120	1121	1123	1124	1125	1128	1129	1131	1132	1133	1136	1138	1139	1141	1142	1143	1144	1145	1146	1147	1148	1149	1150	1152	1153	1155	1156	1158	1159	1160	1161	1162	1164	1166	1167	1168	1169	1170	1171	1172	1173	1175	1176	1177	1178	1179	
86	86	125	1001	1002	1003	1006	1007	1008	1009	1010	1011	1012	1013	1016	1019	1020	1021	1023	1024	1025	1027	1028	1029	1030	1034	1035	1036	1037	1038	1039	1040	1041	1043	1045	1046	1048	1049	1051	1053	1054	1055	1058	1059	1060	1062	1064	1065	1067	1068	1069	1070	1071	1072	1073	1074	1075	1076	1077	1078	1079	1081	1082	1085	1086	1087	1088	1089	1090	1092	1094	1095	1096	1097	1098	1099	1102	1104	1105	1109	1110	1111	1112	1113	1116	1118	1120	1122	1123	1124	1125	1126	1127	1128	1131	1132	1133	1136	1137	1138	1139	1140	1142	1144	1145	1147	1148	1149	1150	1155	1156	1157	1158	1159	1160	1161	1163	1164	1165	1166	1167	1170	1173	1174	1176	1177	1178	1179	
87	87	65	1001	1002	1003	1004	1005	1007	1009	1013	1020	1024	1025	1026	1027	1031	1032	1035	1037	1038	1042	1043	1046	1050	1058	1060	1063	1065	1066	1067	1073	1074	1077	1078	1079	1081	1084	1086	1095	1098	1100	1103	1104	1106	1113	1116	1117	1119	1120	1121	1122	1123	1126	1127	1130	1132	1133	1136	1141	1146	1159	1160	1163	1164	1170	1173	1178	
88	88	144	1001	1002	1003	1004	1006	1007	1008	1009	1010	1011	1012	1013	1014	1015	1016	1017	1019	1020	1021	1022	1023	1024	1025	1026	1027	1028	1029	1030	1031	1032	1034	1035	1036	1037	1040	1041	1042	1043	1044	1045	1047	1049	1051	1054	1055	1056	1057	1058	1059	1060	1061	1063	1064	1066	1067	1068	1069	1070	1071	1074	1075	1076	1078	1079	1080	1081	1084	1085	1086	1087	1088	1089	1090	1091	1094	1096	1097	1099	1100	1101	1102	1104	1105	1106	1107	1108	1109	1110	1111	1112	1113	1116	1117	1121	1122	1124	1125	1126	1127	1128	1130	1131	1133	1135	1136	1138	1139	1140	1141	1143	1144	1145	1146	1147	1148	1149	1150	1151	1152	1153	1154	1155	1157	1158	1159	1160	1161	1162	1163	1164	1165	1166	1167	1168	1169	1170	1171	1172	1173	1174	1176	1178	1179	1180	
89	89	44	1002	1003	1005	1011	1012	1017	1022	1027	1032	1035	1036	1040	1044	1053	1056	1058	1061	1068	1069	1071	1073	1076	1081	1089	1092	1093	1098	1102	1107	1122	1133	1134	1142	1145	1152	1154	1156	1159	1160	1161	1172	1173	1178	1179	
90	90	62	1005	1006	1007	1008	1010	1011	1012	1017	1018	1024	1027	1028	1032	1034	1037	1039	1040	1048	1054	1062	1068	1069	1072	1074	1075	1077	1081	1084	1090	1091	1092	1095	1098	1099	1106	1107	1108	1109	1112	1113	1117	1118	1120	1122	1127	1128	1131	1135	1136	1140	1142	1145	1147	1149	1151	1156	1161	1164	1165	1168	1169	1170	
91	91	178	1001	1002	1003	1004	1005	1006	1007	1008	1009	1010	1011	1012	1013	1014	1015	1016	1017	1018	1019	1020	1021	1022	1023	1024	1025	1026	1027	1028	1029	1030	1031	1032	1033	1034	1035	1036	1037	1038	1039	1040	1041	1042	1043	1044	1045	1046	1047	1048	1049	1050	1051	1052	1053	1054	1055	1056	1057	1058	1059	1060	1061	1062	1063	1064	1065	1066	1067	1068	1069	1070	1071	1072	1073	1074	1075	1076	1077	1078	1079	1080	1081	1082	1083	1084	1085	1086	1087	1088	1089	1090	1091	1092	1093	1094	1095	1096	1097	1098	1099	1100	1101	1102	1103	1105	1106	1107	1108	1109	1110	1111	1112	1113	1114	1115	1116	1117	1118	1119	1120	1121	1122	1123	1124	1125	1126	1127	1128	1130	1131	1132	1133	1134	1135	1136	1137	1138	1139	1140	1141	1142	1143	1144	1145	1146	1147	1148	1149	1150	1151	1152	1153	1154	1155	1156	1157	1158	1159	1160	1161	1162	1163	1164	1165	1166	1167	1168	1169	1170	1171	1172	1173	1174	1175	1176	1177	1178	1179	1180	
92	92	64	1009	1013	1014	1016	1020	1021	1025	1027	1029	1030	1031	1032	1036	1039	1041	1044	1046	1050	1051	1052	1054	1056	1057	1063	1065	1069	1073	1078	1081	1082	1084	1085	1086	1092	1094	1097	1101	1102	1108	1110	1111	1112	1117	1118	1121	1122	1124	1128	1130	1135	1140	1141	1143	1144	1145	1148	1149	1152	1157	1165	1169	1173	1174	1177	
93	93	97	1001	1003	1005	1006	1007	1008	1009	1011	1015	1017	1018	1020	1025	1028	1029	1033	1034	1035	1036	1038	1039	1040	1045	1046	1047	1049	1051	1053	1055	1056	1059	1061	1062	1063	1064	1065	1066	1068	1071	1074	1076	1077	1078	1079	1081	1082	1083	1087	1088	1089	1092	1094	1095	1096	1097	1098	1101	1102	1103	1104	1109	1112	1116	1117	1119	1120	1121	1122	1124	1126	1128	1130	1131	1134	1136	1137	1140	1142	1143	1144	1145	1152	1153	1154	1155	1160	1163	1165	1167	1168	1169	1171	1172	1177	1178	1179	1180	
94	94	162	1001	1002	1003	1004	1005	1006	1007	1008	1009	1010	1011	1013	1014	1015	1016	1017	1018	1020	1021	1022	1023	1024	1025	1026	1027	1028	1029	1030	1031	1032	1033	1034	1035	1037	1039	1040	1041	1042	1043	1044	1045	1046	1047	1048	1049	1050	1051	1052	1053	1054	1055	1057	1058	1059	1060	1061	1062	1063	1064	1065	1066	1067	1068	1069	1070	1071	1073	1074	1075	1076	1077	1078	1080	1081	1082	1083	1084	1085	1086	1087	1088	1089	1090	1091	1092	1093	1094	1096	1097	1098	1099	1100	1101	1102	1103	1104	1105	1106	1107	1108	1109	1110	1111	1113	1114	1115	1116	1118	1119	1120	1121	1123	1125	1126	1127	1128	1129	1130	1131	1132	1133	1135	1136	1137	1138	1140	1141	1142	1143	1144	1145	1146	1147	1148	1149	1150	1151	1152	1153	1155	1156	1157	1158	1159	1160	1162	1163	1164	1165	1166	1167	1168	1169	1171	1172	1173	1175	1176	1177	1178	1179	1180	
95	95	120	1001	1002	1003	1004	1005	1006	1007	1008	1009	1011	1013	1015	1016	1017	1018	1020	1021	1023	1025	1026	1027	1028	1029	1030	1032	1033	1036	1037	1038	1039	1041	1042	1043	1044	1049	1051	1052	1053	1054	1055	1056	1057	1058	1060	1061	1063	1065	1066	1067	1068	1069	1070	1072	1074	1075	1077	1081	1082	1084	1086	1088	1089	1090	1092	1093	1094	1095	1096	1099	1100	1102	1103	1105	1106	1107	1108	1109	1111	1112	1113	1114	1116	1117	1121	1126	1127	1128	1129	1130	1131	1134	1135	1136	1137	1138	1142	1143	1145	1149	1150	1152	1155	1156	1157	1158	1159	1160	1161	1163	1166	1167	1169	1170	1171	1173	1174	1177	1178	1179	1180	
96	96	114	1001	1003	1004	1006	1009	1012	1013	1015	1016	1017	1018	1021	1022	1024	1025	1026	1027	1028	1029	1030	1031	1032	1033	1034	1036	1037	1041	1043	1044	1045	1046	1048	1049	1050	1052	1054	1056	1058	1059	1060	1061	1062	1063	1064	1065	1066	1067	1069	1070	1072	1076	1077	1078	1080	1083	1086	1087	1088	1089	1093	1094	1096	1098	1102	1103	1104	1106	1107	1109	1111	1112	1113	1114	1116	1117	1118	1119	1121	1124	1125	1128	1129	1134	1137	1139	1140	1141	1142	1144	1146	1147	1149	1150	1152	1154	1156	1157	1161	1163	1164	1165	1167	1168	1169	1170	1171	1172	1173	1174	1175	1176	1178	1179	1180	
97	97	54	1007	1009	1010	1019	1020	1021	1027	1028	1038	1043	1046	1047	1049	1051	1059	1062	1067	1068	1070	1073	1077	1078	1081	1083	1086	1093	1094	1096	1097	1104	1105	1109	1115	1118	1119	1121	1122	1127	1128	1133	1136	1137	1138	1144	1152	1153	1155	1156	1157	1160	1168	1169	1173	1177	
98	98	70	1003	1004	1005	1007	1008	1012	1013	1018	1023	1025	1028	1030	1035	1038	1044	1047	1049	1050	1053	1056	1059	1061	1063	1065	1067	1070	1072	1074	1075	1078	1091	1095	1097	1099	1100	1103	1105	1106	1107	1108	1110	1112	1114	1116	1117	1121	1123	1124	1130	1131	1133	1139	1140	1143	1147	1149	1151	1154	1155	1159	1162	1163	1164	1169	1171	1172	1174	1176	1177	1180	
99	99	134	1001	1003	1005	1006	1007	1008	1009	1010	1011	1012	1013	1015	1016	1018	1019	1020	1021	1022	1023	1025	1027	1028	1029	1030	1031	1033	1034	1036	1038	1039	1040	1043	1044	1048	1049	1051	1052	1054	1056	1058	1060	1062	1063	1064	1065	1066	1070	1071	1072	1074	1075	1076	1077	1079	1080	1082	1084	1085	1086	1088	1089	1090	1092	1093	1095	1097	1098	1099	1100	1101	1102	1103	1104	1105	1107	1108	1110	1111	1113	1114	1115	1116	1117	1118	1119	1120	1121	1122	1123	1124	1125	1126	1127	1128	1129	1131	1132	1133	1134	1135	1138	1141	1142	1143	1144	1146	1147	1148	1150	1151	1152	1153	1154	1157	1158	1159	1161	1162	1163	1164	1165	1166	1167	1168	1169	1170	1171	1172	1173	1174	1175	1176	1178	1180	
100	100	115	1001	1002	1003	1004	1005	1008	1011	1013	1014	1015	1017	1018	1019	1021	1022	1024	1025	1029	1030	1032	1033	1036	1037	1038	1039	1040	1042	1046	1048	1049	1051	1053	1055	1056	1057	1059	1060	1061	1063	1065	1066	1069	1072	1074	1075	1076	1077	1078	1079	1080	1081	1085	1086	1088	1089	1090	1092	1093	1094	1095	1097	1100	1101	1105	1107	1109	1110	1111	1112	1114	1116	1117	1118	1120	1121	1122	1123	1125	1126	1127	1128	1129	1130	1131	1133	1137	1138	1139	1140	1141	1145	1146	1147	1148	1151	1152	1153	1154	1156	1157	1158	1159	1160	1161	1162	1164	1166	1167	1168	1171	1173	1177	1178	1179	1180	
101	101	49	1001	1005	1006	1007	1013	1019	1022	1039	1048	1051	1055	1058	1059	1062	1066	1068	1070	1071	1072	1078	1084	1085	1086	1099	1102	1103	1115	1119	1122	1123	1125	1128	1131	1132	1137	1141	1142	1144	1151	1160	1164	1165	1166	1167	1168	1169	1170	1171	1172	
102	102	160	1001	1002	1003	1004	1005	1006	1007	1008	1009	1010	1011	1012	1014	1015	1016	1017	1018	1019	1020	1021	1022	1023	1024	1025	1026	1027	1029	1030	1031	1032	1033	1034	1035	1036	1037	1038	1039	1040	1041	1043	1044	1045	1046	1047	1049	1050	1051	1052	1053	1054	1055	1058	1060	1061	1062	1063	1064	1065	1066	1067	1068	1069	1070	1071	1072	1073	1074	1075	1076	1077	1078	1079	1080	1081	1082	1083	1084	1086	1087	1088	1089	1090	1091	1092	1093	1094	1095	1097	1098	1099	1100	1101	1103	1104	1105	1106	1107	1109	1110	1111	1112	1113	1114	1115	1116	1117	1118	1119	1120	1121	1122	1123	1124	1125	1126	1127	1128	1129	1130	1132	1133	1134	1135	1136	1138	1139	1140	1141	1142	1145	1146	1147	1148	1149	1150	1151	1152	1153	1155	1156	1157	1158	1159	1160	1161	1162	1163	1165	1166	1167	1168	1171	1172	1173	1174	1176	1177	1178	1179	1180	
103	103	175	1001	1002	1003	1004	1005	1006	1007	1008	1009	1010	1011	1012	1013	1014	1015	1016	1017	1018	1019	1020	1021	1022	1023	1024	1025	1026	1027	1028	1029	1030	1031	1032	1033	1034	1035	1036	1037	1038	1039	1040	1041	1042	1043	1044	1045	1046	1047	1048	1049	1050	1051	1052	1053	1054	1055	1056	1057	1058	1059	1060	1061	1062	1063	1064	1065	1066	1067	1068	1069	1070	1071	1072	1074	1075	1076	1077	1078	1080	1081	1082	1083	1084	1085	1086	1087	1088	1089	1090	1091	1092	1093	1094	1095	1096	1097	1098	1099	1100	1101	1103	1104	1105	1106	1107	1108	1109	1110	1111	1112	1113	1114	1115	1116	1117	1118	1119	1120	1121	1122	1123	1124	1125	1126	1127	1128	1129	1130	1131	1132	1133	1134	1135	1136	1137	1139	1140	1141	1142	1143	1144	1145	1146	1147	1148	1149	1150	1151	1152	1153	1154	1155	1156	1157	1158	1159	1161	1162	1163	1164	1165	1166	1167	1168	1169	1170	1171	1172	1173	1174	1175	1176	1177	1178	1179	1180	
104	104	45	1010	1012	1013	1015	1019	1021	1023	1027	1030	1032	1044	1050	1056	1057	1058	1065	1067	1071	1074	1076	1079	1087	1095	1099	1100	1113	1117	1119	1126	1129	1135	1136	1137	1140	1144	1153	1154	1157	1158	1159	1163	1164	1169	1170	1171	
105	105	106	1002	1003	1005	1007	1010	1013	1014	1016	1017	1019	1024	1026	1027	1028	1029	1030	1033	1034	1035	1036	1037	1038	1040	1041	1042	1044	1045	1046	1049	1051	1052	1053	1055	1056	1057	1058	1059	1060	1062	1064	1066	1068	1069	1071	1074	1075	1077	1078	1079	1080	1081	1082	1084	1087	1090	1091	1092	1093	1094	1095	1098	1099	1100	1106	1108	1115	1117	1119	1121	1122	1124	1125	1126	1127	1128	1129	1131	1133	1136	1140	1141	1142	1145	1146	1149	1151	1153	1154	1155	1156	1158	1159	1160	1163	1164	1165	1166	1168	1170	1171	1172	1174	1175	1177	1178	1180	
106	106	86	1001	1002	1003	1004	1006	1007	1008	1009	1010	1011	1016	1017	1018	1019	1023	1028	1029	1030	1034	1035	1036	1037	1042	1045	1046	1049	1055	1056	1058	1059	1060	1063	1065	1066	1067	1069	1072	1075	1078	1081	1083	1088	1094	1095	1097	1098	1100	1101	1102	1103	1105	1107	1108	1110	1112	1114	1117	1120	1121	1123	1126	1127	1128	1134	1135	1138	1139	1145	1146	1147	1154	1155	1156	1157	1162	1164	1165	1167	1168	1169	1170	1171	1172	1175	1176	1180	
107	107	177	1001	1002	1003	1004	1005	1006	1007	1008	1009	1010	1011	1012	1013	1014	1015	1016	1017	1018	1019	1020	1021	1022	1023	1024	1025	1026	1027	1028	1029	1030	1031	1032	1033	1034	1035	1036	1037	1038	1039	1040	1041	1042	1043	1044	1045	1046	1047	1049	1050	1051	1052	1053	1054	1056	1057	1058	1059	1060	1061	1062	1063	1064	1065	1066	1067	1068	1069	1070	1071	1072	1074	1075	1076	1077	1078	1079	1080	1081	1082	1083	1084	1085	1086	1087	1088	1089	1090	1091	1092	1093	1094	1095	1096	1097	1098	1099	1100	1101	1102	1103	1104	1105	1106	1107	1108	1109	1110	1111	1112	1113	1114	1115	1116	1117	1118	1119	1120	1121	1122	1123	1124	1125	1126	1127	1128	1129	1130	1131	1132	1133	1134	1135	1136	1137	1138	1139	1140	1141	1142	1143	1144	1145	1146	1147	1148	1149	1150	1151	1152	1153	1154	1155	1156	1157	1158	1159	1160	1161	1162	1163	1164	1165	1166	1167	1168	1169	1170	1171	1172	1173	1174	1175	1176	1177	1178	1179	1180	
108	108	138	1002	1003	1004	1005	1006	1007	1009	1010	1011	1012	1013	1014	1015	1016	1017	1019	1020	1022	1023	1024	1025	1031	1032	1037	1038	1039	1040	1041	1042	1043	1044	1045	1046	1047	1048	1050	1051	1052	1053	1054	1055	1058	1059	1060	1061	1062	1063	1064	1065	1066	1067	1068	1070	1071	1074	1075	1077	1079	1080	1081	1083	1085	1087	1088	1089	1090	1091	1093	1094	1095	1096	1097	1098	1100	1101	1102	1103	1106	1107	1108	1110	1111	1112	1113	1114	1115	1116	1117	1118	1119	1121	1122	1123	1124	1125	1126	1127	1128	1131	1132	1134	1135	1136	1137	1138	1139	1140	1141	1143	1144	1145	1146	1147	1149	1150	1152	1153	1154	1155	1157	1158	1159	1160	1161	1162	1163	1164	1165	1166	1167	1168	1169	1173	1174	1176	1177	1179	1180	
109	109	117	1001	1002	1003	1004	1006	1009	1010	1011	1012	1013	1014	1015	1016	1020	1021	1022	1025	1026	1028	1029	1034	1037	1038	1039	1040	1041	1043	1044	1045	1046	1047	1051	1052	1053	1054	1055	1056	1057	1058	1060	1061	1064	1065	1067	1068	1069	1070	1071	1072	1074	1075	1077	1078	1083	1084	1087	1088	1089	1091	1093	1094	1095	1097	1098	1101	1104	1106	1107	1108	1109	1111	1113	1115	1116	1118	1119	1120	1121	1122	1123	1125	1126	1127	1128	1129	1130	1131	1133	1134	1136	1137	1138	1139	1141	1142	1143	1144	1148	1150	1151	1152	1153	1154	1156	1158	1159	1160	1161	1163	1164	1165	1168	1169	1170	1173	1174	1179	
110	110	139	1001	1002	1003	1004	1006	1007	1008	1009	1011	1012	1013	1015	1017	1018	1019	1022	1023	1024	1025	1026	1028	1029	1030	1031	1032	1033	1034	1035	1036	1037	1038	1039	1042	1043	1044	1046	1047	1048	1049	1050	1051	1053	1054	1055	1056	1057	1058	1059	1061	1062	1063	1064	1066	1067	1069	1071	1072	1073	1074	1075	1076	1077	1079	1080	1082	1083	1084	1085	1086	1090	1091	1092	1093	1094	1096	1097	1098	1099	1100	1101	1102	1103	1104	1105	1109	1111	1112	1113	1114	1115	1116	1117	1118	1119	1121	1122	1123	1124	1125	1128	1129	1130	1131	1133	1135	1137	1140	1141	1142	1143	1144	1145	1146	1148	1150	1151	1153	1154	1155	1156	1157	1158	1160	1161	1162	1163	1164	1165	1166	1167	1168	1169	1171	1172	1175	1176	1177	1178	1180	
111	111	79	1002	1004	1005	1007	1008	1011	1012	1013	1017	1018	1019	1021	1022	1023	1025	1027	1031	1033	1035	1036	1040	1041	1042	1043	1046	1051	1055	1056	1058	1060	1061	1062	1063	1071	1079	1080	1082	1087	1088	1090	1095	1097	1102	1103	1104	1105	1108	1111	1112	1113	1114	1115	1116	1119	1121	1122	1123	1124	1125	1126	1127	1129	1134	1138	1144	1145	1147	1151	1152	1157	1158	1161	1165	1167	1168	1175	1176	1178	1179	
112	112	95	1002	1004	1005	1010	1015	1017	1018	1022	1023	1025	1027	1029	1031	1032	1033	1038	1041	1042	1045	1047	1048	1049	1051	1052	1054	1056	1057	1058	1059	1060	1061	1062	1064	1067	1068	1070	1072	1073	1075	1076	1077	1082	1083	1085	1089	1093	1094	1095	1097	1098	1099	1100	1101	1102	1104	1105	1106	1109	1110	1111	1113	1118	1122	1123	1125	1126	1128	1134	1137	1139	1140	1144	1145	1149	1150	1154	1155	1156	1157	1158	1159	1160	1162	1163	1165	1166	1167	1169	1170	1174	1175	1176	1177	1178	1179	
113	113	83	1001	1007	1008	1011	1012	1014	1016	1017	1020	1022	1027	1029	1030	1031	1033	1034	1036	1037	1040	1041	1049	1050	1052	1055	1056	1061	1063	1066	1067	1069	1072	1075	1076	1080	1086	1087	1088	1089	1092	1095	1096	1097	1100	1101	1105	1108	1109	1110	1112	1116	1118	1119	1120	1121	1122	1124	1125	1126	1129	1130	1133	1135	1136	1139	1140	1144	1145	1146	1147	1149	1150	1151	1152	1155	1156	1157	1160	1164	1168	1169	1170	1175	1180	
114	114	148	1001	1002	1003	1005	1006	1008	1009	1010	1011	1012	1013	1014	1016	1017	1018	1019	1020	1021	1022	1023	1024	1025	1026	1027	1029	1030	1031	1032	1033	1034	1035	1036	1037	1038	1039	1040	1041	1043	1046	1047	1048	1051	1052	1054	1055	1056	1057	1058	1059	1060	1061	1062	1063	1064	1065	1066	1067	1068	1069	1070	1071	1073	1074	1076	1077	1078	1082	1083	1084	1086	1087	1088	1089	1090	1091	1092	1093	1094	1095	1097	1098	1099	1101	1102	1103	1104	1106	1107	1108	1109	1110	1111	1113	1115	1116	1117	1118	1119	1120	1121	1122	1123	1126	1127	1128	1130	1131	1132	1136	1137	1138	1139	1140	1141	1142	1143	1145	1146	1147	1148	1149	1151	1152	1153	1155	1156	1157	1158	1159	1160	1161	1163	1164	1165	1166	1167	1168	1169	1171	1172	1173	1174	1175	1176	1177	1178	1179	1180	
115	115	138	1001	1003	1004	1006	1007	1009	1011	1012	1013	1014	1015	1018	1021	1022	1024	1025	1026	1028	1029	1030	1031	1032	1033	1034	1037	1038	1039	1040	1041	1042	1043	1045	1047	1048	1049	1050	1051	1052	1053	1054	1055	1057	1059	1060	1062	1063	1064	1065	1066	1068	1069	1070	1071	1072	1073	1075	1076	1077	1078	1080	1081	1082	1083	1085	1088	1089	1090	1091	1094	1095	1096	1097	1098	1099	1101	1102	1104	1107	1108	1109	1111	1112	1113	1114	1115	1116	1117	1118	1119	1120	1121	1122	1123	1124	1125	1126	1127	1128	1129	1130	1131	1132	1134	1135	1136	1137	1138	1140	1142	1144	1145	1146	1147	1148	1150	1151	1152	1153	1156	1157	1158	1160	1161	1163	1164	1165	1166	1167	1168	1169	1172	1173	1174	1175	1176	1178	1179	1180	
116	116	139	1002	1003	1004	1005	1006	1007	1010	1011	1012	1013	1014	1015	1016	1017	1018	1019	1020	1023	1024	1026	1027	1029	1030	1031	1033	1034	1036	1037	1039	1040	1041	1042	1043	1044	1045	1047	1048	1049	1051	1053	1054	1055	1057	1059	1060	1061	1064	1065	1066	1067	1068	1069	1071	1073	1074	1075	1076	1077	1078	1080	1085	1086	1087	1088	1089	1090	1091	1092	1093	1094	1095	1096	1097	1098	1099	1101	1102	1104	1106	1107	1109	1110	1111	1113	1114	1115	1116	1117	1118	1119	1121	1122	1123	1125	1126	1127	1128	1130	1131	1132	1133	1135	1136	1138	1139	1141	1142	1143	1144	1145	1147	1148	1149	1150	1151	1152	1153	1154	1155	1156	1158	1159	1160	1161	1162	1163	1164	1165	1166	1169	1170	1171	1172	1173	1174	1175	1176	1178	1179	
117	117	41	1002	1003	1004	1005	1021	1023	1025	1026	1029	1031	1033	1037	1040	1041	1043	1047	1050	1069	1079	1080	1081	1083	1084	1089	1090	1094	1097	1099	1108	1118	1120	1127	1131	1133	1141	1142	1147	1149	1166	1167	1173	
118	118	105	1001	1003	1004	1005	1006	1007	1010	1011	1013	1014	1020	1022	1025	1026	1027	1028	1029	1030	1032	1034	1038	1039	1040	1043	1044	1046	1047	1049	1052	1054	1057	1059	1061	1065	1069	1071	1072	1073	1074	1075	1076	1077	1078	1081	1083	1084	1085	1086	1089	1090	1091	1093	1097	1099	1100	1103	1104	1105	1107	1110	1113	1114	1116	1117	1120	1121	1122	1123	1124	1125	1126	1127	1130	1133	1134	1138	1139	1140	1141	1142	1143	1146	1147	1148	1149	1151	1152	1153	1155	1156	1157	1158	1159	1160	1162	1163	1165	1167	1168	1174	1175	1176	1177	1178	1179	
119	119	145	1001	1002	1003	1004	1005	1006	1008	1009	1010	1011	1012	1013	1014	1015	1016	1017	1018	1019	1020	1021	1022	1024	1025	1026	1029	1030	1031	1032	1035	1036	1037	1038	1039	1040	1041	1042	1043	1044	1045	1047	1048	1049	1050	1051	1052	1053	1054	1055	1058	1059	1060	1061	1062	1063	1064	1066	1067	1068	1069	1070	1072	1073	1074	1075	1076	1077	1078	1079	1080	1081	1082	1083	1084	1085	1086	1087	1088	1089	1090	1091	1092	1093	1095	1096	1097	1099	1100	1101	1102	1104	1105	1106	1107	1109	1110	1111	1112	1113	1114	1115	1116	1117	1119	1120	1121	1122	1124	1125	1126	1129	1130	1132	1133	1134	1135	1136	1138	1140	1141	1143	1144	1145	1146	1147	1148	1153	1154	1155	1156	1158	1159	1161	1164	1165	1166	1167	1168	1169	1170	1173	1174	1175	1178	1179	1180	
120	120	93	1002	1003	1004	1006	1008	1010	1011	1012	1017	1019	1020	1021	1026	1032	1034	1035	1037	1038	1039	1040	1041	1042	1046	1049	1050	1052	1054	1056	1058	1059	1060	1063	1066	1067	1068	1069	1073	1075	1076	1082	1086	1087	1088	1089	1091	1095	1097	1098	1100	1101	1110	1111	1112	1113	1114	1116	1119	1120	1121	1123	1126	1128	1129	1139	1142	1143	1145	1146	1147	1149	1152	1153	1154	1155	1158	1159	1161	1162	1164	1166	1167	1168	1169	1170	1172	1173	1174	1175	1176	1177	1178	1179	1180	
