-1	1	2	3	4	5	6	7	8	9	10	11	12	13	14	15	16	17	18	19	20	21	22	23	24	25	26	27	28	29	30	31	32	33	34	35	36	37	38	39	40	41	42	43	44	45	46	47	48	49	50	51	52	53	54	55	56	57	58	59	60	61	62	63	64	65	66	67	68	69	70	71	72	73	74	75	76	77	78	79	80	81	82	83	84	85	86	87	88	89	90	91	92	93	94	95	96	97	98	99	100	101	102	103	104	105	106	107	108	109	110	111	112	113	114	115	116	117	118	119	120	
1001	209	738	807	977	835	142	26	457	73	100	156	303	188	589	418	923	644	74	20	133	212	268	102	796	306	160	170	72	318	716	757	550	568	963	185	181	271	743	36	607	271	648	807	962	435	831	817	800	732	976	629	691	744	408	329	781	286	962	808	207	441	201	59	448	483	793	19	201	780	782	602	542	123	978	891	591	813	505	303	960	411	464	82	382	424	237	149	84	884	672	373	852	475	330	212	281	594	573	6	908	330	244	734	894	853	148	738	702	889	636	228	467	147	729	763	941	773	781	754	623	
1002	808	263	695	923	16	367	481	796	37	520	832	832	888	271	334	476	373	123	87	871	558	849	353	729	123	577	151	559	71	400	750	900	284	400	935	162	481	582	983	241	923	154	851	535	322	652	736	497	30	805	193	608	154	180	690	976	159	338	989	581	987	712	395	327	476	615	502	279	496	136	924	874	823	485	966	398	163	383	474	675	726	226	358	588	845	606	750	421	580	80	247	887	186	608	917	691	686	492	370	699	674	749	248	127	559	303	297	254	106	335	965	99	693	577	732	474	369	112	308	699	
1003	817	373	863	403	609	715	288	612	294	404	22	409	668	331	527	117	546	852	574	927	444	520	112	628	962	124	571	541	976	413	928	50	783	631	66	150	68	854	975	413	503	588	255	868	743	820	323	409	205	454	239	642	710	797	547	386	5	693	822	185	384	545	484	691	121	708	699	788	703	974	632	410	582	25	47	68	421	869	18	505	647	585	769	652	37	882	795	287	474	489	44	974	510	224	536	365	726	877	367	148	764	683	394	386	675	405	685	568	679	828	445	711	762	843	91	596	89	601	505	275	
1004	374	765	355	972	706	44	920	944	530	321	982	402	788	190	517	142	838	98	472	931	90	155	722	117	413	774	427	898	583	349	527	522	405	616	88	376	982	223	669	334	179	447	979	528	907	667	907	328	253	157	964	818	15	29	163	264	134	561	944	865	359	558	610	253	918	638	13	468	781	778	84	440	224	809	978	192	86	338	893	23	466	71	237	652	698	435	353	435	432	301	723	684	32	317	789	482	209	742	979	823	567	508	563	950	880	576	827	41	646	667	666	236	181	991	562	274	973	764	772	614	
1005	17	884	116	905	905	22	593	622	553	914	849	76	934	436	72	20	860	687	19	411	909	650	655	685	942	59	658	710	433	364	697	123	374	860	826	20	323	431	883	388	798	56	786	12	600	958	230	405	876	492	902	172	344	198	721	387	892	321	309	214	649	466	332	964	444	162	772	455	130	64	398	628	846	191	706	814	609	81	760	840	553	797	602	227	45	53	552	583	144	555	868	829	877	109	848	580	938	78	980	722	143	895	100	278	240	414	49	196	321	686	983	328	154	927	327	374	340	655	22	921	
1006	745	806	99	604	254	323	229	208	441	608	375	202	598	467	698	165	366	783	68	585	812	201	452	888	220	117	614	580	677	913	169	884	956	122	839	343	555	750	53	784	930	114	165	402	5	661	600	445	997	244	383	577	196	167	379	299	395	612	219	374	878	995	983	788	27	490	603	397	62	106	86	63	1	321	883	167	642	521	511	543	573	136	60	728	732	546	470	410	180	53	733	890	18	251	834	826	878	109	677	559	55	581	406	856	654	349	754	874	967	174	920	100	134	692	757	959	782	56	133	581	
1007	510	131	551	18	113	619	807	206	779	854	949	668	585	54	608	970	685	578	995	595	126	595	395	798	278	864	518	98	795	664	350	54	584	431	805	957	996	818	715	17	131	894	638	807	972	117	946	573	651	51	953	607	168	728	581	999	792	47	140	126	842	15	890	390	316	847	125	611	998	31	173	170	399	828	27	231	48	573	364	629	166	676	501	242	236	95	753	945	32	704	353	12	28	185	20	833	736	636	239	452	198	978	446	758	646	426	771	933	100	516	998	156	678	926	647	900	18	592	112	922	
1008	435	942	59	99	599	497	134	246	485	434	345	124	266	437	727	1	422	551	528	631	163	162	409	772	778	654	445	650	770	802	764	374	882	715	268	782	33	420	125	612	660	487	617	520	320	995	564	958	57	303	632	595	618	805	492	630	942	346	902	252	766	302	615	700	419	39	30	253	615	59	415	900	87	965	525	578	756	71	301	78	843	522	486	391	33	753	286	965	634	37	990	856	68	804	161	665	392	3	201	672	593	862	923	5	200	461	716	243	470	26	283	753	723	960	257	635	751	542	286	625	
1009	60	590	247	52	606	636	461	647	254	333	111	102	614	649	959	237	823	302	369	550	396	165	744	451	394	345	927	702	276	461	523	310	81	509	887	981	945	119	111	537	697	603	162	399	43	370	322	102	458	323	797	435	52	916	105	745	856	542	83	932	770	625	401	174	948	19	761	705	400	699	241	149	260	650	97	557	284	405	22	973	262	748	584	615	578	510	261	526	169	801	63	842	944	908	372	790	373	16	230	422	489	543	306	309	662	811	404	69	578	690	51	761	924	704	232	304	663	773	701	754	
1010	305	884	488	663	982	77	591	19	397	172	525	140	595	362	575	879	581	787	18	108	633	537	649	388	15	695	999	707	841	512	893	998	630	936	509	895	61	59	440	110	681	685	686	386	415	994	12	912	616	399	371	163	491	368	790	621	202	443	851	909	624	613	606	514	49	132	667	783	443	157	11	895	316	775	1000	435	804	456	420	553	268	606	447	975	599	336	304	152	176	326	134	718	348	758	63	418	993	833	840	112	199	277	710	878	982	436	917	134	641	765	103	81	354	993	687	879	301	529	350	997	
1011	479	702	150	548	530	934	117	591	309	565	73	714	458	146	354	984	411	467	507	119	305	100	337	313	593	419	155	22	868	290	195	382	717	68	932	73	113	396	579	897	122	426	963	683	572	967	876	90	356	875	684	972	61	189	417	49	189	555	189	961	407	522	346	381	538	96	896	546	523	825	798	665	742	663	557	882	19	21	787	226	374	413	198	250	847	648	671	395	708	127	306	167	732	879	3	705	189	770	51	671	839	868	787	38	627	403	200	328	103	427	688	250	91	241	532	313	777	958	14	342	
1012	822	941	230	561	233	814	671	366	658	45	696	512	679	53	857	144	824	180	419	424	275	970	481	42	406	268	527	97	175	612	810	760	913	699	752	144	192	914	297	981	751	397	182	819	376	657	657	949	60	656	30	182	691	514	632	747	774	630	878	353	18	658	951	995	792	831	716	95	332	232	758	162	627	340	232	337	816	458	902	609	296	733	646	409	468	528	341	175	399	787	126	455	481	599	774	403	971	223	579	400	732	183	463	717	980	673	31	546	127	262	449	910	603	618	533	737	974	939	715	276	
1013	11	341	381	58	444	518	991	82	939	412	570	745	744	906	439	394	909	769	686	404	973	385	851	407	160	34	863	8	468	15	915	263	749	141	474	446	456	584	215	876	916	63	717	155	147	121	102	271	664	257	134	249	985	422	880	786	918	269	313	876	394	435	476	373	322	453	374	149	388	299	51	226	498	693	88	786	647	228	163	434	265	540	864	996	711	272	197	406	21	671	984	920	950	326	256	717	225	518	553	871	87	919	388	589	668	5	693	430	292	578	759	290	608	516	381	486	593	504	915	817	
1014	751	837	149	463	272	301	112	363	351	387	283	122	164	96	74	819	551	443	150	388	683	80	136	535	624	558	527	631	149	128	155	725	29	662	611	982	250	341	564	976	48	244	98	853	379	728	916	750	123	779	211	260	751	928	852	291	848	866	431	777	703	381	214	157	874	853	857	347	395	86	898	783	17	396	765	895	371	820	930	134	594	275	149	495	150	621	974	231	252	840	781	78	519	970	368	598	429	633	641	957	75	698	57	840	211	947	698	889	108	893	819	51	683	804	236	234	945	929	157	417	
1015	618	363	302	948	336	883	216	918	57	985	396	51	551	875	380	125	530	817	802	791	377	640	756	583	606	480	648	360	835	107	249	43	167	463	10	966	437	909	51	342	15	418	114	778	703	534	43	567	679	548	555	707	458	105	609	868	217	161	623	313	770	486	72	44	519	106	554	14	915	415	85	779	226	900	44	640	961	571	340	658	227	281	627	912	766	510	916	892	310	222	375	422	152	7	333	226	842	355	541	691	393	256	641	856	778	199	381	949	349	946	192	61	375	913	755	855	615	271	82	15	
1016	952	377	694	308	37	426	372	64	940	836	293	406	946	517	738	287	50	875	178	571	899	159	752	849	844	467	143	836	155	694	979	178	71	125	834	86	66	612	883	785	627	630	813	12	43	313	675	41	927	766	30	547	629	744	20	51	442	314	848	404	587	973	538	689	35	370	473	246	397	565	934	133	690	300	98	946	764	111	690	552	804	87	66	181	385	787	928	371	347	105	971	585	343	786	756	850	571	657	939	68	757	597	13	604	599	853	532	928	213	92	656	540	626	894	845	57	72	73	388	875	
1017	671	903	786	783	171	239	28	377	321	720	976	459	428	152	990	866	482	820	589	310	386	683	949	377	498	319	743	176	490	321	386	12	869	500	399	459	40	445	351	419	187	233	379	471	417	696	451	205	707	200	315	398	689	733	396	472	539	368	255	609	637	726	632	733	114	314	32	202	482	301	82	634	103	357	435	808	332	68	980	831	535	3	705	871	177	78	23	369	843	801	826	565	451	915	868	913	311	522	509	501	689	656	319	462	476	597	217	680	582	932	167	231	767	786	40	311	897	764	344	490	
1018	657	902	194	43	745	488	640	619	763	102	501	28	293	453	310	202	919	14	877	983	337	902	326	226	39	582	119	769	921	933	996	170	64	381	697	934	382	411	738	759	374	299	391	276	148	12	860	971	221	96	544	990	570	671	844	993	641	812	583	122	453	736	319	34	919	373	930	283	773	461	302	475	81	37	790	80	629	820	526	724	327	185	713	700	767	100	481	707	704	890	342	228	342	759	626	679	741	976	333	123	707	991	861	998	79	2	129	33	529	69	693	200	755	447	536	616	841	803	132	265	
1019	961	926	462	886	76	287	818	514	964	770	430	986	719	983	121	717	27	263	63	879	784	785	389	651	36	516	419	15	838	502	50	927	383	213	841	157	894	708	723	847	331	920	51	25	198	204	123	277	233	97	41	792	283	658	75	158	550	47	124	593	252	496	7	414	198	204	556	537	716	34	921	347	284	585	475	480	812	331	613	966	650	727	711	458	791	207	67	45	575	103	460	888	997	520	872	483	964	787	440	492	416	377	733	782	246	451	365	88	10	374	918	688	760	65	763	79	293	66	428	311	
1020	549	259	290	321	486	100	885	387	666	732	493	161	585	734	545	91	559	26	664	374	379	159	508	562	143	218	935	675	833	248	580	123	137	760	274	72	276	708	532	921	200	545	861	487	314	293	26	674	836	633	800	18	827	480	952	199	416	279	848	123	613	404	941	358	434	379	549	698	272	735	265	472	639	399	691	994	883	34	780	299	796	539	401	956	6	48	175	569	853	319	724	651	13	34	408	687	434	406	213	711	131	478	851	391	277	757	927	650	653	604	516	950	605	504	914	966	635	55	326	783	
1021	53	243	645	611	298	160	238	943	535	601	455	942	257	754	782	603	884	753	488	952	443	412	131	16	391	867	959	476	719	415	633	51	671	163	784	253	148	66	355	426	102	897	642	830	951	367	429	688	59	202	602	844	248	267	27	669	9	565	910	23	277	913	127	188	933	254	883	525	790	696	62	699	84	294	48	894	160	472	564	958	363	617	225	432	507	113	500	556	37	391	165	973	996	757	25	544	544	899	56	209	227	9	368	930	632	599	514	732	277	320	403	955	587	118	885	254	427	375	703	557	
1022	505	363	294	162	506	999	760	616	259	246	129	945	429	495	942	539	861	14	682	254	852	378	649	628	138	711	884	81	476	164	135	85	915	744	225	319	416	473	293	364	269	765	615	225	773	580	144	469	742	822	582	762	406	369	518	558	420	661	99	724	161	700	411	737	638	148	440	572	207	15	20	181	713	989	425	138	320	48	64	29	148	808	9	34	13	704	770	856	252	297	715	941	708	269	89	527	1	247	649	745	224	481	640	866	919	894	593	12	278	233	350	932	367	446	506	789	401	695	431	874	
1023	242	980	340	487	585	761	640	181	9	533	989	506	408	736	860	528	520	421	201	16	921	538	65	389	270	891	76	691	871	107	373	584	719	949	248	633	39	139	436	129	538	508	713	325	778	11	475	187	507	182	79	829	647	516	189	128	882	714	663	698	438	64	753	915	786	879	90	139	542	286	610	573	771	30	812	810	560	290	966	929	96	347	46	709	394	523	7	431	785	32	109	934	358	220	821	301	98	762	241	460	152	619	803	89	938	219	511	552	403	749	461	256	589	966	295	577	828	920	96	67	
1024	101	998	840	501	776	562	53	375	630	174	980	676	978	526	30	408	2	521	839	706	452	961	522	123	517	738	48	132	723	904	507	728	217	708	15	493	355	296	795	937	947	80	12	602	19	468	827	846	276	115	352	780	47	946	391	435	985	614	362	634	764	822	607	864	876	868	987	637	935	54	927	168	449	944	795	402	518	956	456	282	673	517	234	459	837	463	69	859	626	651	991	414	531	115	231	251	381	369	749	988	610	204	466	820	143	773	265	764	139	423	438	46	329	46	789	486	479	737	78	29	
1025	907	568	768	863	454	788	785	933	657	916	516	365	827	203	709	470	832	982	824	665	781	604	600	884	278	250	588	981	632	946	944	219	387	652	440	953	152	301	194	308	668	104	940	1000	107	707	251	142	945	275	166	233	509	98	706	177	279	544	711	7	955	815	435	362	662	500	622	881	928	35	38	250	899	554	660	971	635	392	694	143	423	559	358	99	799	609	723	321	670	759	710	269	850	375	400	758	322	294	490	847	143	332	477	471	333	432	60	86	180	452	350	121	371	251	184	871	716	135	843	932	
1026	447	729	438	638	89	870	343	983	613	901	635	565	619	736	186	748	140	972	40	614	391	900	67	916	157	109	580	196	223	858	826	477	17	56	467	47	734	637	557	286	494	461	452	601	325	173	885	941	470	444	882	216	792	86	870	211	783	579	540	119	494	623	627	723	412	500	733	676	165	397	576	359	907	227	92	299	964	910	486	739	373	972	780	210	247	254	458	895	793	259	253	3	350	364	622	793	897	11	193	70	782	910	311	425	747	936	929	652	359	969	486	219	33	804	486	925	196	578	31	705	
1027	262	808	475	270	601	909	431	502	62	466	108	993	1000	179	661	838	306	764	220	110	672	276	24	26	333	944	329	88	68	453	561	865	146	413	869	743	452	782	868	653	573	983	615	359	859	332	802	933	43	980	42	665	705	58	280	857	469	377	333	985	562	627	246	433	457	395	857	871	406	42	664	934	377	599	823	143	511	426	841	711	762	619	263	481	286	766	139	493	805	202	954	962	502	731	496	391	186	972	825	768	247	760	101	391	824	219	299	226	276	85	329	12	830	767	435	94	534	73	546	294	
1028	419	615	400	159	371	608	581	308	406	258	394	591	442	249	2	484	939	323	262	611	436	539	908	65	705	749	350	633	851	237	317	294	380	685	997	637	660	134	2	249	922	55	716	423	630	972	903	67	671	48	989	34	345	303	864	730	761	805	643	63	548	899	313	711	93	99	992	104	749	186	351	112	560	285	782	557	606	623	156	807	447	34	919	131	946	708	271	73	455	612	140	440	508	85	658	88	381	274	706	864	224	826	483	753	712	359	184	875	383	113	523	383	954	480	410	388	344	402	218	790	
1029	818	394	444	418	298	729	96	494	962	2	749	707	217	950	708	425	627	595	855	948	843	692	922	697	227	64	55	379	987	720	25	916	942	659	355	863	371	293	89	494	90	288	495	255	5	464	265	333	617	462	43	324	5	277	538	836	523	97	514	626	156	185	906	20	449	578	517	235	87	814	402	102	995	516	598	500	630	202	392	490	426	545	118	734	582	824	254	651	23	731	215	703	96	21	777	57	674	796	642	126	95	148	819	389	884	719	458	738	22	963	505	233	630	916	55	676	47	36	382	238	
1030	40	669	656	13	493	894	147	594	811	970	168	227	616	340	549	142	472	772	73	666	548	773	322	908	960	896	612	431	850	378	116	228	871	524	806	907	864	34	924	129	358	646	192	410	465	181	124	256	663	66	272	308	379	42	636	581	68	584	511	487	57	682	391	214	617	492	977	499	23	651	979	534	557	876	304	829	872	6	548	427	493	469	680	716	347	377	409	144	17	359	844	295	449	950	285	732	517	117	960	373	552	418	951	241	1	166	38	387	940	695	603	958	169	710	73	682	729	827	991	734	
1031	525	53	190	210	286	679	407	819	7	53	296	733	224	137	860	665	154	274	85	701	344	961	563	515	347	267	789	271	350	87	127	43	522	80	764	453	779	268	38	851	906	286	133	774	171	185	100	533	778	790	642	347	266	880	591	364	238	510	877	876	660	289	506	856	86	606	403	753	963	638	66	254	854	196	699	273	45	863	84	134	876	401	339	535	219	270	340	627	606	89	811	912	683	308	463	982	553	583	744	310	823	491	571	211	259	287	907	296	381	826	873	843	282	426	479	80	181	629	674	760	
1032	30	711	139	29	978	695	148	860	163	990	789	328	652	272	683	57	335	620	834	394	548	870	812	499	618	88	726	342	571	936	300	132	323	256	246	521	945	610	163	5	769	826	549	124	297	833	245	857	83	799	808	518	923	417	737	791	305	283	682	344	369	807	790	899	1	615	617	735	50	719	145	821	795	735	110	613	722	255	713	257	548	124	297	936	432	962	163	558	479	906	779	41	878	911	622	663	759	283	562	391	181	943	528	741	135	451	153	874	111	482	519	530	715	66	845	976	675	130	642	800	
1033	357	313	507	540	975	964	40	871	941	91	960	418	610	520	563	958	734	53	202	999	329	104	477	534	354	157	718	139	721	36	45	151	523	741	29	753	671	297	550	807	900	603	900	888	918	407	849	96	905	882	111	275	789	219	265	765	43	95	690	130	638	827	189	153	85	750	342	198	312	412	241	776	889	963	811	376	14	23	61	724	4	641	328	483	726	696	357	602	142	758	404	142	426	198	728	186	515	116	400	211	314	414	529	490	500	425	811	251	144	744	193	684	630	488	797	983	643	143	355	275	
1034	863	52	488	341	949	454	226	772	151	370	480	36	950	663	165	276	480	469	303	501	24	908	318	408	746	374	559	756	249	922	449	632	596	42	600	205	961	63	521	608	488	868	349	479	444	489	985	858	5	33	140	612	865	94	11	449	732	203	578	82	478	785	596	463	300	766	797	325	585	12	518	800	294	494	209	283	936	384	405	69	810	503	492	950	42	79	579	194	624	340	762	885	140	810	156	120	783	297	985	571	558	123	938	148	594	528	645	494	475	629	82	598	398	328	741	394	948	951	110	803	
1035	57	485	764	789	388	769	499	478	689	490	528	622	822	5	707	107	2	289	803	420	798	944	84	433	634	856	929	214	166	195	995	148	842	476	960	592	279	882	287	48	216	689	651	603	595	143	94	249	93	197	536	211	837	423	496	812	303	926	482	320	780	395	746	75	631	46	424	494	843	145	197	549	60	382	37	868	764	48	412	596	31	777	430	297	984	919	522	286	661	156	854	290	913	774	57	804	113	933	445	981	505	476	428	502	695	185	189	330	783	920	558	421	657	20	396	741	849	567	177	839	
1036	877	485	693	749	364	952	687	118	455	487	391	751	996	277	586	503	905	20	980	638	158	684	691	100	575	451	847	103	9	965	848	305	303	222	408	376	237	246	2	767	821	421	68	974	864	223	641	318	632	81	586	144	435	733	998	166	442	18	767	786	155	184	920	21	468	858	627	411	433	12	959	93	55	223	435	326	442	843	740	955	876	333	229	21	927	673	167	881	741	930	198	465	350	615	287	364	826	752	87	68	959	578	462	343	605	582	460	96	128	201	578	214	734	840	836	749	10	730	413	715	
1037	426	147	846	978	373	645	669	418	209	835	164	864	831	573	212	271	522	423	634	755	152	315	807	958	377	575	944	99	917	416	894	178	155	399	232	158	56	619	792	635	940	464	580	628	915	822	918	204	778	149	126	195	809	271	430	651	592	694	518	580	277	17	785	157	101	585	687	211	288	224	805	527	530	108	794	539	999	128	52	445	423	773	122	288	307	231	763	503	7	522	519	571	336	751	276	711	959	345	948	266	486	709	692	492	971	521	120	85	507	340	493	386	473	743	240	145	807	602	166	856	
1038	394	523	929	182	546	702	793	298	167	277	881	554	481	189	51	662	926	701	489	190	769	803	771	815	51	159	312	28	793	447	407	159	495	10	782	696	794	81	474	861	316	307	656	723	108	480	76	875	164	280	16	753	887	221	1000	745	2	926	907	643	67	166	972	209	783	221	994	710	584	180	716	729	367	734	161	945	854	965	559	828	82	435	130	459	95	739	824	200	444	655	715	419	920	331	487	153	532	298	628	383	859	447	293	693	441	855	698	734	680	493	148	70	144	805	31	365	951	565	349	60	
1039	825	560	613	8	399	7	480	94	914	557	667	332	314	639	186	736	796	309	856	937	894	538	636	55	630	959	247	18	587	565	772	749	980	2	737	916	272	709	158	60	878	853	468	106	894	72	743	766	519	72	335	209	682	850	356	597	518	585	976	941	910	49	497	101	496	800	630	923	608	586	26	405	292	324	15	677	49	960	846	283	582	267	524	937	119	556	542	637	605	623	376	370	620	800	266	152	813	523	85	701	509	587	29	116	630	50	335	541	92	97	844	421	843	680	494	328	615	248	611	44	
1040	751	600	576	486	636	752	540	275	939	989	155	761	715	590	486	427	78	634	819	15	625	499	326	292	62	110	446	632	102	923	772	992	154	288	831	29	259	339	452	523	320	951	580	130	89	702	357	818	730	752	326	795	42	747	685	755	204	28	52	244	717	173	852	565	752	103	496	679	726	210	381	491	674	370	968	602	484	68	649	5	756	482	342	390	498	859	803	583	99	391	137	578	742	233	556	344	200	270	466	390	981	261	601	20	512	671	471	608	261	497	824	555	485	408	4	674	730	820	991	800	
1041	136	549	137	786	153	541	698	891	500	957	488	88	29	463	247	316	302	938	564	668	973	660	100	909	137	215	270	825	950	337	190	172	222	601	715	966	851	934	60	258	530	722	359	695	690	631	906	836	734	913	334	537	351	708	104	59	302	503	249	529	48	314	905	317	402	299	15	365	887	479	692	163	888	832	530	105	59	546	335	561	232	330	462	124	664	601	399	705	558	557	133	704	482	632	697	688	916	814	189	110	230	465	692	742	125	895	512	975	897	727	396	947	779	591	244	500	583	513	345	349	
1042	64	657	31	797	86	382	723	27	471	909	984	255	955	987	637	282	375	35	545	532	238	627	489	688	255	192	858	421	935	206	464	625	568	309	614	713	777	608	671	559	832	759	124	212	93	872	686	726	433	274	247	771	456	322	348	758	42	730	46	897	664	774	562	100	613	952	373	821	587	391	979	593	80	308	554	58	336	941	771	314	693	389	561	758	299	147	261	582	673	802	496	372	46	978	586	531	368	508	652	122	707	44	65	465	863	570	114	555	147	385	970	925	169	220	622	582	234	365	162	543	
1043	264	528	845	968	272	58	693	696	272	378	487	177	245	383	534	990	10	835	711	374	764	636	464	575	591	152	971	570	304	724	747	465	957	277	261	398	17	160	619	390	61	832	733	46	739	127	489	732	613	799	101	337	934	856	626	782	774	525	756	397	892	890	855	633	935	841	900	81	102	349	900	705	137	182	780	673	103	455	201	753	737	740	246	205	583	456	132	358	257	702	482	578	121	574	325	357	703	594	985	840	781	585	617	753	213	716	723	498	47	32	407	414	31	515	306	457	999	762	422	568	
1044	530	796	594	583	422	333	229	982	569	613	275	376	796	641	414	217	610	67	970	45	25	795	2	288	564	80	350	838	71	31	67	620	979	755	931	470	355	614	463	939	917	55	603	574	413	101	425	294	87	419	384	704	572	612	733	587	214	776	219	516	183	984	976	787	599	591	392	38	493	929	45	261	144	688	511	358	374	685	753	34	564	332	812	463	79	131	984	383	683	12	944	889	170	328	573	63	367	639	854	376	763	294	279	246	872	832	535	82	581	568	758	247	273	229	175	828	155	879	362	422	
1045	505	949	38	303	136	68	246	75	179	975	938	527	516	3	245	615	678	291	161	211	950	497	723	334	943	631	670	448	409	867	591	393	689	739	945	592	735	365	586	635	596	722	245	879	659	915	522	467	594	636	379	408	592	953	168	987	713	959	157	806	832	428	530	363	332	593	195	851	782	294	777	383	450	143	882	724	812	406	788	180	53	273	816	51	974	38	572	359	652	940	593	348	981	668	95	607	914	103	133	561	653	849	37	934	940	295	335	398	623	333	45	324	703	987	920	294	135	361	537	628	
1046	440	810	700	247	603	822	868	250	710	773	242	515	949	725	97	675	81	86	509	459	943	900	889	599	33	435	487	140	688	486	160	828	634	776	916	279	249	231	316	332	325	661	149	329	747	185	496	903	949	286	633	249	180	482	453	438	819	241	791	309	718	451	908	561	475	523	861	749	479	290	237	329	244	940	508	774	250	745	179	511	356	614	617	176	148	901	942	787	225	514	30	753	840	984	175	454	993	916	599	120	396	951	968	745	772	122	813	859	698	645	242	563	141	120	278	449	648	414	940	159	
1047	799	835	72	608	85	923	660	766	649	465	113	265	78	37	563	292	246	529	847	491	645	436	228	384	683	168	300	175	29	385	938	123	702	40	195	269	970	694	898	914	787	997	239	508	56	323	336	964	722	624	27	958	417	403	618	13	247	879	752	385	971	564	915	470	664	979	770	232	303	922	137	635	691	537	499	783	715	524	791	28	325	570	942	354	617	365	716	733	124	203	85	863	142	652	986	918	726	493	4	135	732	389	912	675	319	94	684	602	32	526	601	37	591	574	697	632	117	899	683	559	
1048	667	372	120	199	178	528	370	526	158	362	477	585	999	936	322	233	484	379	475	40	266	6	550	728	46	116	671	469	236	14	820	385	72	405	596	479	558	253	114	234	286	99	983	406	546	97	942	823	490	424	308	681	104	725	976	936	968	118	511	978	962	686	387	553	187	303	196	533	560	48	679	689	924	960	775	492	404	618	913	547	866	682	701	117	983	814	265	88	221	808	120	394	779	11	444	298	281	211	447	128	303	442	904	490	626	481	204	281	839	436	459	228	634	41	644	955	737	506	684	350	
1049	153	931	150	512	476	255	628	133	761	109	18	797	603	477	607	678	757	246	503	233	358	346	985	323	646	131	555	780	673	38	491	743	74	767	663	569	977	325	80	486	376	335	98	168	874	95	839	873	605	342	260	323	833	888	308	661	969	777	420	185	594	681	576	828	50	916	100	782	283	5	324	819	272	972	783	897	703	765	586	506	864	859	946	964	717	476	516	648	434	127	112	608	190	276	35	876	354	59	4	567	802	727	562	653	386	564	707	352	715	807	312	307	702	557	863	134	505	511	761	19	
1050	188	798	593	20	567	669	823	210	339	209	691	653	164	128	708	750	279	413	252	942	621	81	810	9	429	301	695	101	8	27	16	51	128	166	803	589	75	807	269	705	60	690	811	293	603	192	440	115	286	197	671	823	616	21	753	463	625	227	864	50	223	898	77	476	275	888	23	737	399	144	622	879	454	710	471	586	340	216	344	258	376	803	335	135	279	628	142	1000	460	129	441	72	28	255	683	122	958	12	854	479	379	439	953	566	682	679	31	803	752	802	350	514	574	192	557	365	411	230	722	885	
1051	407	882	758	304	112	50	839	592	642	86	240	7	822	144	155	367	756	275	624	526	845	192	708	759	770	537	874	354	452	204	102	536	445	531	573	10	550	593	192	826	27	327	315	516	484	809	761	526	13	802	138	126	609	271	456	579	394	826	662	766	52	574	658	578	307	779	692	650	713	770	79	234	397	843	945	450	681	764	286	102	810	870	769	328	654	795	397	538	440	98	672	79	855	782	353	394	41	443	164	273	650	3	884	323	433	712	473	663	573	99	194	503	883	85	420	989	676	939	195	605	
1052	143	185	571	518	53	781	166	911	691	141	774	399	989	783	986	336	440	420	325	80	173	438	529	257	640	100	508	667	617	3	443	631	874	424	532	527	811	19	80	397	811	486	57	674	856	207	121	680	577	177	147	258	9	226	445	98	918	688	62	219	475	69	340	768	323	485	866	740	520	942	480	660	675	936	339	946	540	380	15	795	635	313	922	227	440	325	906	95	353	545	674	524	202	824	585	774	642	874	715	540	75	676	869	610	346	634	915	358	176	319	348	223	408	268	680	707	266	760	32	849	
1053	599	376	838	918	797	321	267	567	501	73	214	949	909	447	72	401	596	625	48	405	992	800	958	110	657	839	482	791	578	104	942	393	721	816	249	783	772	692	382	257	918	476	580	279	50	574	391	144	16	86	55	603	462	676	975	543	969	823	937	286	620	329	176	999	423	883	214	388	20	235	167	689	318	2	821	471	67	75	53	927	724	761	483	418	282	744	162	393	867	366	54	297	445	611	29	761	90	312	483	135	141	644	653	959	301	277	721	205	719	933	68	222	192	658	268	698	795	698	695	933	
1054	286	882	102	478	783	503	247	282	615	177	622	456	850	554	587	106	772	592	827	487	292	123	388	301	793	946	331	602	628	126	858	743	639	302	950	327	68	509	608	966	153	249	722	613	170	101	140	149	736	882	23	410	528	121	907	339	567	117	868	326	853	759	682	17	863	793	593	159	690	174	885	215	525	945	274	979	622	670	612	720	727	103	147	785	874	184	609	465	619	981	206	384	86	882	571	934	640	434	286	934	730	844	702	813	947	419	624	715	381	389	41	744	84	135	53	699	330	879	447	15	
1055	570	905	448	733	695	510	429	266	603	23	101	499	846	107	879	412	118	82	540	320	371	428	328	988	154	637	265	750	758	492	199	750	748	797	213	133	150	907	238	275	811	530	668	469	188	428	477	455	554	2	895	5	102	285	214	169	705	461	83	688	53	706	399	437	979	217	168	779	879	754	347	821	97	808	363	40	94	720	544	692	606	934	780	398	359	84	18	130	858	428	80	159	748	95	871	851	560	703	56	401	498	163	73	295	639	289	8	541	4	553	424	283	756	702	682	155	366	880	301	455	
1056	569	905	572	507	629	48	191	617	829	646	350	72	365	147	474	676	444	382	227	574	685	100	701	547	332	417	626	28	546	727	41	710	493	997	797	442	90	465	201	112	372	729	674	879	481	471	605	280	251	587	51	676	693	965	193	587	886	755	325	999	915	135	327	320	776	357	332	417	614	371	401	835	148	122	118	649	215	53	784	123	116	984	891	863	576	818	88	852	166	557	692	849	864	774	529	358	729	936	673	977	995	350	160	180	941	433	585	860	391	78	419	709	488	420	22	205	384	100	25	151	
1057	410	861	896	164	995	480	895	170	783	939	648	375	697	156	602	502	757	443	906	489	138	463	607	551	71	945	151	587	355	188	122	171	455	898	910	702	95	251	530	113	434	714	408	252	277	312	692	856	982	917	394	804	464	411	751	225	371	326	206	10	374	305	238	944	327	27	874	253	241	530	769	384	680	974	911	776	433	393	804	996	558	998	683	289	160	72	910	934	237	988	248	61	981	417	803	3	448	166	219	642	10	13	875	4	873	928	103	148	614	249	193	719	114	302	815	249	276	332	917	301	
1058	219	911	572	249	107	722	58	266	165	827	653	386	709	16	504	622	175	302	527	908	735	411	724	149	373	45	105	961	321	434	759	154	932	809	959	354	575	729	398	22	31	97	118	992	705	888	147	559	243	350	123	346	788	378	746	877	988	309	636	546	551	263	172	467	805	472	221	343	726	394	207	444	237	573	525	325	866	323	932	339	124	766	262	296	887	542	792	74	546	831	737	765	772	730	676	644	609	411	319	977	847	883	245	51	182	551	177	824	135	449	132	643	203	53	929	71	824	23	71	237	
1059	211	959	458	586	533	911	261	109	354	725	352	2	662	704	620	658	7	571	802	232	762	755	407	792	165	692	391	935	701	527	958	805	569	439	410	369	430	716	149	467	245	103	507	800	562	47	254	153	669	19	978	957	54	241	126	433	501	775	311	101	824	376	780	17	705	665	277	575	319	972	165	2	708	701	354	928	246	475	242	620	178	953	713	655	22	606	552	528	445	450	368	817	473	570	807	892	636	781	890	206	855	527	956	35	351	654	214	618	980	924	736	634	924	693	6	213	352	65	462	476	
1060	180	665	51	326	796	937	775	128	514	186	37	830	197	427	741	998	684	815	878	91	602	607	3	516	910	34	367	405	572	120	70	701	246	787	156	360	479	784	633	326	482	44	693	636	606	506	760	921	165	756	333	971	149	752	160	707	398	613	94	70	349	885	260	557	816	886	955	688	779	292	898	663	651	217	341	193	809	680	428	608	58	814	615	916	12	858	536	535	299	198	217	369	821	838	232	646	946	825	888	485	128	894	699	249	646	865	925	557	136	389	242	763	210	404	898	518	608	637	420	722	
1061	118	104	856	451	83	794	358	508	341	172	990	694	45	323	646	371	787	237	616	881	403	89	539	823	815	208	665	553	827	330	434	126	412	436	218	905	282	985	374	29	809	102	813	844	762	450	396	458	191	846	554	845	511	625	70	983	47	112	150	271	650	180	57	709	225	436	206	117	822	5	751	390	13	518	625	988	781	529	29	586	926	631	691	99	764	363	173	363	667	954	827	154	658	113	726	17	340	640	406	992	181	214	599	591	379	37	465	268	165	95	448	788	248	784	644	917	463	742	881	59	
1062	159	617	562	892	898	488	332	718	361	1	706	24	901	640	520	505	354	671	797	467	916	613	288	52	274	395	73	475	202	977	983	296	694	809	126	415	766	609	980	727	526	239	403	110	584	648	881	631	245	946	190	262	689	395	358	643	916	226	849	150	40	388	399	786	839	985	447	317	109	336	945	838	71	736	963	456	178	545	801	102	494	290	801	151	268	884	158	197	302	319	259	168	783	332	762	88	419	866	165	243	16	597	101	700	476	172	537	565	984	2	994	206	966	839	20	294	208	615	735	833	
1063	852	55	162	583	400	345	811	337	469	584	331	733	840	902	368	70	291	14	502	76	371	58	870	68	793	904	802	218	876	723	543	468	439	727	92	825	239	4	203	505	409	583	973	974	889	926	539	956	741	482	122	381	755	178	430	521	416	549	651	708	636	640	960	223	690	33	173	52	107	555	918	452	133	476	889	75	88	99	780	551	930	69	234	524	404	194	328	356	573	19	2	13	77	127	356	907	348	703	646	968	315	94	255	945	691	845	517	371	998	774	604	813	171	639	742	592	85	529	714	381	
1064	418	111	165	832	176	946	903	989	967	238	741	551	140	148	368	194	243	92	54	89	886	627	552	534	23	37	297	782	496	844	252	476	49	953	589	285	666	819	139	20	258	542	468	791	31	710	114	354	494	404	316	354	189	408	48	996	559	303	351	623	528	151	634	112	953	297	404	965	63	934	88	451	583	566	636	691	525	388	653	483	389	966	974	698	393	611	963	598	853	214	323	25	407	170	38	896	442	702	426	686	485	196	300	817	616	413	430	820	967	879	4	189	226	313	307	239	27	77	739	442	
1065	231	12	314	37	382	752	854	28	985	632	178	869	148	338	326	299	443	496	800	52	678	492	216	803	309	987	619	739	54	360	234	917	381	611	803	444	139	609	144	31	754	925	151	343	439	375	947	81	41	876	632	902	226	223	836	121	308	687	852	529	893	120	45	816	406	774	252	771	968	288	224	202	336	905	231	82	661	597	550	146	79	306	837	683	138	916	457	988	916	934	708	820	891	629	474	961	842	87	638	49	270	245	381	335	388	101	328	920	45	267	768	646	756	680	845	220	368	531	552	876	
1066	952	706	86	216	806	259	873	250	758	151	359	852	480	807	884	821	968	500	39	464	193	137	236	529	360	842	225	41	109	423	64	352	198	973	453	443	580	431	344	750	761	433	741	163	74	685	650	340	122	322	744	197	728	490	614	342	98	458	458	231	769	975	801	53	983	463	170	556	262	390	902	413	930	106	282	827	418	105	864	368	108	514	691	165	303	257	138	466	108	775	871	810	407	177	304	875	83	503	837	412	636	368	579	640	561	476	960	571	913	218	496	658	469	316	960	695	894	704	209	661	
1067	88	231	897	464	131	827	546	970	941	173	43	335	893	606	318	876	62	637	67	806	240	784	217	69	648	910	988	790	693	963	712	846	908	963	717	459	471	826	820	277	537	20	120	301	397	256	896	261	136	994	860	121	524	706	78	540	646	327	188	286	386	271	195	876	733	75	366	456	428	31	774	563	35	568	188	24	840	1	77	563	882	903	134	730	948	203	529	907	662	881	542	62	845	743	709	20	202	695	882	600	833	136	211	85	395	434	502	536	782	353	590	23	467	516	16	746	529	494	649	121	
1068	293	707	39	664	489	343	365	243	607	180	274	120	110	953	489	793	514	887	180	384	792	419	344	509	945	971	896	579	762	311	831	700	706	282	448	266	358	512	696	464	410	346	478	16	889	616	657	854	895	879	844	404	533	339	622	607	581	406	685	779	462	106	843	971	850	435	137	211	470	353	956	153	594	341	989	849	377	841	93	648	483	885	496	900	529	919	185	42	241	370	927	639	20	187	431	755	107	816	658	355	609	561	553	118	533	764	661	315	54	292	300	1	836	953	417	758	237	446	986	844	
1069	783	216	969	594	497	491	717	679	407	716	154	902	90	55	311	420	392	129	638	295	120	638	879	99	309	126	772	382	537	672	958	889	740	992	479	616	701	381	738	420	368	22	664	374	913	191	205	638	640	102	946	518	574	931	539	72	46	527	492	359	63	124	312	573	745	469	643	488	23	159	609	538	268	65	469	626	800	384	718	621	565	70	895	641	853	700	918	139	671	765	840	135	153	308	819	136	176	945	67	345	710	41	641	363	547	948	825	687	775	754	451	455	398	832	509	553	486	623	863	36	
1070	831	335	877	959	194	69	227	814	491	961	362	34	169	60	341	820	551	749	96	117	582	989	813	708	268	876	645	952	543	277	922	99	29	560	258	192	910	104	846	318	492	60	380	756	617	609	274	576	298	623	660	667	75	130	791	775	35	685	279	596	529	442	542	415	903	933	918	52	742	482	345	822	411	236	815	964	384	175	616	478	694	200	154	288	137	124	533	518	868	222	853	714	279	157	992	873	382	469	769	532	444	677	732	262	488	425	747	234	167	400	872	63	250	993	859	333	601	433	839	962	
1071	73	200	161	952	366	256	715	401	16	458	112	928	607	830	519	276	395	63	164	821	371	505	42	94	184	23	178	458	739	628	306	861	956	960	49	869	69	205	586	441	22	603	368	264	946	657	881	637	514	852	381	666	160	261	232	131	719	398	526	628	169	941	695	749	121	205	284	813	642	761	544	829	999	858	58	758	581	507	43	982	214	475	299	646	751	306	393	808	908	8	570	496	835	402	72	623	718	47	23	192	445	802	285	437	291	312	809	105	312	101	37	28	63	258	358	170	880	393	924	885	
1072	308	989	372	529	291	630	476	429	797	453	414	590	489	377	145	843	861	427	930	923	511	609	41	157	265	488	341	500	394	97	435	501	563	792	427	27	472	897	379	533	40	548	744	101	406	331	450	197	833	48	552	182	928	372	364	961	834	174	656	473	605	361	72	688	237	242	362	553	464	808	412	678	96	772	677	219	489	763	623	962	595	601	451	305	897	353	117	1	35	395	305	184	834	804	495	401	298	860	739	315	605	708	504	39	21	150	102	166	25	234	480	579	716	966	803	188	851	446	733	174	
1073	452	946	929	616	922	405	882	218	493	813	201	653	116	358	698	375	730	137	615	191	408	918	854	36	118	481	247	340	491	723	673	1	140	91	757	768	313	124	970	669	174	537	83	953	889	758	30	685	47	296	455	284	124	376	125	131	754	748	42	500	201	607	824	125	737	483	394	530	292	211	569	362	31	21	513	200	58	496	476	752	430	251	20	182	863	606	862	313	898	565	885	893	928	754	485	529	387	793	786	958	41	75	184	746	447	843	796	748	600	981	610	576	230	136	864	421	512	369	139	630	
1074	818	305	358	431	75	879	503	419	624	860	300	616	666	381	469	831	203	914	299	826	628	305	965	360	785	290	123	832	808	787	401	707	325	508	694	879	258	597	69	721	965	991	83	251	250	865	987	78	763	836	910	457	933	569	927	915	653	977	62	526	307	309	147	469	366	456	518	79	840	993	988	740	42	5	261	583	867	636	187	413	885	979	757	157	937	938	437	856	661	127	831	403	331	739	660	699	843	787	566	480	363	554	988	877	471	941	904	127	636	527	231	315	89	974	672	925	991	549	513	631	
1075	923	446	679	655	708	468	468	126	591	461	170	990	368	837	91	330	55	900	568	989	968	13	753	285	132	71	706	224	904	137	943	718	925	739	745	599	216	602	409	743	706	181	948	118	51	270	135	861	51	563	469	134	993	934	255	155	287	953	315	378	573	798	57	712	749	198	97	795	791	296	945	684	422	52	414	229	123	993	248	463	153	556	796	360	928	130	140	466	950	511	745	439	954	720	956	572	155	662	177	652	97	820	757	335	706	59	649	650	632	980	231	1	193	126	157	498	239	936	681	219	
1076	753	859	239	281	862	721	861	887	92	294	425	94	415	780	7	278	770	605	182	762	712	372	729	59	178	337	692	917	266	13	341	87	575	930	616	385	922	383	832	905	32	171	147	879	825	743	245	306	641	105	239	226	869	982	905	783	968	760	862	857	694	456	688	898	457	870	28	698	866	303	367	385	450	166	160	842	761	166	216	638	480	918	15	870	402	934	873	917	104	721	777	485	837	428	509	353	302	534	706	179	399	328	113	416	666	279	122	208	209	56	16	642	214	915	782	375	769	587	976	158	
1077	925	980	824	279	831	282	44	832	347	659	694	657	867	342	372	815	687	1	570	887	214	741	830	660	145	586	718	392	94	950	488	589	251	328	498	875	593	882	707	421	444	742	170	119	48	255	542	227	438	771	582	484	463	576	234	450	64	557	241	432	630	227	268	986	452	988	731	683	435	642	367	262	834	355	831	163	558	515	199	44	755	258	502	960	652	936	566	640	999	367	890	553	628	168	147	433	920	672	43	261	565	292	190	738	932	674	37	739	110	410	525	299	735	598	880	243	116	934	523	638	
1078	230	903	922	312	60	683	370	990	404	554	442	750	255	865	515	563	724	212	464	439	229	226	144	649	933	406	532	288	304	711	435	503	676	890	445	929	119	422	125	334	753	752	26	15	651	993	447	422	304	381	994	538	883	453	314	874	25	599	997	551	248	491	448	999	545	290	992	215	490	355	145	337	598	654	549	407	761	156	975	614	527	630	489	422	748	37	970	961	641	274	540	618	662	440	141	601	987	838	708	236	244	689	999	719	900	410	51	999	560	156	659	651	47	648	540	900	361	796	321	639	
1079	617	338	921	832	580	170	139	932	408	473	541	149	850	839	911	857	237	307	654	416	239	411	452	370	724	316	804	185	761	765	972	79	643	535	219	976	385	7	85	387	703	135	709	133	709	9	682	287	184	366	493	930	639	799	42	240	440	882	221	612	180	518	735	764	432	778	761	542	542	243	88	905	723	349	106	53	354	133	744	782	897	476	892	93	499	206	156	247	750	875	32	498	981	686	577	630	200	453	818	368	722	360	900	581	604	669	356	228	857	26	679	244	858	621	18	593	714	441	867	529	
1080	370	604	92	844	955	17	3	691	910	455	456	279	188	216	359	778	453	108	603	738	786	482	891	609	593	831	278	398	128	190	534	116	246	866	569	593	439	752	757	785	310	760	37	548	448	836	423	278	798	570	121	429	235	319	483	832	79	781	461	110	547	14	252	237	46	1	570	108	64	885	540	891	245	76	968	81	444	506	806	734	536	901	582	650	710	463	322	734	112	873	614	90	562	635	989	846	355	986	125	645	415	393	311	319	578	3	568	110	367	839	851	843	466	357	250	34	739	593	562	659	
1081	838	135	98	924	756	824	57	261	52	733	981	427	427	110	910	143	238	853	83	530	94	678	901	430	916	86	427	433	798	594	247	411	498	354	806	275	954	454	813	52	456	47	802	622	12	521	873	274	661	463	200	366	701	720	269	698	880	209	430	26	573	427	738	349	397	526	870	301	748	814	194	520	478	885	549	942	348	673	478	580	247	503	573	657	964	488	441	351	505	667	788	100	55	76	204	409	104	603	162	883	995	920	808	496	421	294	111	916	738	5	135	101	693	540	66	539	364	502	211	669	
1082	205	763	896	251	405	85	305	979	698	3	484	262	868	631	246	382	946	54	960	199	501	10	685	486	999	456	574	485	363	434	667	332	726	301	6	882	54	885	715	173	386	159	690	454	531	471	536	712	978	468	306	82	226	177	611	675	534	37	137	854	750	101	635	6	62	792	605	4	440	404	56	558	868	151	435	186	92	200	638	20	453	119	377	684	19	3	433	260	963	19	723	640	119	38	595	518	742	150	527	80	362	578	15	336	574	180	544	411	280	59	330	705	363	457	415	173	32	687	205	336	
1083	824	485	882	703	596	540	779	221	662	722	751	629	943	250	425	330	892	961	793	133	350	355	728	92	681	778	124	497	799	952	719	173	630	391	797	117	799	734	726	883	904	959	64	55	564	919	73	656	457	982	99	5	978	728	1	25	207	483	521	655	738	202	787	762	523	832	240	449	431	409	318	40	131	966	404	610	871	151	785	766	417	791	506	792	912	666	995	169	131	594	221	361	200	986	401	556	577	18	940	403	644	301	308	933	281	215	98	502	898	114	552	270	838	387	829	468	486	889	975	229	
1084	366	256	712	249	538	220	316	847	43	337	692	190	649	168	962	809	673	651	17	971	408	928	239	999	963	61	787	334	157	692	836	173	641	529	651	549	128	689	889	532	124	206	875	117	894	697	989	851	822	135	221	556	673	486	674	860	527	833	45	223	429	691	318	331	609	121	666	60	997	747	659	122	597	268	521	377	284	951	808	992	564	333	257	412	284	60	966	365	207	882	384	216	635	539	395	431	583	751	557	879	889	120	331	16	382	578	44	914	267	243	602	566	924	437	582	898	587	506	971	138	
1085	424	726	979	741	829	20	417	531	780	133	860	515	328	144	830	591	673	638	344	258	445	19	54	741	977	427	976	196	472	473	787	98	242	302	7	452	408	536	377	4	208	585	532	629	613	658	164	847	424	575	580	483	148	404	224	49	422	336	901	927	860	185	136	166	833	121	396	672	918	216	688	676	210	577	952	413	540	969	298	503	880	902	596	596	273	724	757	926	887	702	65	638	369	978	457	829	28	806	538	112	20	794	868	337	834	158	542	324	935	798	264	191	729	747	274	526	228	411	315	342	
1086	387	156	384	949	189	6	816	372	989	729	918	636	400	959	132	305	615	792	322	646	24	7	199	66	14	252	705	211	826	244	919	287	410	462	260	808	545	951	974	512	614	25	504	246	90	143	861	719	84	20	103	9	991	221	703	859	688	308	765	681	256	870	865	719	256	871	563	484	470	213	505	273	170	618	23	49	150	126	908	580	710	684	98	687	740	283	926	22	63	281	609	884	685	507	974	322	495	335	861	230	84	926	727	118	760	532	131	806	494	290	545	798	252	999	709	600	934	554	285	568	
1087	842	646	93	490	377	229	479	542	175	922	865	668	675	849	616	193	856	452	301	730	237	395	160	478	316	374	925	238	840	12	692	754	33	484	835	742	690	429	678	53	237	553	690	197	725	431	815	427	276	113	573	392	550	435	624	469	53	502	862	402	167	995	455	917	957	771	431	209	869	263	585	533	506	532	340	39	90	153	866	664	313	516	686	482	725	65	558	384	761	468	170	948	773	706	868	174	782	123	688	820	554	3	734	261	31	137	629	795	236	279	562	184	320	723	265	855	10	733	667	159	
1088	458	98	555	348	272	41	614	812	892	743	966	833	576	69	829	226	617	5	456	842	264	102	809	15	143	654	136	869	542	135	42	706	318	917	528	795	871	494	564	879	165	451	895	242	264	943	678	37	724	869	942	804	845	95	445	648	847	756	572	678	718	249	594	903	706	692	402	233	869	157	432	183	71	997	623	69	697	579	487	311	481	645	637	697	950	20	4	601	413	732	339	333	835	938	686	223	476	742	641	232	219	595	474	292	170	285	791	514	932	914	16	655	114	316	86	83	323	302	780	92	
1089	765	309	642	590	537	199	75	988	412	870	111	993	555	419	534	62	778	734	529	73	684	106	351	117	123	760	505	364	237	775	864	791	832	51	165	567	559	395	1	340	606	408	334	382	650	378	142	547	429	948	514	112	872	604	670	187	561	60	419	56	992	604	333	971	165	756	374	934	620	780	610	667	947	735	117	931	371	471	410	696	517	162	550	697	31	206	556	828	687	313	265	273	680	196	675	51	19	616	30	978	279	170	343	1000	620	795	892	305	916	363	699	318	43	727	235	523	424	384	249	744	
1090	775	467	237	52	486	970	361	442	216	267	645	433	459	6	716	64	925	540	822	589	333	970	957	566	924	315	479	652	923	53	606	202	398	362	293	965	26	58	428	971	67	975	693	457	857	473	623	512	388	155	386	335	669	782	661	135	31	820	501	27	918	408	127	54	295	36	440	986	376	451	283	934	609	256	539	63	812	678	265	683	680	50	255	810	436	758	446	358	186	160	949	732	778	50	755	682	273	258	960	788	641	421	463	450	979	664	718	141	922	159	993	90	690	449	572	237	81	892	599	98	
1091	29	767	823	918	83	906	30	68	549	859	450	540	608	472	896	472	965	584	449	261	587	824	804	465	633	368	785	60	471	378	243	198	37	18	534	370	907	500	761	345	107	658	229	34	252	853	672	80	145	911	923	980	393	47	850	749	256	260	261	606	150	541	938	271	7	656	502	942	523	961	564	159	350	69	485	929	658	584	433	492	867	60	140	312	379	220	348	751	728	216	882	566	651	353	887	591	746	215	473	987	65	912	151	566	908	388	753	580	728	911	395	19	315	279	84	264	944	335	137	70	
1092	395	735	564	293	45	50	239	744	120	671	936	430	786	561	15	95	31	978	112	431	355	263	205	585	400	610	156	320	962	850	2	87	471	85	768	460	355	409	918	240	914	120	765	883	215	18	113	741	301	207	503	104	100	301	754	756	679	982	620	35	563	142	236	335	842	836	427	672	753	207	564	154	31	555	227	54	335	75	932	360	319	433	504	378	906	28	299	591	187	410	833	521	644	694	459	615	189	531	564	977	216	242	273	622	949	352	689	105	482	76	705	143	397	287	179	20	733	453	399	599	
1093	667	282	739	979	978	983	415	80	123	516	791	456	802	606	996	573	528	527	563	567	84	359	802	895	274	904	328	276	679	311	973	85	476	1000	247	544	953	49	598	507	203	698	595	921	969	978	77	927	971	430	555	935	724	982	961	61	74	600	733	736	763	682	889	755	731	330	206	53	371	127	86	742	4	302	3	331	76	38	879	619	280	629	507	666	875	358	996	798	6	499	499	49	321	160	739	679	664	696	608	256	9	316	942	248	701	832	392	837	22	128	403	145	392	204	210	880	210	200	963	596	
1094	143	417	423	760	249	828	528	452	530	278	339	899	405	215	538	807	873	43	632	188	218	330	352	186	11	288	897	889	379	366	525	52	622	953	34	976	918	210	632	143	345	638	756	632	884	167	548	778	16	530	644	753	508	322	745	415	683	429	308	399	464	229	82	774	799	330	25	890	294	158	597	192	196	410	236	289	168	511	334	709	933	31	305	915	588	492	644	470	699	689	907	180	949	489	114	148	155	908	813	214	969	393	992	232	219	680	938	741	65	175	1000	568	377	552	479	362	748	169	25	689	
1095	420	524	537	29	296	823	231	944	112	319	683	696	850	201	230	95	138	296	117	616	304	841	501	339	703	605	111	972	128	448	741	940	111	960	958	53	787	295	718	200	196	428	58	154	144	727	635	510	767	12	105	252	488	738	521	427	155	557	666	402	128	128	244	614	776	751	258	303	779	203	482	803	785	767	587	951	645	963	694	539	919	223	880	101	304	691	359	793	180	477	322	344	611	98	454	527	336	936	510	986	302	107	35	408	31	999	77	623	936	886	904	259	9	873	642	988	777	820	308	598	
1096	478	632	566	768	582	498	953	239	60	810	6	142	223	760	751	991	451	360	403	745	358	97	296	823	570	153	360	610	365	843	617	428	175	171	762	703	84	217	171	302	404	277	428	993	47	986	112	479	260	525	683	855	131	512	353	672	730	890	665	26	149	378	403	124	690	76	790	40	532	18	773	403	446	55	778	537	266	144	548	985	530	684	549	196	543	798	679	772	736	664	744	931	190	897	51	569	645	434	433	547	973	254	432	256	706	81	211	669	153	611	962	523	869	508	251	911	48	10	601	635	
1097	1000	596	444	550	98	737	732	329	198	940	512	41	685	595	708	442	779	108	965	100	98	34	943	84	390	732	129	992	77	455	606	41	989	685	365	182	314	413	107	142	504	717	903	486	174	22	902	644	596	15	985	387	30	524	460	561	513	633	192	69	102	425	395	324	973	404	14	926	988	112	95	612	583	566	904	717	298	17	48	42	309	635	505	646	935	737	354	578	854	216	125	96	62	704	243	654	856	303	623	437	269	409	392	843	388	519	915	726	968	733	489	866	413	137	517	92	284	753	504	224	
1098	979	936	8	340	99	62	398	264	633	408	797	648	961	295	370	430	535	785	624	273	330	865	317	429	848	693	367	654	498	624	555	141	346	81	95	497	658	525	894	610	567	33	436	323	662	162	770	478	966	576	645	940	46	184	634	668	792	457	693	28	678	257	362	622	363	233	531	197	46	670	444	105	443	146	371	830	26	723	587	323	860	337	139	642	899	518	491	235	153	145	183	799	308	779	711	930	848	278	613	279	166	371	161	978	60	75	42	650	341	768	869	782	730	797	347	618	752	771	830	722	
1099	845	532	766	485	166	864	86	705	90	221	456	306	330	588	184	378	364	936	135	973	459	864	695	711	898	325	821	246	215	868	512	504	326	326	602	311	458	126	749	604	915	123	151	227	853	775	537	518	78	967	812	68	482	395	693	403	802	784	75	331	418	253	246	805	106	803	154	740	296	233	756	307	827	742	357	536	307	40	37	831	887	397	314	81	895	184	896	567	652	558	611	505	316	673	355	76	386	484	143	732	918	729	278	574	273	784	9	153	660	672	13	293	753	75	216	781	121	757	986	425	
1100	61	534	576	910	783	296	908	583	81	465	862	629	357	737	323	453	911	684	543	711	695	49	345	314	41	735	247	880	379	128	364	933	366	659	431	798	745	780	589	327	122	655	946	566	599	581	636	14	836	598	712	862	637	752	586	196	614	190	335	956	514	53	157	429	129	371	198	645	685	312	800	700	559	354	416	231	205	515	56	822	159	142	751	576	530	755	312	701	308	382	982	37	433	207	582	695	662	997	389	484	772	652	916	997	159	681	945	426	664	803	288	420	135	581	753	149	605	713	748	119	
1101	911	434	339	73	134	270	419	860	274	525	177	374	351	777	730	579	93	820	317	199	196	195	640	70	50	664	245	903	307	277	953	486	624	950	446	179	99	622	505	973	578	668	886	362	986	848	394	595	221	105	138	772	7	873	690	922	166	971	593	128	240	747	619	523	938	399	6	461	158	125	537	439	388	733	138	346	620	288	399	335	570	409	952	77	267	42	531	540	112	474	751	792	241	399	821	248	444	431	35	367	622	267	315	211	896	405	61	204	878	721	136	815	588	650	958	84	105	119	337	356	
1102	750	880	375	62	935	407	469	679	237	78	83	595	160	624	200	400	918	846	785	407	395	981	402	826	831	118	959	601	983	733	922	649	222	204	860	478	454	977	113	746	553	581	831	975	381	694	904	137	583	751	905	344	791	990	354	245	725	295	678	394	906	791	909	647	323	316	665	522	513	579	765	694	732	289	501	376	201	206	401	686	257	935	420	152	780	435	741	980	422	881	883	149	857	568	110	595	563	870	548	17	602	709	289	979	365	547	787	974	516	593	429	332	107	550	153	16	699	573	60	40	
1103	404	252	553	963	334	205	182	768	356	165	580	368	79	509	928	892	993	353	738	455	429	842	470	77	188	666	680	274	570	158	72	831	456	435	550	816	43	458	272	538	860	982	546	387	386	297	277	762	941	601	355	537	580	848	898	959	433	789	375	699	347	237	669	510	693	118	878	401	397	253	368	319	304	430	580	932	4	948	171	270	694	434	842	746	52	777	825	322	774	555	662	558	41	615	758	393	907	654	527	165	14	862	615	569	439	676	65	434	62	575	626	256	459	491	935	227	607	308	866	813	
1104	267	820	897	234	501	212	589	419	970	281	948	261	908	333	591	849	625	482	557	833	178	602	105	742	917	929	51	452	8	277	89	243	967	922	926	192	687	543	524	451	660	181	823	954	136	713	698	485	453	263	822	107	877	161	743	646	56	145	218	11	566	420	652	973	661	831	317	929	621	902	165	988	122	58	485	356	178	355	49	829	72	399	212	894	680	778	949	875	60	926	424	156	22	132	784	229	166	900	364	679	335	82	24	919	957	2	94	717	482	500	580	496	594	907	175	345	178	99	272	197	
1105	337	526	974	303	592	613	428	962	41	61	584	980	818	462	426	269	890	970	964	688	796	307	166	938	290	16	899	317	644	810	212	806	306	75	539	923	382	505	283	569	653	632	310	365	415	846	527	434	860	130	777	715	298	23	119	689	381	270	142	231	575	738	888	996	712	552	835	280	262	446	105	475	696	155	432	114	656	624	605	492	72	285	516	676	935	831	700	7	500	169	177	337	225	9	489	179	227	364	596	895	633	196	805	439	620	944	278	739	662	789	339	826	478	772	758	499	810	916	83	252	
1106	801	788	707	572	885	648	186	84	311	775	408	767	57	361	422	662	470	856	872	497	876	547	485	517	158	293	768	900	237	581	752	987	255	975	68	464	480	827	587	467	193	4	811	111	183	580	657	857	134	158	264	864	269	340	789	957	403	362	419	589	834	34	106	652	778	186	430	461	146	787	684	655	435	131	216	754	965	638	877	723	495	856	789	340	592	662	794	287	699	957	971	436	755	651	187	865	779	853	991	922	849	193	55	649	924	221	622	655	644	775	21	804	345	606	669	908	86	825	60	555	
1107	215	370	337	897	470	531	601	361	856	304	223	799	235	242	9	708	88	614	487	771	63	296	205	868	512	17	729	766	205	114	296	638	558	910	670	467	597	250	93	556	291	737	773	52	707	526	549	764	694	664	258	906	174	413	518	177	431	528	834	961	778	757	839	768	556	704	144	449	502	120	292	324	703	849	228	974	767	690	112	763	981	364	919	993	844	285	894	79	361	788	896	774	584	525	71	854	759	55	882	372	491	493	247	554	618	786	579	943	873	256	792	537	879	658	758	681	177	96	206	310	
1108	267	530	925	263	922	601	727	705	85	410	610	163	384	726	829	14	274	227	951	80	14	14	615	763	377	544	769	341	534	885	535	18	22	921	606	287	724	60	75	377	800	432	318	254	82	56	893	313	466	747	228	276	189	921	452	456	707	149	297	337	486	156	809	360	229	501	394	497	674	641	355	670	329	757	957	563	147	821	419	157	98	588	624	716	45	682	664	1000	182	316	618	763	114	962	188	715	952	269	872	259	22	792	413	538	152	600	769	724	107	631	774	936	793	605	994	186	582	792	564	650	
1109	502	163	285	80	808	353	697	607	170	704	311	750	984	260	308	869	587	377	968	689	115	254	956	761	295	275	605	767	700	159	878	457	267	908	701	17	222	447	836	497	19	331	219	347	713	597	60	200	747	110	591	199	164	548	736	96	562	946	189	842	949	849	372	162	810	142	341	293	987	774	643	743	809	272	153	37	733	58	90	520	986	911	490	371	992	343	779	783	717	567	290	781	268	498	500	428	275	160	131	547	679	567	614	889	635	591	343	547	585	738	606	486	384	36	159	678	767	951	39	622	
1110	938	789	297	249	899	614	392	679	642	137	389	132	752	157	63	538	897	623	807	608	590	104	946	661	749	391	400	986	612	915	837	837	244	700	70	971	467	50	310	678	509	414	929	199	652	664	281	198	645	888	783	856	564	225	100	408	163	114	249	401	799	791	236	162	676	104	819	3	386	289	790	335	760	457	16	531	584	511	910	166	531	402	180	713	6	359	732	161	165	553	672	19	839	267	746	791	738	146	466	472	697	329	328	355	707	524	234	30	726	754	440	171	99	493	902	820	956	579	50	329	
1111	530	158	408	829	623	416	773	247	104	201	299	671	387	307	617	207	238	438	392	485	665	245	580	206	89	892	305	381	942	309	192	814	470	163	626	952	355	646	564	562	787	953	659	205	824	160	874	890	287	686	570	662	500	518	402	483	182	832	623	641	950	190	741	797	862	647	750	624	712	492	723	355	140	618	449	425	286	279	517	775	727	304	772	751	427	106	284	875	132	600	487	96	93	725	73	272	25	2	191	189	84	594	754	611	938	363	429	621	103	104	115	579	446	357	533	946	367	747	819	637	
1112	885	96	730	537	298	459	152	414	963	539	920	152	479	34	89	484	94	78	9	281	195	108	408	629	645	109	831	222	223	702	569	131	807	979	992	668	180	508	660	479	164	250	248	741	260	115	397	756	449	900	731	582	535	879	141	826	472	318	452	273	279	38	551	524	758	383	722	85	996	307	100	107	811	733	301	425	473	420	920	489	805	424	861	981	389	149	202	190	110	462	787	89	171	339	240	767	633	885	454	371	723	49	553	714	777	724	904	462	702	782	353	555	42	738	166	134	981	349	96	170	
1113	405	972	684	115	524	371	842	529	549	190	792	991	334	409	547	974	678	504	858	187	673	936	890	544	418	575	144	583	480	102	580	193	268	301	756	143	618	688	638	583	462	321	595	552	401	607	456	817	612	549	535	55	972	989	262	126	62	943	405	355	21	812	302	935	194	72	216	174	820	552	572	897	504	400	708	208	898	392	888	156	333	112	164	20	199	609	39	182	297	590	684	345	325	899	582	312	353	204	496	713	275	98	195	543	813	978	43	949	883	94	356	645	602	960	96	144	51	203	653	302	
1114	460	501	952	616	578	734	580	166	314	635	688	926	6	354	403	546	463	728	353	513	816	970	141	42	325	437	916	96	492	672	47	222	730	592	161	525	73	364	730	387	177	499	843	966	269	267	19	658	495	339	882	431	206	675	772	230	831	202	640	773	506	192	17	514	735	374	148	628	993	522	491	952	33	559	810	923	190	213	744	355	107	669	585	75	761	479	865	534	31	391	739	3	823	677	779	434	972	245	369	71	185	479	95	428	515	575	108	500	385	303	898	869	794	956	397	365	216	759	790	113	
1115	220	63	506	563	656	407	193	399	822	239	475	345	643	742	800	485	219	307	505	246	787	769	225	445	657	608	326	692	721	881	152	663	121	738	481	925	23	171	92	138	170	688	803	177	790	672	916	434	147	933	228	14	672	917	935	410	981	160	158	315	638	211	322	375	207	85	1000	653	972	152	158	237	567	370	957	2	224	556	343	311	1000	563	522	168	102	637	70	203	278	582	164	991	151	356	88	340	572	8	240	35	61	398	205	670	511	454	713	379	617	876	673	230	560	428	958	805	285	963	959	32	
1116	522	593	8	195	628	473	750	297	530	89	671	452	157	73	879	176	68	256	485	705	774	60	766	132	346	438	564	798	429	185	263	195	748	332	124	305	842	222	30	606	29	306	474	64	716	163	160	260	387	642	735	360	203	141	351	701	19	810	93	743	540	661	962	367	379	142	717	155	552	638	459	12	535	292	132	488	100	59	575	601	245	870	161	214	82	351	954	233	272	563	424	129	839	250	352	920	961	958	706	176	276	515	549	169	665	854	947	614	301	976	814	561	824	813	571	36	69	375	862	914	
1117	825	62	260	536	145	354	288	84	357	20	168	575	434	509	23	155	209	465	929	351	315	260	411	429	982	318	192	322	696	131	70	878	131	358	273	181	562	815	886	229	555	434	530	209	541	402	124	396	212	309	217	714	35	458	175	484	66	65	348	739	48	210	855	943	658	744	902	223	436	511	578	764	943	36	728	209	932	60	82	830	360	648	166	126	889	415	557	533	392	556	998	950	727	706	259	779	221	893	485	150	32	915	908	176	18	690	593	577	30	172	416	319	789	497	224	826	884	531	477	703	
1118	312	544	91	982	923	332	811	813	92	884	186	101	121	172	539	451	573	486	47	748	657	862	80	578	880	743	23	517	439	607	316	749	164	376	804	925	629	801	511	529	869	637	58	956	228	114	43	323	940	901	396	326	827	139	681	912	133	139	197	612	393	763	970	171	488	24	927	387	985	306	79	946	137	39	464	164	721	694	305	353	56	167	600	955	458	881	578	382	905	124	796	248	115	513	690	83	509	383	342	457	79	543	459	672	47	521	370	782	786	88	221	902	32	676	138	387	719	7	579	221	
1119	547	235	530	717	873	83	318	689	877	127	782	925	816	322	562	831	581	177	193	998	385	879	201	524	653	228	167	241	813	611	604	387	318	740	49	310	844	183	580	343	761	403	35	5	485	390	344	33	778	861	270	397	959	182	964	964	456	820	327	817	348	491	812	650	951	733	494	862	104	300	981	92	197	721	376	958	54	269	852	742	808	598	677	720	331	691	468	865	974	907	690	166	642	619	533	839	788	375	504	805	318	940	271	338	872	675	292	584	11	920	627	589	431	531	869	94	542	318	403	818	
1120	145	337	704	640	283	94	90	471	98	48	268	831	189	613	24	74	591	991	380	61	958	552	519	471	77	255	343	774	327	169	655	477	998	907	7	806	891	999	156	542	534	814	2	737	255	573	711	924	766	242	537	122	585	217	555	120	388	106	452	733	870	501	824	700	897	529	348	981	434	625	564	843	354	49	759	814	236	591	429	372	1000	301	640	795	119	86	497	867	888	647	636	570	451	312	550	423	12	891	694	59	329	756	386	45	431	793	916	53	43	517	597	507	365	983	735	665	1	728	689	102	
1121	661	735	116	461	618	601	693	13	632	869	81	808	815	775	419	678	808	543	430	11	604	636	409	132	361	800	530	559	191	92	978	150	189	54	189	877	914	823	694	309	257	234	72	759	403	426	71	436	643	411	600	61	751	52	599	311	299	203	408	705	858	369	784	441	831	288	820	331	264	610	442	43	221	236	503	886	760	579	704	92	413	213	205	233	27	356	587	716	380	542	993	239	290	104	870	136	906	365	489	39	445	665	552	633	540	787	597	316	229	786	318	997	716	39	564	455	843	908	791	828	
1122	811	199	80	454	586	190	108	527	605	892	873	337	469	171	925	256	264	492	763	98	912	281	774	176	208	517	6	317	613	689	167	412	697	457	733	423	718	758	965	365	25	709	752	227	349	112	577	663	665	307	57	296	364	561	248	442	665	280	519	441	454	827	988	956	49	807	126	444	948	192	282	813	32	532	557	812	641	952	443	849	689	378	919	159	631	422	747	954	353	125	283	848	655	116	517	131	178	113	235	942	501	706	141	822	35	937	448	195	529	635	652	159	493	489	421	126	208	729	871	407	
1123	701	167	346	56	531	248	178	556	847	228	445	448	582	124	601	832	484	777	353	742	937	531	961	863	872	986	350	439	712	188	521	622	174	166	846	274	650	646	360	815	769	88	656	637	699	552	149	618	414	944	438	783	3	450	414	814	511	928	87	444	900	1	810	660	393	159	205	237	880	679	198	820	551	921	919	461	1	481	955	582	949	772	705	236	735	743	934	755	70	909	999	656	654	119	40	73	422	377	150	183	461	819	772	58	617	717	452	158	32	702	299	310	762	903	122	998	711	483	731	788	
1124	250	161	354	468	854	235	677	542	405	818	130	233	273	417	714	303	589	180	979	704	513	252	545	206	399	995	740	265	14	498	948	684	87	515	290	368	718	980	449	247	483	985	173	100	450	957	203	465	464	602	17	689	712	911	495	919	909	569	982	871	112	494	192	379	443	718	833	744	263	882	524	251	435	834	488	798	335	545	29	104	232	692	378	331	300	91	65	687	200	735	485	599	128	229	178	43	464	225	894	822	8	270	270	177	973	957	492	199	805	821	928	738	291	762	13	502	85	937	782	277	
1125	250	624	283	79	239	953	882	412	741	929	657	211	568	216	936	160	51	448	936	319	984	333	800	234	301	650	443	307	848	638	672	497	821	551	658	22	853	29	858	672	537	938	137	398	919	49	586	182	524	165	543	532	955	835	243	5	437	330	920	709	17	553	306	638	486	731	292	979	887	79	609	212	598	2	750	298	260	153	934	341	655	529	853	835	982	186	161	132	473	404	374	76	356	608	826	65	229	938	281	246	716	470	993	423	779	512	815	678	550	72	236	62	829	670	67	893	31	835	172	799	
1126	768	774	856	104	114	96	378	443	727	393	321	205	498	80	515	809	869	718	508	774	583	964	888	141	100	911	570	633	157	803	541	519	631	686	305	758	240	196	529	624	495	156	970	777	852	160	350	592	320	442	258	940	85	270	485	560	569	19	770	106	992	566	15	105	512	280	879	837	153	654	125	443	652	234	467	113	218	200	609	207	657	572	673	79	907	58	99	462	911	85	365	491	804	956	997	671	475	19	306	118	877	446	127	981	685	355	282	148	911	920	396	71	216	522	697	479	376	448	635	94	
1127	103	730	619	754	383	847	490	361	502	49	936	436	300	848	958	394	79	391	611	168	488	167	543	646	773	778	989	908	704	349	881	636	200	442	883	697	6	117	10	393	627	541	348	247	392	485	964	892	798	812	22	463	520	962	624	906	173	868	177	919	146	617	886	939	568	117	394	186	665	638	14	267	657	486	505	421	811	593	538	530	273	992	388	123	848	476	185	733	867	422	706	218	470	935	814	490	998	107	825	396	184	668	230	528	920	324	513	231	163	843	318	45	326	650	510	245	520	758	43	709	
1128	97	193	540	125	918	544	682	580	500	103	967	603	813	796	262	576	463	33	643	737	794	121	947	847	475	443	11	800	976	885	196	13	821	814	85	773	767	61	146	305	351	949	235	875	802	949	872	385	582	755	555	574	591	170	294	858	195	572	840	400	882	41	866	985	258	767	214	528	338	292	362	693	990	571	929	238	714	108	299	707	99	391	23	856	266	793	454	913	970	464	73	17	420	244	933	523	576	511	678	716	839	38	586	865	479	736	472	77	519	95	33	966	396	140	333	289	203	32	105	466	
1129	552	984	257	349	640	695	1	678	292	229	883	366	739	155	307	619	237	984	529	535	374	409	650	129	531	631	488	673	261	473	735	219	220	4	249	782	13	223	325	438	383	12	252	598	10	948	36	946	585	746	408	203	282	771	383	460	580	524	588	70	32	325	839	767	179	261	802	719	786	902	534	230	311	330	798	104	108	158	436	267	389	965	516	851	331	544	854	980	94	853	639	368	306	510	194	816	861	812	170	48	560	963	964	703	629	951	179	804	160	751	492	360	976	545	99	391	440	695	813	320	
1130	545	672	432	683	419	48	281	27	640	595	9	39	110	319	472	680	572	34	738	239	545	18	503	235	551	623	855	402	505	382	617	798	760	399	245	402	756	17	41	925	657	300	194	870	664	367	891	65	47	219	602	288	132	128	177	542	510	534	698	184	796	511	207	725	819	52	913	111	769	549	479	826	471	652	314	805	487	708	814	175	163	502	140	124	646	68	669	832	574	194	657	859	706	218	930	517	504	7	890	100	251	620	716	563	851	773	970	309	757	310	835	659	165	939	519	275	73	152	469	530	
1131	714	892	442	682	117	897	871	762	392	754	830	73	878	144	688	725	766	114	414	658	205	279	189	695	962	260	372	172	755	568	619	715	886	915	590	485	426	190	970	926	551	735	872	652	731	123	312	19	647	818	863	989	257	749	228	856	523	235	687	248	388	693	572	39	486	358	831	882	424	623	23	566	276	346	968	714	491	981	35	751	416	273	273	558	931	44	497	376	23	204	670	916	629	77	652	268	506	972	868	489	223	517	262	409	39	58	270	766	999	85	554	704	57	793	667	21	753	3	739	216	
1132	510	174	640	349	688	148	731	618	863	45	235	535	928	710	111	65	929	35	389	693	773	517	519	466	272	710	43	852	900	723	263	211	155	162	357	556	229	371	451	246	789	116	55	671	647	647	257	792	597	231	481	151	115	595	66	523	31	706	135	957	813	8	798	245	257	536	386	90	910	658	845	726	559	934	733	10	508	610	894	342	359	929	481	707	688	557	611	92	206	134	817	90	254	643	563	672	985	304	55	623	673	601	559	147	172	70	597	757	5	695	926	817	631	842	605	835	571	586	882	718	
1133	347	458	413	9	236	232	670	235	419	4	123	199	583	636	43	446	194	520	721	675	21	258	771	645	625	685	69	46	499	766	159	323	104	969	381	365	650	869	397	414	705	186	694	672	245	41	167	83	386	917	542	558	197	417	970	592	39	562	547	199	64	79	392	673	574	38	817	345	5	768	999	356	625	864	273	12	554	208	720	908	903	820	692	894	623	931	632	178	19	388	468	783	840	565	610	487	564	202	843	942	982	387	299	11	819	846	90	875	663	192	348	865	105	966	244	194	722	953	956	297	
1134	625	400	358	180	665	220	269	755	771	946	652	517	341	569	916	801	485	514	420	51	817	221	482	295	242	332	708	942	562	590	430	624	51	743	684	155	978	309	643	538	372	214	475	802	943	600	263	25	212	442	544	991	228	881	175	114	545	925	418	756	534	398	177	88	217	193	25	701	800	719	584	642	170	263	914	355	432	98	60	515	3	440	647	243	103	930	15	681	545	128	813	660	341	692	25	567	524	814	916	172	355	969	421	971	415	845	906	883	976	982	738	776	379	302	329	590	213	575	123	685	
1135	571	884	405	616	768	48	964	147	502	94	782	28	794	138	836	898	776	964	952	439	388	315	415	171	26	765	840	555	80	43	293	105	488	57	72	918	370	972	360	38	753	567	235	667	148	71	190	956	472	262	850	846	669	157	449	291	838	29	363	59	853	903	474	337	478	562	924	736	690	342	706	533	359	543	492	510	966	140	856	467	182	784	659	380	391	825	534	892	865	231	244	812	54	719	444	915	437	601	90	253	136	126	131	209	248	270	537	263	96	921	835	161	984	716	480	226	571	391	733	741	
1136	988	366	599	291	90	754	303	628	108	418	813	868	876	634	721	645	731	681	21	138	341	534	542	791	744	676	422	441	118	287	150	700	652	167	363	852	42	364	814	381	523	547	456	191	263	392	501	140	112	956	345	372	217	234	424	348	294	396	706	450	623	771	207	388	775	575	512	545	645	412	535	855	256	605	151	927	80	685	830	855	403	420	721	830	181	622	401	997	292	819	46	724	875	474	849	355	716	775	846	90	628	135	330	810	754	818	793	814	239	504	763	580	261	686	31	225	57	563	145	684	
1137	375	264	913	960	20	251	121	269	511	862	191	606	720	679	838	664	359	670	570	4	946	436	869	917	861	387	715	717	257	406	879	26	288	650	575	87	744	974	806	496	550	751	769	781	453	71	132	139	967	839	901	295	514	994	408	269	839	292	213	920	615	714	960	835	39	188	256	119	318	817	130	966	149	97	422	471	334	73	946	67	399	443	189	848	353	428	183	251	772	178	312	83	422	373	598	700	668	20	178	202	127	428	413	982	355	717	735	117	932	30	369	839	674	90	36	54	783	274	313	304	
1138	941	818	438	333	69	65	998	934	220	87	670	427	231	503	50	777	282	277	279	527	364	857	353	598	852	489	426	227	612	446	300	74	638	525	105	717	196	464	377	926	787	870	212	577	963	385	480	206	232	758	405	502	813	163	703	235	426	348	292	53	835	598	919	866	484	135	324	278	529	733	685	451	418	935	100	650	439	105	785	67	864	180	759	186	889	173	26	442	204	325	404	502	647	385	41	766	159	106	687	895	389	407	41	110	736	602	30	590	483	313	213	736	169	454	260	10	182	537	658	563	
1139	652	98	222	526	719	817	813	503	109	673	856	103	318	303	62	757	175	513	748	1000	255	284	612	371	476	717	351	62	573	207	269	952	705	597	268	570	648	600	536	285	495	883	322	847	202	61	956	962	942	950	116	973	709	254	423	551	821	986	688	745	131	17	953	115	612	478	569	114	748	14	790	968	834	501	629	341	324	644	696	293	335	94	559	626	586	114	850	20	819	115	910	453	658	167	334	633	949	205	460	806	963	187	152	409	677	599	984	850	546	652	513	784	74	350	653	568	861	826	133	250	
1140	200	81	492	969	474	85	307	508	58	686	143	605	215	526	463	24	136	540	717	333	116	360	235	791	945	77	646	880	388	304	641	19	760	136	477	642	26	974	400	297	509	631	396	747	929	535	842	91	890	16	62	982	646	748	69	103	526	152	788	282	1000	649	754	653	901	419	801	924	111	256	33	773	845	86	382	363	202	596	722	542	59	613	318	851	512	678	174	304	556	373	234	75	136	715	380	267	381	684	935	591	289	443	556	606	476	251	995	727	339	684	208	490	428	403	996	669	27	477	830	444	
1141	877	769	563	235	68	704	734	9	552	663	787	855	377	251	686	696	431	677	709	913	496	99	565	901	561	616	997	239	194	550	17	726	439	488	186	8	605	836	372	784	58	545	720	842	847	790	115	154	874	411	783	239	287	820	544	501	744	547	690	395	669	469	201	698	245	264	912	136	405	586	718	756	408	454	198	786	744	75	679	617	467	494	483	900	802	793	955	374	175	932	507	321	765	955	922	712	884	816	613	35	412	922	757	163	682	573	862	191	673	404	912	975	971	533	179	911	345	68	775	782	
1142	995	202	735	138	1	558	599	54	408	458	625	292	275	223	62	601	399	414	833	37	1	800	234	554	448	606	329	475	157	426	342	399	737	966	934	934	829	164	81	163	80	677	329	963	468	998	629	61	970	463	456	258	552	6	755	327	936	796	946	544	730	318	558	680	237	519	646	86	826	83	156	722	953	871	309	441	792	480	160	597	640	610	75	552	139	178	786	970	4	381	522	625	157	305	286	489	119	413	103	325	533	269	553	652	458	241	459	463	924	519	839	850	305	357	907	624	537	715	927	644	
1143	361	88	886	734	229	269	859	551	800	576	865	192	729	511	512	803	49	644	20	242	641	201	939	403	273	208	202	451	395	898	845	544	32	646	214	915	73	68	926	782	664	3	714	738	615	464	807	277	625	768	433	586	128	903	321	224	759	666	341	280	281	538	12	289	522	698	58	854	877	435	1	603	589	894	905	268	831	426	377	943	432	470	510	650	171	953	627	64	46	776	50	584	118	809	690	998	95	253	354	862	56	170	500	583	991	426	726	37	961	302	237	713	229	824	82	132	250	247	130	297	
1144	236	665	851	328	789	366	472	543	287	61	484	316	729	553	136	582	815	24	533	574	580	812	276	146	476	774	119	221	801	742	613	718	12	240	498	856	910	633	517	26	280	467	119	736	920	622	456	978	12	903	636	684	636	165	630	838	739	465	396	692	214	782	475	264	505	930	404	326	494	259	559	537	447	581	167	684	206	883	815	324	707	957	923	524	966	1	554	633	501	828	674	255	744	978	428	931	691	605	73	811	444	419	798	898	509	435	652	673	100	617	260	130	322	104	361	310	185	199	437	851	
1145	23	825	646	997	932	791	415	977	162	242	365	319	161	745	999	922	620	63	501	770	511	919	974	18	752	918	171	30	744	913	252	769	537	417	657	934	417	732	940	45	288	270	493	264	943	456	630	878	217	47	113	272	662	464	798	995	102	419	217	53	563	229	820	427	578	715	689	170	852	427	634	541	927	517	684	79	626	67	577	73	98	949	437	246	38	111	612	116	377	919	546	766	689	874	211	584	916	374	660	139	59	901	153	618	585	736	105	148	717	722	294	939	389	271	618	683	550	621	487	823	
1146	634	165	961	98	182	145	344	804	746	707	695	966	721	521	164	252	70	907	974	358	414	767	643	781	983	14	768	215	370	630	986	649	709	601	85	637	35	638	939	61	648	415	743	446	464	827	339	944	663	924	951	869	447	347	626	448	445	666	965	456	740	547	982	213	983	296	475	795	625	611	713	756	519	814	379	243	552	525	270	702	52	971	53	675	363	450	760	591	711	367	394	642	893	341	691	535	688	673	283	235	455	742	905	756	495	154	747	44	491	368	823	125	700	848	913	144	92	92	725	969	
1147	356	63	709	372	716	729	958	752	372	85	494	269	616	564	643	177	897	183	874	25	477	596	535	999	34	746	515	569	121	400	63	525	552	564	304	194	440	984	851	336	481	505	283	963	114	938	97	556	725	70	468	744	34	462	577	805	459	658	436	275	985	939	680	591	629	608	715	222	113	7	838	687	536	359	187	674	714	547	519	320	533	681	131	786	593	28	621	599	34	872	197	304	428	692	349	967	706	28	103	400	703	695	798	822	57	278	430	616	730	111	101	86	897	176	646	831	232	104	827	92	
1148	963	259	995	562	284	157	884	351	312	36	680	474	608	707	612	780	783	947	552	305	157	58	628	145	835	134	405	937	304	915	157	595	628	193	761	331	843	217	199	348	996	257	559	58	810	726	393	121	746	242	783	182	414	631	189	53	754	427	278	219	445	324	825	948	915	973	564	280	464	897	231	697	39	615	148	920	404	343	197	248	695	765	695	939	578	83	398	309	452	692	65	726	80	286	592	187	295	519	443	15	749	588	228	382	755	133	567	818	928	301	217	242	205	369	447	447	385	703	121	657	
1149	273	927	402	30	594	346	304	290	856	982	977	32	706	366	299	38	476	249	418	956	137	804	701	46	17	816	250	307	35	845	449	493	924	567	791	90	992	672	436	74	184	310	439	154	229	750	96	209	484	937	142	33	643	542	370	800	842	49	884	15	414	755	93	171	266	769	269	322	551	617	237	176	38	98	807	155	83	643	101	404	332	687	88	671	865	640	282	940	391	242	789	991	968	265	373	532	102	861	580	992	600	621	45	12	203	866	251	883	292	6	394	414	909	332	110	190	414	769	843	58	
1150	35	701	377	546	881	362	162	870	948	764	634	258	285	178	350	30	911	842	153	369	261	200	617	206	551	666	341	152	761	983	865	496	149	957	894	324	339	274	531	650	213	693	753	134	208	638	77	48	304	715	983	81	690	29	275	159	32	347	917	968	913	845	891	108	79	491	694	197	69	78	160	163	921	607	892	627	78	408	435	192	733	304	427	757	573	307	773	810	544	40	142	773	144	716	622	322	634	304	432	158	897	191	529	73	342	579	29	162	352	688	550	39	894	176	510	749	812	672	847	605	
1151	699	280	736	606	942	827	116	932	228	269	383	111	475	934	379	599	975	178	955	108	357	903	805	564	731	528	128	545	750	121	168	522	411	563	352	612	242	698	711	639	464	870	911	389	316	23	258	49	301	324	709	357	49	630	113	62	665	744	295	300	611	570	228	780	328	263	70	632	88	11	134	731	274	97	966	109	705	99	61	438	123	955	920	336	307	914	228	21	578	160	673	531	9	523	457	421	666	315	665	605	168	429	887	726	988	86	637	111	690	819	13	748	843	759	110	911	195	597	589	616	
1152	278	407	160	215	196	166	4	777	464	170	624	618	970	578	226	837	479	964	89	998	191	209	814	691	1000	820	641	689	173	741	567	381	107	736	498	413	693	771	866	542	422	105	483	790	536	456	607	44	882	546	741	39	111	690	9	269	605	853	551	982	187	171	674	863	623	853	322	539	934	634	886	975	869	85	597	484	616	713	555	507	641	240	922	972	827	136	487	704	775	567	519	16	839	472	50	133	305	278	799	441	495	753	24	389	525	447	918	717	354	644	72	417	370	925	881	637	474	98	248	28	
1153	42	195	416	681	179	814	181	371	554	561	719	303	1000	552	464	309	550	719	487	245	722	237	30	422	274	328	858	542	72	66	568	362	455	83	254	384	165	702	600	307	178	632	421	407	960	519	713	182	315	503	475	371	58	603	738	348	983	674	675	869	891	31	486	627	934	149	819	741	782	691	279	34	509	269	43	975	784	52	942	536	381	703	578	466	405	873	997	510	467	716	809	952	331	310	541	688	166	291	149	432	717	372	240	512	628	119	65	295	337	287	97	35	717	445	442	387	155	759	327	698	
1154	720	962	870	808	312	326	194	864	333	198	721	835	345	805	205	406	759	648	7	587	745	184	615	779	251	861	342	643	517	616	745	65	341	287	593	377	59	263	65	995	257	132	760	639	59	893	776	972	459	702	638	677	953	813	643	814	569	377	658	309	484	816	451	204	931	921	671	502	353	377	189	320	281	873	285	274	201	487	395	246	421	588	69	392	215	887	528	326	77	752	17	2	539	479	352	702	307	446	81	56	74	756	958	854	245	20	455	291	843	709	732	171	5	579	300	155	683	446	415	612	
1155	193	753	978	106	758	255	632	140	128	615	15	109	88	499	406	451	853	247	651	298	974	196	715	33	233	683	567	54	594	646	456	116	356	787	132	922	331	402	89	870	749	953	66	962	662	678	40	365	939	293	954	957	530	931	104	491	256	994	100	335	498	373	738	575	113	159	769	802	783	607	962	794	7	127	1	145	60	93	379	610	992	41	439	524	761	352	583	523	871	289	865	79	464	182	288	849	87	29	833	339	763	351	395	671	348	824	254	483	4	385	999	811	707	363	987	247	811	77	195	735	
1156	583	918	381	92	927	733	490	48	676	675	667	982	922	787	421	366	549	199	111	508	394	574	215	764	482	421	455	960	992	233	665	172	173	652	417	812	969	719	210	284	269	519	772	983	39	331	197	708	462	84	245	422	695	493	230	755	207	670	715	320	722	556	240	547	547	403	907	193	636	454	650	993	329	766	645	216	464	10	5	398	75	798	109	729	138	479	264	256	234	69	980	835	859	738	853	890	777	914	348	331	992	636	681	896	190	456	359	120	923	65	320	212	20	637	240	941	769	970	350	596	
1157	363	208	50	266	915	55	201	518	266	851	922	141	214	32	857	148	36	297	270	649	223	75	142	48	536	22	705	445	966	983	477	882	704	905	35	545	713	630	928	852	250	537	31	618	935	661	492	317	827	619	844	842	309	64	628	497	607	613	199	686	956	283	660	726	347	191	767	30	849	450	503	441	299	68	16	232	100	690	634	391	92	334	81	974	98	78	558	893	835	951	502	587	756	371	282	857	260	656	287	562	229	388	574	606	949	726	607	295	736	167	793	27	432	688	53	484	695	301	36	45	
1158	819	222	142	133	758	229	801	748	510	465	949	317	243	469	715	911	31	362	319	425	834	467	393	390	316	432	85	692	846	919	184	202	778	103	685	952	652	375	207	291	505	239	503	905	440	733	559	73	349	371	624	471	597	598	617	151	319	954	458	240	752	973	664	812	234	649	449	796	654	502	842	312	167	912	807	200	401	892	284	197	58	160	961	43	56	348	107	539	187	956	17	212	292	183	651	290	605	805	242	810	827	380	364	36	106	619	879	274	176	155	384	912	149	483	356	725	737	860	230	553	
1159	372	450	39	592	518	738	589	619	505	304	625	931	224	11	167	242	330	541	688	45	251	12	797	623	531	799	732	562	189	636	530	275	203	415	946	246	392	101	373	83	590	914	666	351	1	912	280	37	76	50	26	142	282	136	298	559	256	555	697	682	913	163	285	424	50	302	876	774	439	804	641	349	429	785	149	702	361	547	591	733	25	701	127	605	874	148	271	813	978	623	883	410	751	700	203	525	343	776	334	390	505	495	337	545	524	670	777	760	631	516	725	185	873	992	160	730	866	487	981	90	
1160	973	971	753	943	558	379	786	347	237	848	704	120	477	47	880	445	54	47	230	427	307	714	490	684	457	244	971	9	786	564	100	621	75	504	343	409	867	782	264	159	285	969	787	563	639	225	641	822	164	478	742	741	991	693	590	354	834	596	714	809	725	331	637	574	442	747	45	285	177	20	254	706	560	970	872	26	525	271	124	425	959	615	858	85	298	511	976	379	129	383	574	217	408	234	37	660	482	756	649	923	625	876	436	283	437	986	886	989	495	690	706	317	134	25	66	419	538	887	677	551	
1161	102	24	633	755	99	715	359	179	842	341	123	467	238	963	484	261	874	917	308	333	393	305	161	426	533	317	152	143	414	807	799	115	505	535	209	110	691	863	752	485	878	537	669	311	940	602	268	881	745	750	359	638	470	388	455	235	522	187	906	435	860	485	577	39	599	435	9	400	885	753	749	319	223	44	794	421	683	897	427	646	40	327	198	668	646	32	294	769	97	716	522	85	400	447	246	505	953	52	849	906	495	666	95	874	30	366	176	644	350	472	281	647	918	58	97	29	755	23	838	204	
1162	873	57	884	314	438	695	738	854	107	457	564	441	497	903	310	706	167	249	949	923	728	590	939	332	743	544	682	573	296	847	451	452	553	245	745	596	513	946	698	687	247	314	126	588	150	579	291	452	576	587	960	562	376	106	617	794	877	11	242	284	796	913	928	632	580	344	700	571	808	785	313	787	816	114	536	136	610	901	985	260	112	288	349	836	441	717	978	535	652	883	375	174	241	692	17	429	939	752	133	282	236	667	14	819	87	234	17	996	404	940	295	73	991	894	212	953	490	143	822	580	
1163	294	703	478	738	744	911	604	77	623	315	334	20	343	970	934	723	35	986	953	372	903	863	931	357	399	996	992	403	168	453	744	926	61	131	530	860	390	697	940	602	556	104	818	464	399	854	309	389	555	676	430	899	528	295	132	819	242	270	978	140	177	910	100	681	985	755	843	33	548	273	710	51	134	778	156	880	250	840	912	371	588	972	260	679	454	240	457	841	382	955	38	670	152	971	743	589	80	487	336	992	275	269	514	655	855	434	716	661	680	304	502	655	604	349	683	955	849	82	21	885	
1164	88	245	40	375	146	26	179	44	359	33	249	924	286	671	806	966	288	740	278	769	664	792	152	829	398	810	44	249	636	654	809	422	832	774	842	260	220	861	746	556	290	672	397	677	428	830	592	931	211	873	212	197	766	357	703	630	366	929	812	486	295	748	396	481	234	210	981	521	177	415	442	744	321	323	571	320	71	358	262	126	661	173	22	12	36	958	843	126	318	201	898	64	884	720	895	622	693	80	440	468	40	880	651	487	844	770	451	700	22	952	759	447	212	800	812	790	560	219	268	423	
1165	730	22	711	497	474	944	277	962	18	443	15	35	474	918	43	603	366	798	800	131	259	956	702	561	858	998	475	466	715	371	304	406	955	985	828	198	473	882	399	681	293	831	137	888	666	946	491	766	942	146	134	212	24	651	684	524	857	77	380	852	814	703	1	37	493	826	109	325	205	970	154	842	355	987	409	832	491	904	751	780	436	346	581	354	478	574	167	804	648	784	575	316	445	512	730	949	903	202	619	180	648	402	623	324	292	303	473	603	467	119	567	55	421	91	853	845	110	381	840	691	
1166	239	269	196	488	974	155	36	314	543	951	341	568	297	871	361	600	787	336	136	906	847	59	813	651	551	494	244	736	655	144	591	481	35	271	330	686	426	925	619	798	595	831	814	293	471	944	535	877	224	838	641	145	40	332	631	286	277	648	849	891	676	429	801	27	147	683	527	968	899	134	66	834	646	53	183	104	901	571	319	206	709	115	60	544	579	240	508	822	830	755	922	904	884	337	969	676	791	979	98	589	889	327	704	774	62	775	698	608	490	465	73	465	115	439	842	718	735	784	494	233	
1167	391	536	126	648	650	863	547	32	926	629	62	749	264	375	612	221	687	414	670	838	17	972	782	160	379	635	844	12	253	59	834	982	196	659	702	30	370	370	169	709	427	902	691	62	922	877	49	115	612	50	946	474	370	850	855	343	869	895	817	75	309	29	111	261	875	603	31	793	247	732	477	742	684	438	267	573	259	59	360	742	206	671	811	85	350	889	553	469	910	510	94	979	138	577	961	191	498	575	770	318	483	611	48	828	496	565	142	720	149	425	991	416	188	469	738	823	996	162	927	660	
1168	407	922	780	138	2	383	659	970	361	135	455	189	184	98	742	263	275	926	105	446	599	334	760	344	748	918	464	564	557	126	347	646	947	270	159	855	487	89	25	28	943	61	747	997	123	250	572	449	600	480	791	992	788	118	479	129	939	568	17	526	386	249	738	269	66	666	259	119	799	129	266	470	274	581	899	987	843	768	414	118	539	231	467	74	89	247	283	991	52	464	417	802	544	494	354	602	364	893	384	444	363	493	901	466	114	214	774	687	954	326	981	166	365	856	284	892	487	32	967	746	
1169	637	993	296	817	469	794	807	713	295	999	789	188	813	994	246	654	969	700	73	182	1	224	553	550	62	90	701	547	889	864	347	143	143	536	592	571	959	202	178	256	937	567	98	167	594	386	644	591	181	165	105	72	748	712	375	838	807	126	367	960	716	392	736	281	295	766	258	599	388	498	77	570	443	640	995	551	515	532	323	662	675	122	727	824	693	787	25	477	611	326	41	301	206	974	530	661	429	27	542	509	283	451	927	271	693	770	856	706	898	664	547	801	835	378	28	758	68	571	493	914	
1170	325	555	497	538	650	642	969	208	432	213	28	653	837	288	943	589	670	737	658	700	790	108	912	764	510	614	545	586	800	604	871	991	680	958	597	990	469	46	631	249	716	949	774	73	278	248	442	830	211	678	709	291	767	470	709	894	948	542	210	759	216	247	802	422	577	744	1	250	790	855	341	728	311	647	481	64	944	799	823	134	730	399	892	447	226	625	567	914	590	549	434	810	645	444	668	393	199	394	533	415	285	246	996	843	810	420	6	786	546	693	416	942	186	605	750	816	648	397	437	1000	
1171	121	246	604	687	285	396	776	890	836	297	453	939	226	763	53	268	594	21	38	108	818	515	557	539	446	253	220	752	978	472	655	12	428	265	876	20	153	652	930	387	447	588	275	279	634	780	836	133	715	621	28	431	894	457	467	141	59	255	358	106	392	24	872	456	389	530	307	638	335	906	311	657	353	287	666	377	144	453	1	318	774	24	605	162	473	241	490	273	29	662	100	822	727	788	667	967	67	896	680	309	649	527	328	828	595	627	281	386	795	391	539	894	979	260	25	494	404	213	695	374	
1172	799	959	325	672	590	615	618	48	876	956	879	46	459	949	189	198	261	721	769	691	242	771	861	753	786	183	161	205	843	181	884	612	349	318	582	745	596	12	104	363	334	967	974	6	78	165	491	401	128	225	230	1000	622	808	916	738	874	384	213	390	949	66	100	473	111	737	105	67	639	947	585	724	486	720	65	913	800	225	646	891	891	138	857	258	882	715	913	253	684	571	474	373	9	262	780	347	236	186	255	55	591	68	382	595	436	864	633	679	240	400	727	342	957	516	515	833	112	419	407	602	
1173	329	614	868	311	170	615	897	997	503	399	28	292	510	509	888	407	686	236	816	287	523	37	105	463	286	75	157	438	33	875	73	780	418	851	185	345	214	450	467	555	168	217	65	86	434	681	963	976	883	748	436	565	913	504	516	593	249	794	798	189	997	959	98	220	701	945	6	333	145	599	617	419	606	238	384	52	23	463	396	71	558	817	251	666	147	521	591	419	380	934	84	661	774	994	397	221	755	198	770	541	436	533	355	456	112	229	32	775	486	961	747	44	920	170	270	222	129	406	866	132	
1174	73	247	725	85	12	371	775	491	228	589	663	350	885	905	184	624	806	353	807	591	366	489	295	888	79	867	64	250	410	21	46	556	331	816	151	673	438	98	764	766	498	334	436	176	750	475	709	715	129	594	740	57	102	612	647	719	896	716	762	927	170	488	823	521	675	917	281	539	391	411	418	539	945	15	563	458	152	953	253	907	903	765	830	932	754	21	278	613	214	391	690	599	328	915	248	799	313	280	124	778	688	823	322	715	888	471	486	531	275	979	929	824	679	9	140	289	833	837	178	409	
1175	230	121	499	379	862	993	565	301	927	496	671	71	364	485	69	423	838	915	755	464	337	968	498	250	70	471	456	315	698	300	588	494	471	670	346	819	409	81	475	239	20	180	58	678	444	192	786	654	389	531	516	62	100	420	135	487	221	592	248	33	622	875	269	737	884	851	189	769	317	658	755	40	782	930	570	108	989	694	458	70	458	518	219	269	482	755	50	110	100	4	346	818	144	561	213	344	603	750	795	44	560	218	570	160	500	536	95	890	609	517	780	166	214	28	763	518	452	31	497	311	
1176	486	846	662	479	596	892	699	598	888	493	924	564	914	499	365	64	991	546	479	663	383	393	983	657	484	369	632	427	189	836	667	69	549	475	718	597	110	345	34	668	289	99	546	503	946	220	969	729	791	91	491	191	826	576	407	156	816	520	131	37	296	373	761	600	440	145	601	609	348	324	358	445	249	220	45	699	474	357	363	279	704	690	239	681	271	250	872	605	382	182	232	364	999	745	257	43	376	329	551	379	913	918	758	161	32	257	717	758	705	639	948	634	929	861	730	605	261	742	50	806	
1177	651	542	471	601	75	596	200	613	291	808	755	756	927	331	112	405	865	19	434	968	505	739	778	476	311	364	883	694	253	531	85	555	712	133	870	991	816	529	5	607	782	5	265	252	486	788	962	105	957	334	998	248	733	760	295	551	606	5	419	352	159	845	140	937	405	238	520	946	835	656	156	317	347	933	885	827	212	849	439	372	5	278	866	878	272	579	65	867	34	678	565	140	243	671	498	571	865	16	367	359	170	818	252	977	553	849	575	559	520	546	104	718	736	92	974	781	949	381	104	872	
1178	334	121	778	393	162	750	567	181	91	34	481	733	702	956	785	225	935	511	416	307	992	347	855	366	942	938	300	297	357	493	285	636	390	103	410	211	853	626	774	232	711	897	678	845	540	766	910	747	538	550	416	573	74	161	766	208	463	358	594	191	11	142	260	506	116	743	300	862	520	381	312	691	357	12	976	234	108	9	792	222	927	298	766	725	760	139	636	294	212	514	712	677	160	797	987	972	554	258	759	229	788	639	733	254	668	419	677	499	495	381	374	850	840	44	489	347	27	935	457	447	
1179	670	822	675	163	568	163	445	368	774	60	830	56	88	396	104	677	839	46	417	100	106	802	785	404	61	266	360	234	39	421	748	207	538	980	50	692	97	916	587	916	405	523	825	804	552	326	217	414	974	162	635	868	776	258	968	443	299	361	396	213	537	688	836	444	815	58	538	964	926	182	158	720	245	356	479	520	151	124	130	537	977	227	746	54	351	895	674	710	464	158	191	413	583	226	72	127	107	583	514	274	129	96	871	764	72	655	536	77	69	587	331	166	985	327	678	226	320	833	356	652	
1180	696	423	289	464	434	144	223	543	436	763	462	145	299	998	190	645	331	843	50	859	486	403	580	580	136	534	728	537	232	569	109	19	833	879	145	995	985	995	324	700	386	708	913	245	935	66	840	635	489	888	935	671	628	651	987	796	747	362	985	691	219	351	385	362	311	517	294	594	55	825	23	64	782	950	554	535	884	164	177	4	282	337	165	722	788	171	523	879	75	780	964	303	660	534	945	927	995	169	895	44	20	860	535	877	867	960	161	950	994	99	434	623	747	724	323	61	247	618	556	63	
