60
1	1	56	1002	1003	1004	1006	1008	1009	1011	1012	1014	1015	1017	1018	1019	1020	1021	1023	1024	1027	1028	1031	1032	1033	1034	1037	1038	1041	1042	1044	1046	1047	1049	1051	1053	1054	1058	1059	1060	1061	1062	1063	1065	1066	1067	1069	1070	1072	1073	1074	1076	1079	1080	1081	1083	1084	1086	1087	
2	2	59	1001	1003	1004	1005	1008	1009	1010	1012	1013	1014	1015	1016	1017	1018	1019	1020	1021	1023	1029	1030	1031	1032	1033	1037	1038	1039	1041	1044	1045	1047	1048	1050	1052	1053	1054	1055	1057	1058	1059	1060	1061	1063	1064	1066	1068	1070	1071	1072	1073	1074	1075	1076	1078	1079	1080	1081	1084	1087	1088	
3	3	55	1001	1002	1003	1004	1005	1007	1008	1012	1013	1014	1015	1020	1021	1024	1025	1027	1028	1029	1030	1031	1033	1034	1037	1038	1039	1041	1043	1044	1046	1050	1052	1054	1055	1056	1057	1058	1059	1060	1065	1066	1068	1069	1071	1072	1073	1074	1075	1076	1078	1080	1082	1083	1085	1087	1090	
4	4	40	1001	1003	1004	1008	1015	1016	1017	1019	1020	1023	1024	1025	1026	1028	1032	1036	1037	1038	1039	1040	1044	1049	1056	1057	1059	1062	1063	1064	1065	1067	1069	1070	1072	1073	1074	1075	1076	1080	1082	1086	
5	5	32	1002	1004	1006	1007	1008	1011	1013	1018	1020	1024	1025	1026	1031	1037	1038	1042	1046	1051	1054	1056	1059	1061	1070	1072	1074	1076	1077	1078	1083	1085	1087	1089	
6	6	65	1001	1002	1003	1006	1009	1010	1011	1012	1014	1016	1017	1020	1021	1022	1023	1024	1025	1027	1032	1033	1034	1035	1036	1037	1038	1039	1040	1041	1042	1044	1045	1046	1047	1048	1050	1051	1052	1053	1054	1055	1056	1058	1059	1060	1061	1062	1063	1066	1068	1069	1071	1074	1075	1076	1077	1078	1079	1080	1081	1084	1085	1086	1087	1089	1090	
7	7	36	1002	1003	1008	1009	1015	1018	1019	1023	1026	1028	1030	1032	1033	1035	1037	1039	1046	1050	1052	1053	1054	1055	1058	1061	1064	1069	1073	1077	1079	1080	1082	1084	1086	1087	1088	1089	
8	8	76	1002	1003	1004	1005	1007	1008	1009	1010	1011	1012	1013	1014	1015	1016	1018	1019	1020	1022	1023	1024	1025	1026	1028	1029	1030	1031	1032	1033	1034	1035	1036	1039	1041	1043	1044	1045	1046	1047	1048	1049	1050	1051	1052	1053	1054	1055	1056	1059	1060	1061	1062	1063	1064	1065	1066	1067	1069	1070	1071	1073	1074	1075	1076	1077	1078	1079	1080	1081	1083	1084	1085	1086	1087	1088	1089	1090	
9	9	52	1002	1003	1004	1007	1008	1009	1010	1011	1012	1016	1017	1018	1019	1023	1025	1026	1028	1029	1031	1032	1033	1037	1038	1040	1044	1046	1047	1048	1049	1050	1056	1057	1059	1061	1063	1064	1068	1070	1071	1074	1075	1076	1077	1078	1079	1080	1083	1084	1085	1086	1087	1088	
10	10	81	1001	1002	1003	1004	1005	1006	1007	1008	1009	1010	1011	1012	1013	1014	1015	1016	1017	1018	1019	1020	1021	1022	1023	1024	1025	1026	1027	1028	1029	1030	1031	1032	1033	1035	1037	1038	1039	1040	1042	1043	1044	1045	1046	1048	1049	1050	1051	1052	1054	1055	1056	1057	1059	1060	1061	1062	1063	1064	1066	1067	1068	1069	1071	1072	1074	1075	1076	1077	1078	1079	1080	1081	1082	1083	1084	1085	1086	1087	1088	1089	1090	
11	11	69	1001	1002	1004	1005	1006	1007	1008	1009	1010	1011	1012	1013	1014	1015	1016	1017	1018	1020	1021	1023	1024	1025	1026	1027	1029	1030	1032	1033	1037	1038	1039	1040	1042	1043	1044	1045	1046	1047	1048	1049	1050	1051	1053	1055	1056	1057	1059	1060	1061	1062	1064	1065	1067	1068	1071	1072	1074	1075	1076	1078	1079	1080	1081	1082	1085	1086	1087	1088	1089	
12	12	35	1003	1007	1014	1018	1019	1023	1025	1026	1027	1030	1034	1035	1040	1044	1045	1049	1051	1052	1053	1056	1058	1059	1064	1066	1067	1068	1069	1070	1071	1076	1080	1081	1082	1083	1084	
13	13	81	1001	1002	1003	1005	1007	1008	1009	1010	1011	1012	1013	1014	1015	1016	1017	1018	1019	1020	1021	1022	1023	1024	1025	1026	1027	1028	1029	1030	1031	1032	1033	1034	1035	1037	1038	1039	1040	1041	1042	1043	1044	1045	1047	1048	1049	1050	1051	1052	1054	1055	1056	1057	1058	1059	1060	1061	1062	1063	1064	1065	1067	1068	1069	1070	1072	1073	1074	1075	1076	1077	1078	1080	1081	1083	1084	1085	1086	1087	1088	1089	1090	
14	14	68	1001	1002	1004	1005	1007	1008	1010	1011	1012	1013	1014	1015	1019	1021	1022	1023	1024	1025	1026	1027	1030	1031	1032	1033	1034	1035	1036	1037	1038	1039	1040	1042	1043	1044	1045	1047	1048	1049	1052	1053	1054	1057	1058	1059	1062	1064	1065	1066	1067	1068	1069	1071	1072	1073	1074	1075	1076	1077	1078	1079	1081	1082	1083	1084	1085	1087	1089	1090	
15	15	59	1002	1004	1005	1006	1008	1010	1012	1013	1014	1015	1017	1018	1020	1021	1024	1025	1026	1028	1029	1031	1033	1034	1035	1036	1037	1038	1039	1042	1043	1044	1045	1046	1047	1050	1053	1054	1056	1057	1059	1061	1062	1064	1065	1066	1067	1070	1072	1073	1074	1075	1076	1078	1079	1080	1083	1085	1087	1088	1090	
16	16	20	1001	1004	1007	1014	1018	1038	1039	1049	1052	1060	1061	1065	1066	1067	1071	1072	1083	1084	1086	1089	
17	17	82	1001	1002	1003	1004	1006	1007	1008	1009	1010	1011	1012	1013	1014	1016	1017	1018	1019	1020	1021	1022	1024	1025	1026	1027	1028	1029	1030	1031	1032	1033	1034	1035	1036	1037	1038	1040	1041	1042	1043	1044	1045	1046	1047	1048	1050	1051	1052	1053	1054	1055	1056	1058	1059	1060	1061	1062	1063	1064	1065	1066	1067	1069	1070	1071	1072	1073	1074	1075	1076	1077	1078	1079	1080	1081	1082	1084	1085	1086	1087	1088	1089	1090	
18	18	68	1001	1003	1004	1005	1007	1008	1010	1011	1015	1016	1017	1018	1019	1020	1022	1023	1024	1025	1026	1027	1028	1030	1031	1032	1033	1034	1037	1039	1040	1041	1042	1044	1045	1046	1047	1048	1049	1051	1052	1053	1054	1055	1056	1057	1059	1060	1061	1062	1067	1070	1071	1073	1074	1075	1076	1077	1078	1079	1080	1081	1082	1083	1084	1085	1086	1087	1088	1090	
19	19	19	1011	1014	1023	1025	1027	1030	1035	1036	1038	1039	1044	1048	1059	1063	1065	1066	1075	1081	1083	
20	20	45	1001	1006	1007	1008	1013	1014	1015	1016	1018	1019	1020	1025	1026	1027	1028	1029	1030	1031	1036	1037	1040	1043	1045	1049	1051	1055	1056	1058	1059	1063	1064	1065	1068	1070	1071	1073	1074	1075	1077	1079	1084	1085	1086	1087	1089	
21	21	84	1001	1002	1003	1004	1005	1006	1007	1008	1009	1010	1011	1013	1014	1015	1016	1017	1018	1019	1020	1021	1022	1023	1024	1025	1026	1027	1028	1029	1030	1031	1032	1033	1034	1035	1036	1037	1038	1039	1040	1041	1042	1044	1045	1046	1047	1049	1050	1051	1052	1054	1055	1056	1057	1058	1059	1061	1062	1063	1064	1065	1066	1067	1068	1069	1070	1071	1072	1073	1074	1075	1076	1077	1078	1079	1080	1081	1083	1084	1085	1086	1087	1088	1089	1090	
22	22	30	1002	1004	1014	1016	1023	1027	1029	1030	1032	1035	1036	1043	1046	1048	1051	1054	1056	1060	1061	1062	1067	1068	1070	1075	1078	1081	1082	1084	1087	1088	
23	23	53	1001	1002	1003	1008	1013	1016	1017	1018	1021	1022	1023	1024	1025	1026	1027	1030	1031	1032	1034	1036	1038	1040	1043	1046	1048	1049	1050	1051	1052	1053	1055	1056	1057	1058	1061	1064	1065	1067	1068	1069	1070	1071	1072	1073	1074	1076	1077	1078	1079	1081	1084	1087	1090	
24	24	33	1006	1008	1011	1012	1014	1016	1017	1018	1019	1020	1021	1025	1026	1035	1045	1046	1047	1049	1052	1053	1055	1056	1062	1064	1065	1069	1076	1077	1078	1080	1084	1085	1086	
25	25	55	1001	1002	1003	1004	1006	1007	1009	1012	1013	1014	1015	1016	1020	1021	1022	1023	1026	1028	1029	1030	1034	1038	1039	1040	1041	1043	1044	1045	1051	1053	1054	1055	1056	1057	1059	1060	1061	1062	1063	1064	1067	1068	1072	1073	1074	1076	1077	1078	1079	1084	1086	1087	1088	1089	1090	
26	26	80	1001	1002	1003	1005	1006	1007	1008	1009	1010	1011	1012	1013	1014	1015	1016	1017	1018	1019	1020	1021	1023	1025	1026	1027	1029	1030	1031	1032	1033	1034	1035	1036	1037	1038	1039	1040	1041	1042	1043	1044	1045	1046	1047	1050	1051	1052	1054	1055	1056	1057	1058	1059	1060	1061	1063	1064	1065	1066	1067	1068	1069	1070	1071	1072	1073	1074	1075	1076	1078	1079	1080	1081	1082	1083	1084	1085	1087	1088	1089	1090	
27	27	62	1002	1003	1004	1006	1007	1011	1012	1013	1014	1015	1016	1017	1018	1019	1021	1023	1026	1029	1030	1031	1032	1033	1034	1036	1038	1039	1040	1041	1042	1043	1044	1045	1046	1048	1049	1050	1051	1052	1053	1054	1058	1060	1062	1064	1065	1066	1068	1069	1071	1072	1073	1075	1076	1078	1079	1080	1081	1082	1084	1085	1086	1090	
28	28	74	1001	1002	1003	1004	1005	1006	1007	1009	1013	1014	1015	1018	1019	1020	1022	1023	1024	1025	1026	1027	1028	1029	1031	1032	1033	1034	1035	1037	1038	1039	1040	1041	1043	1044	1046	1047	1049	1050	1051	1052	1053	1054	1055	1056	1057	1058	1059	1060	1061	1062	1063	1064	1065	1066	1067	1068	1069	1070	1072	1073	1074	1075	1076	1077	1079	1080	1081	1082	1083	1084	1085	1086	1087	1088	
29	29	46	1005	1006	1007	1010	1014	1016	1019	1021	1026	1028	1029	1030	1031	1036	1037	1038	1039	1040	1042	1044	1045	1046	1047	1048	1050	1051	1054	1058	1059	1066	1067	1069	1071	1072	1073	1074	1077	1078	1079	1081	1082	1083	1084	1086	1089	1090	
30	30	88	1001	1002	1003	1004	1005	1006	1007	1008	1009	1010	1011	1012	1013	1014	1015	1016	1017	1019	1020	1021	1022	1023	1024	1026	1027	1028	1029	1030	1031	1032	1033	1034	1035	1036	1037	1038	1039	1040	1041	1042	1043	1044	1045	1046	1047	1048	1049	1050	1051	1052	1053	1054	1055	1056	1057	1058	1059	1060	1061	1062	1063	1064	1065	1066	1067	1068	1069	1070	1071	1072	1073	1074	1075	1076	1077	1078	1079	1080	1081	1082	1083	1084	1085	1086	1087	1088	1089	1090	
31	31	90	1001	1002	1003	1004	1005	1006	1007	1008	1009	1010	1011	1012	1013	1014	1015	1016	1017	1018	1019	1020	1021	1022	1023	1024	1025	1026	1027	1028	1029	1030	1031	1032	1033	1034	1035	1036	1037	1038	1039	1040	1041	1042	1043	1044	1045	1046	1047	1048	1049	1050	1051	1052	1053	1054	1055	1056	1057	1058	1059	1060	1061	1062	1063	1064	1065	1066	1067	1068	1069	1070	1071	1072	1073	1074	1075	1076	1077	1078	1079	1080	1081	1082	1083	1084	1085	1086	1087	1088	1089	1090	
32	32	71	1001	1002	1003	1004	1007	1008	1009	1010	1011	1012	1013	1014	1015	1016	1017	1019	1020	1022	1024	1025	1026	1027	1028	1029	1031	1032	1034	1035	1036	1037	1039	1040	1042	1043	1044	1045	1046	1047	1048	1049	1050	1052	1053	1054	1055	1056	1057	1059	1062	1063	1064	1067	1068	1070	1071	1072	1073	1074	1075	1076	1077	1078	1079	1080	1081	1082	1084	1085	1086	1088	1090	
33	33	84	1001	1002	1003	1004	1005	1006	1007	1008	1009	1010	1011	1012	1013	1014	1016	1017	1018	1019	1020	1021	1022	1023	1024	1025	1026	1027	1028	1029	1030	1032	1033	1034	1035	1036	1037	1038	1039	1040	1041	1042	1043	1045	1046	1048	1049	1050	1051	1052	1053	1054	1055	1056	1057	1058	1059	1060	1061	1063	1064	1065	1066	1068	1069	1070	1071	1072	1073	1074	1075	1076	1077	1078	1079	1080	1081	1082	1083	1084	1085	1086	1087	1088	1089	1090	
34	34	19	1003	1004	1005	1020	1021	1023	1036	1041	1057	1059	1064	1070	1071	1074	1077	1079	1080	1083	1086	
35	35	85	1001	1002	1003	1004	1005	1006	1007	1008	1009	1010	1011	1012	1013	1014	1015	1016	1017	1018	1019	1020	1021	1022	1023	1024	1025	1026	1027	1028	1029	1030	1032	1033	1034	1035	1036	1037	1038	1039	1040	1041	1042	1043	1045	1046	1047	1048	1049	1050	1051	1052	1053	1054	1055	1056	1057	1058	1059	1060	1062	1063	1065	1066	1067	1069	1070	1071	1072	1073	1074	1075	1076	1077	1078	1079	1080	1081	1082	1083	1084	1085	1086	1087	1088	1089	1090	
36	36	66	1001	1002	1003	1004	1005	1006	1007	1009	1011	1013	1015	1017	1018	1019	1020	1021	1022	1023	1025	1026	1032	1034	1035	1036	1038	1039	1041	1044	1046	1047	1049	1050	1053	1054	1055	1056	1057	1058	1060	1061	1062	1063	1064	1065	1066	1068	1069	1070	1071	1072	1073	1074	1075	1077	1078	1079	1080	1081	1082	1083	1084	1085	1086	1088	1089	1090	
37	37	70	1001	1002	1003	1004	1006	1007	1008	1009	1011	1012	1013	1014	1015	1016	1017	1019	1020	1023	1025	1026	1027	1028	1029	1030	1032	1033	1034	1035	1036	1039	1040	1041	1042	1043	1044	1048	1050	1051	1052	1053	1054	1056	1057	1058	1059	1060	1061	1062	1063	1064	1065	1066	1067	1069	1071	1072	1073	1074	1075	1076	1077	1079	1081	1082	1083	1085	1087	1088	1089	1090	
38	38	69	1001	1002	1003	1004	1006	1007	1008	1011	1014	1015	1016	1018	1019	1020	1021	1022	1023	1024	1025	1027	1029	1031	1032	1035	1036	1039	1040	1042	1043	1044	1045	1046	1047	1048	1049	1050	1052	1053	1054	1055	1056	1058	1059	1060	1061	1062	1063	1064	1065	1066	1067	1068	1069	1070	1071	1072	1073	1074	1077	1079	1080	1081	1082	1083	1084	1085	1086	1089	1090	
39	39	68	1001	1002	1003	1004	1007	1008	1009	1010	1011	1012	1013	1016	1017	1018	1019	1021	1022	1024	1025	1026	1027	1028	1029	1030	1031	1033	1034	1035	1039	1040	1041	1042	1043	1044	1045	1046	1047	1049	1052	1053	1054	1055	1056	1059	1060	1061	1063	1064	1065	1066	1067	1068	1071	1072	1073	1074	1075	1076	1079	1082	1083	1084	1085	1086	1087	1088	1089	1090	
40	40	34	1001	1004	1007	1009	1010	1011	1012	1014	1018	1023	1026	1027	1029	1030	1033	1037	1039	1040	1041	1043	1046	1050	1051	1056	1058	1059	1060	1069	1071	1079	1080	1083	1084	1089	
41	41	90	1001	1002	1003	1004	1005	1006	1007	1008	1009	1010	1011	1012	1013	1014	1015	1016	1017	1018	1019	1020	1021	1022	1023	1024	1025	1026	1027	1028	1029	1030	1031	1032	1033	1034	1035	1036	1037	1038	1039	1040	1041	1042	1043	1044	1045	1046	1047	1048	1049	1050	1051	1052	1053	1054	1055	1056	1057	1058	1059	1060	1061	1062	1063	1064	1065	1066	1067	1068	1069	1070	1071	1072	1073	1074	1075	1076	1077	1078	1079	1080	1081	1082	1083	1084	1085	1086	1087	1088	1089	1090	
42	42	71	1002	1004	1006	1007	1008	1009	1010	1012	1013	1014	1015	1016	1017	1018	1019	1020	1022	1023	1024	1025	1026	1029	1030	1031	1032	1033	1034	1035	1036	1037	1038	1039	1040	1041	1042	1043	1047	1048	1049	1050	1051	1053	1056	1057	1058	1060	1062	1063	1064	1065	1066	1067	1068	1069	1070	1071	1072	1073	1075	1076	1077	1078	1079	1080	1081	1084	1086	1087	1088	1089	1090	
43	43	87	1001	1002	1003	1004	1005	1006	1007	1008	1009	1010	1011	1012	1013	1014	1015	1016	1017	1018	1019	1020	1021	1022	1023	1024	1025	1026	1027	1029	1030	1031	1032	1033	1034	1035	1036	1037	1038	1039	1040	1041	1042	1043	1044	1045	1046	1047	1048	1049	1050	1051	1052	1053	1054	1055	1056	1057	1058	1059	1060	1061	1062	1063	1064	1065	1066	1068	1069	1070	1071	1072	1073	1074	1075	1076	1077	1078	1079	1080	1082	1083	1084	1085	1086	1087	1088	1089	1090	
44	44	44	1003	1004	1007	1008	1012	1017	1019	1024	1025	1028	1029	1031	1036	1039	1041	1042	1043	1044	1045	1046	1048	1050	1052	1053	1054	1055	1057	1060	1064	1065	1066	1069	1071	1077	1078	1079	1081	1082	1083	1084	1086	1087	1088	1089	
45	45	67	1003	1004	1005	1008	1009	1010	1011	1014	1015	1016	1017	1018	1019	1020	1022	1023	1024	1027	1028	1029	1030	1032	1033	1035	1036	1037	1038	1039	1040	1041	1042	1044	1045	1046	1048	1049	1050	1052	1053	1054	1057	1058	1059	1061	1064	1065	1066	1067	1068	1069	1070	1072	1073	1074	1075	1076	1077	1078	1079	1080	1081	1083	1084	1086	1087	1088	1089	
46	46	70	1001	1003	1004	1005	1006	1007	1008	1009	1010	1012	1013	1014	1019	1022	1023	1024	1026	1027	1028	1031	1032	1033	1036	1037	1038	1039	1041	1042	1043	1045	1046	1047	1048	1049	1050	1051	1052	1053	1055	1056	1057	1058	1059	1061	1062	1063	1064	1065	1066	1067	1068	1069	1070	1071	1072	1073	1074	1075	1078	1080	1081	1082	1083	1084	1085	1086	1087	1088	1089	1090	
47	47	64	1001	1003	1004	1006	1007	1010	1012	1013	1015	1016	1017	1018	1019	1020	1021	1022	1023	1024	1025	1026	1027	1031	1032	1033	1034	1035	1037	1038	1039	1040	1041	1045	1047	1048	1049	1051	1055	1056	1057	1058	1060	1061	1062	1063	1064	1066	1067	1068	1069	1070	1071	1072	1073	1074	1075	1076	1077	1078	1079	1080	1081	1083	1085	1090	
48	48	19	1001	1008	1015	1020	1027	1028	1036	1038	1039	1040	1043	1050	1051	1052	1067	1068	1077	1078	1086	
49	49	55	1002	1005	1006	1007	1009	1010	1011	1012	1013	1015	1018	1019	1020	1021	1022	1023	1026	1030	1031	1033	1036	1037	1039	1041	1042	1043	1044	1045	1047	1048	1049	1050	1051	1053	1056	1057	1058	1059	1060	1062	1063	1064	1067	1070	1073	1074	1075	1078	1081	1083	1084	1086	1087	1088	1089	
50	50	66	1002	1003	1004	1006	1007	1008	1009	1010	1011	1013	1014	1015	1016	1018	1019	1020	1021	1022	1023	1024	1025	1026	1027	1028	1029	1031	1033	1034	1035	1036	1037	1038	1039	1040	1042	1043	1046	1047	1049	1050	1051	1052	1053	1055	1057	1059	1060	1061	1062	1063	1064	1069	1070	1071	1076	1077	1080	1081	1082	1083	1085	1086	1087	1088	1089	1090	
51	51	65	1001	1002	1003	1004	1008	1010	1011	1013	1014	1016	1017	1018	1019	1020	1021	1024	1025	1026	1028	1029	1030	1031	1033	1035	1036	1037	1038	1039	1040	1041	1044	1045	1046	1047	1049	1052	1053	1055	1056	1057	1058	1059	1060	1061	1062	1066	1067	1068	1070	1073	1074	1075	1076	1077	1079	1080	1081	1082	1083	1084	1085	1086	1087	1088	1089	
52	52	57	1002	1003	1004	1005	1008	1009	1010	1012	1013	1015	1016	1017	1018	1019	1022	1023	1025	1026	1027	1030	1031	1033	1034	1035	1038	1040	1041	1042	1045	1046	1047	1048	1049	1050	1053	1054	1055	1056	1058	1059	1060	1061	1063	1066	1069	1071	1072	1073	1074	1076	1078	1079	1081	1082	1086	1089	1090	
53	53	19	1002	1006	1009	1010	1013	1021	1027	1030	1033	1036	1037	1040	1060	1064	1068	1071	1074	1081	1083	
54	54	50	1001	1005	1006	1007	1008	1010	1014	1018	1022	1023	1024	1026	1027	1029	1030	1031	1037	1039	1040	1042	1043	1045	1046	1047	1048	1050	1052	1053	1054	1055	1056	1059	1061	1062	1064	1067	1068	1071	1072	1073	1074	1079	1081	1082	1083	1084	1085	1086	1087	1088	
55	55	49	1002	1003	1005	1006	1007	1014	1015	1016	1018	1021	1022	1023	1024	1025	1026	1029	1031	1033	1034	1037	1039	1041	1042	1043	1044	1045	1047	1050	1051	1052	1053	1055	1058	1061	1062	1065	1068	1069	1071	1072	1073	1074	1076	1077	1080	1082	1084	1087	1090	
56	56	77	1001	1002	1003	1004	1005	1006	1007	1008	1009	1010	1011	1012	1013	1014	1015	1016	1017	1018	1019	1020	1022	1024	1025	1026	1028	1030	1031	1032	1033	1034	1036	1037	1038	1039	1040	1041	1042	1043	1044	1045	1046	1047	1048	1050	1051	1052	1053	1054	1055	1056	1057	1058	1059	1061	1062	1063	1064	1065	1066	1068	1069	1072	1073	1074	1075	1077	1078	1079	1080	1081	1082	1083	1084	1085	1086	1089	1090	
57	57	83	1001	1002	1003	1004	1005	1006	1007	1008	1009	1011	1012	1013	1014	1015	1016	1017	1018	1019	1020	1021	1022	1023	1024	1025	1027	1028	1029	1030	1031	1032	1033	1034	1035	1036	1037	1038	1039	1040	1041	1042	1044	1045	1046	1047	1048	1049	1050	1051	1052	1053	1054	1056	1057	1058	1059	1061	1062	1063	1064	1065	1066	1067	1069	1070	1072	1073	1074	1075	1076	1077	1078	1079	1080	1081	1082	1083	1084	1085	1086	1087	1088	1089	1090	
58	58	34	1002	1003	1004	1005	1009	1013	1015	1019	1020	1021	1024	1026	1030	1031	1033	1038	1043	1048	1052	1053	1054	1056	1061	1062	1063	1070	1071	1074	1075	1078	1081	1082	1089	1090	
59	59	68	1001	1002	1003	1005	1006	1007	1008	1011	1012	1013	1016	1017	1019	1020	1023	1024	1025	1026	1028	1029	1030	1031	1032	1034	1036	1037	1038	1040	1041	1042	1044	1045	1046	1047	1048	1049	1050	1052	1053	1054	1055	1056	1057	1058	1059	1060	1061	1062	1064	1065	1067	1068	1069	1071	1072	1073	1074	1075	1076	1077	1080	1082	1083	1084	1085	1087	1088	1089	
60	60	30	1003	1004	1005	1009	1011	1012	1017	1022	1023	1025	1026	1027	1031	1032	1035	1038	1041	1051	1055	1058	1060	1065	1067	1068	1073	1074	1079	1084	1086	1087	
