90
1	1	14	1004	1007	1014	1017	1018	1019	1020	1023	1027	1029	1033	1040	1046	1055	
2	2	17	1009	1010	1013	1014	1017	1020	1025	1030	1031	1033	1038	1040	1041	1044	1050	1051	1056	
3	3	43	1001	1003	1004	1007	1010	1012	1014	1015	1016	1018	1019	1021	1022	1024	1025	1026	1027	1029	1030	1031	1032	1033	1034	1035	1036	1038	1039	1040	1041	1042	1043	1045	1047	1049	1050	1051	1052	1053	1054	1055	1057	1058	1060	
4	4	53	1001	1002	1003	1005	1007	1008	1009	1010	1011	1012	1014	1015	1016	1017	1018	1019	1020	1021	1022	1024	1025	1026	1027	1028	1029	1030	1031	1032	1033	1034	1036	1037	1038	1039	1040	1041	1042	1043	1044	1046	1047	1048	1049	1050	1051	1052	1053	1055	1056	1057	1058	1059	1060	
5	5	59	1001	1002	1003	1004	1005	1006	1007	1008	1009	1010	1011	1012	1013	1014	1015	1016	1017	1018	1019	1020	1021	1022	1023	1024	1025	1026	1027	1028	1029	1030	1031	1032	1033	1034	1035	1036	1037	1038	1040	1041	1042	1043	1044	1045	1046	1047	1048	1049	1050	1051	1052	1053	1054	1055	1056	1057	1058	1059	1060	
6	6	40	1001	1002	1003	1004	1005	1006	1008	1009	1012	1013	1015	1016	1017	1018	1019	1020	1022	1023	1024	1026	1027	1028	1030	1033	1034	1036	1037	1038	1039	1041	1043	1045	1046	1048	1049	1050	1053	1056	1059	1060	
7	7	59	1001	1002	1003	1004	1005	1006	1008	1009	1010	1011	1012	1013	1014	1015	1016	1017	1018	1019	1020	1021	1022	1023	1024	1025	1026	1027	1028	1029	1030	1031	1032	1033	1034	1035	1036	1037	1038	1039	1040	1041	1042	1043	1044	1045	1046	1047	1048	1049	1050	1051	1052	1053	1054	1055	1056	1057	1058	1059	1060	
8	8	21	1005	1006	1008	1010	1012	1014	1016	1019	1020	1025	1031	1033	1036	1042	1044	1045	1050	1053	1054	1055	1058	
9	9	41	1002	1003	1005	1007	1008	1009	1011	1014	1016	1017	1019	1021	1022	1023	1025	1026	1027	1028	1029	1030	1031	1032	1033	1035	1036	1038	1039	1041	1042	1043	1045	1046	1047	1048	1053	1055	1056	1057	1058	1059	1060	
10	10	60	1001	1002	1003	1004	1005	1006	1007	1008	1009	1010	1011	1012	1013	1014	1015	1016	1017	1018	1019	1020	1021	1022	1023	1024	1025	1026	1027	1028	1029	1030	1031	1032	1033	1034	1035	1036	1037	1038	1039	1040	1041	1042	1043	1044	1045	1046	1047	1048	1049	1050	1051	1052	1053	1054	1055	1056	1057	1058	1059	1060	
11	11	43	1001	1002	1003	1004	1008	1010	1011	1012	1013	1015	1016	1017	1019	1020	1021	1022	1023	1028	1029	1031	1032	1033	1035	1036	1037	1039	1040	1042	1044	1045	1046	1048	1049	1050	1051	1052	1053	1055	1056	1057	1058	1059	1060	
12	12	44	1001	1002	1004	1005	1007	1008	1009	1010	1011	1012	1013	1014	1015	1016	1017	1018	1020	1023	1024	1027	1028	1029	1030	1031	1032	1033	1034	1035	1036	1037	1038	1040	1041	1045	1047	1048	1049	1052	1054	1055	1056	1058	1059	1060	
13	13	23	1008	1010	1011	1014	1015	1016	1018	1019	1020	1024	1025	1026	1030	1031	1033	1040	1041	1042	1045	1046	1048	1049	1051	
14	14	30	1002	1005	1007	1009	1010	1012	1016	1018	1019	1020	1022	1024	1025	1026	1028	1029	1031	1032	1035	1037	1038	1040	1043	1045	1050	1053	1056	1058	1059	1060	
15	15	30	1002	1003	1006	1010	1011	1012	1016	1017	1018	1021	1023	1025	1026	1029	1033	1035	1037	1039	1040	1044	1045	1047	1048	1051	1052	1053	1054	1058	1059	1060	
16	16	56	1001	1002	1003	1004	1005	1006	1007	1008	1009	1010	1011	1012	1013	1014	1015	1016	1017	1018	1020	1021	1022	1023	1024	1025	1026	1027	1028	1029	1030	1031	1032	1034	1036	1037	1038	1039	1040	1041	1042	1043	1044	1045	1046	1048	1049	1050	1051	1052	1053	1054	1055	1056	1057	1058	1059	1060	
17	17	47	1002	1003	1004	1005	1006	1008	1010	1012	1013	1014	1015	1016	1017	1018	1019	1020	1021	1023	1024	1025	1026	1027	1028	1029	1030	1031	1033	1034	1035	1036	1037	1038	1039	1040	1041	1042	1043	1046	1047	1048	1049	1050	1051	1054	1055	1058	1059	
18	18	22	1001	1005	1007	1008	1010	1015	1017	1018	1019	1021	1026	1028	1029	1032	1035	1042	1043	1044	1045	1051	1053	1057	
19	19	40	1001	1004	1006	1007	1008	1009	1010	1012	1013	1014	1016	1018	1019	1021	1022	1025	1026	1028	1029	1030	1031	1034	1035	1036	1041	1042	1044	1045	1046	1047	1048	1049	1050	1051	1052	1053	1055	1058	1059	1060	
20	20	20	1001	1003	1004	1008	1012	1015	1019	1024	1031	1035	1037	1038	1042	1046	1048	1050	1053	1055	1059	1060	
21	21	54	1001	1002	1003	1004	1005	1006	1007	1008	1009	1010	1011	1012	1013	1014	1016	1017	1018	1019	1020	1021	1022	1026	1027	1028	1029	1030	1031	1032	1033	1034	1035	1036	1037	1038	1039	1040	1041	1042	1043	1044	1045	1046	1047	1049	1050	1051	1052	1053	1054	1055	1056	1057	1059	1060	
22	22	24	1001	1004	1005	1007	1010	1012	1018	1021	1023	1025	1028	1029	1030	1031	1033	1036	1039	1040	1041	1042	1045	1049	1053	1057	
23	23	39	1001	1004	1005	1006	1007	1008	1010	1011	1012	1013	1015	1016	1017	1018	1021	1023	1025	1027	1028	1029	1031	1033	1035	1037	1038	1040	1041	1042	1043	1044	1049	1051	1052	1053	1054	1056	1057	1058	1059	
24	24	42	1005	1006	1007	1008	1009	1010	1012	1013	1014	1016	1017	1019	1021	1023	1025	1027	1030	1031	1032	1033	1035	1036	1037	1038	1039	1040	1041	1042	1043	1044	1045	1047	1048	1049	1050	1051	1052	1053	1054	1055	1056	1058	
25	25	15	1002	1006	1009	1013	1015	1018	1019	1020	1022	1023	1031	1034	1041	1053	1056	
26	26	45	1001	1002	1005	1006	1007	1008	1009	1012	1013	1014	1015	1016	1017	1018	1019	1022	1023	1024	1026	1027	1029	1030	1031	1032	1034	1036	1039	1041	1042	1043	1044	1045	1046	1047	1048	1049	1050	1051	1052	1054	1055	1056	1058	1059	1060	
27	27	20	1003	1007	1008	1010	1012	1018	1019	1021	1025	1028	1029	1039	1041	1047	1050	1053	1055	1057	1058	1059	
28	28	18	1005	1013	1016	1017	1020	1022	1024	1028	1030	1033	1036	1038	1045	1048	1049	1052	1054	1058	
29	29	60	1001	1002	1003	1004	1005	1006	1007	1008	1009	1010	1011	1012	1013	1014	1015	1016	1017	1018	1019	1020	1021	1022	1023	1024	1025	1026	1027	1028	1029	1030	1031	1032	1033	1034	1035	1036	1037	1038	1039	1040	1041	1042	1043	1044	1045	1046	1047	1048	1049	1050	1051	1052	1053	1054	1055	1056	1057	1058	1059	1060	
30	30	33	1002	1003	1004	1005	1006	1008	1010	1013	1014	1015	1016	1017	1021	1025	1027	1028	1029	1031	1033	1035	1039	1042	1043	1044	1046	1047	1051	1052	1054	1055	1056	1058	1060	
31	31	39	1001	1003	1005	1006	1007	1008	1010	1011	1012	1013	1014	1017	1018	1019	1021	1022	1023	1025	1026	1027	1030	1032	1033	1035	1037	1038	1042	1043	1045	1046	1047	1049	1050	1051	1052	1054	1057	1058	1059	
32	32	46	1001	1002	1003	1005	1008	1009	1010	1011	1012	1013	1014	1015	1017	1019	1020	1021	1022	1023	1024	1025	1027	1028	1030	1033	1035	1037	1038	1039	1040	1042	1043	1045	1046	1047	1048	1049	1050	1051	1052	1053	1054	1055	1057	1058	1059	1060	
33	33	51	1001	1002	1004	1005	1006	1007	1008	1009	1010	1011	1012	1013	1014	1015	1016	1017	1019	1020	1021	1022	1023	1024	1026	1027	1028	1029	1032	1033	1034	1035	1036	1037	1040	1041	1042	1043	1044	1045	1046	1047	1048	1049	1050	1051	1052	1053	1055	1056	1058	1059	1060	
34	34	27	1001	1003	1004	1005	1006	1010	1012	1018	1019	1024	1025	1026	1027	1028	1034	1036	1042	1043	1046	1047	1048	1049	1050	1054	1055	1056	1057	
35	35	18	1007	1014	1016	1019	1024	1027	1029	1032	1034	1035	1036	1041	1042	1044	1052	1054	1056	1060	
36	36	32	1001	1003	1005	1006	1007	1008	1009	1010	1012	1013	1014	1015	1016	1019	1021	1027	1033	1037	1038	1039	1040	1041	1042	1043	1045	1046	1048	1050	1051	1052	1054	1059	
37	37	19	1001	1003	1004	1008	1010	1012	1015	1019	1020	1021	1023	1034	1036	1037	1039	1042	1057	1058	1059	
38	38	52	1001	1002	1003	1004	1005	1006	1007	1008	1009	1011	1012	1013	1014	1016	1017	1018	1019	1020	1021	1023	1024	1026	1027	1028	1029	1030	1032	1033	1034	1035	1036	1037	1038	1040	1041	1043	1044	1045	1046	1047	1048	1049	1050	1051	1052	1053	1054	1055	1056	1057	1058	1060	
39	39	20	1001	1002	1004	1006	1008	1009	1012	1014	1016	1023	1034	1036	1039	1044	1049	1051	1053	1055	1057	1059	
40	40	33	1004	1006	1007	1008	1009	1010	1013	1015	1017	1018	1019	1022	1023	1025	1026	1027	1028	1029	1030	1032	1034	1036	1037	1039	1040	1042	1044	1049	1050	1052	1054	1057	1058	
41	41	22	1012	1014	1015	1017	1020	1023	1028	1029	1034	1035	1036	1041	1042	1044	1046	1047	1048	1049	1051	1053	1055	1059	
42	42	37	1001	1003	1004	1005	1006	1007	1010	1014	1015	1017	1018	1019	1021	1023	1025	1026	1027	1028	1033	1035	1036	1037	1040	1042	1043	1044	1048	1049	1050	1052	1054	1055	1056	1057	1058	1059	1060	
43	43	16	1002	1005	1010	1017	1020	1023	1029	1036	1040	1041	1043	1044	1045	1055	1058	1060	
44	44	44	1001	1002	1003	1004	1005	1006	1007	1008	1009	1010	1012	1014	1016	1018	1019	1020	1022	1023	1024	1027	1028	1031	1032	1033	1034	1035	1036	1038	1039	1040	1041	1042	1044	1045	1046	1047	1048	1049	1051	1052	1055	1056	1058	1060	
45	45	53	1001	1002	1003	1004	1005	1007	1008	1009	1010	1011	1012	1013	1014	1015	1016	1018	1019	1020	1022	1023	1025	1026	1027	1028	1029	1030	1032	1033	1034	1035	1037	1038	1039	1041	1042	1043	1044	1045	1046	1047	1048	1049	1050	1051	1052	1053	1054	1055	1056	1057	1058	1059	1060	
46	46	45	1001	1002	1003	1005	1006	1007	1008	1010	1011	1012	1014	1015	1016	1017	1018	1019	1020	1021	1022	1023	1025	1026	1028	1030	1031	1032	1033	1034	1036	1037	1038	1041	1042	1043	1045	1046	1047	1051	1052	1055	1056	1057	1058	1059	1060	
47	47	35	1002	1004	1005	1009	1011	1012	1013	1016	1021	1023	1024	1025	1026	1029	1033	1034	1036	1037	1038	1039	1040	1041	1042	1043	1044	1045	1048	1050	1051	1052	1053	1055	1056	1058	1060	
48	48	53	1001	1003	1004	1005	1006	1007	1008	1009	1010	1011	1012	1013	1014	1015	1017	1018	1019	1020	1021	1022	1023	1024	1025	1026	1027	1028	1029	1030	1031	1032	1033	1034	1036	1037	1038	1039	1040	1042	1043	1044	1045	1046	1047	1048	1049	1050	1053	1054	1056	1057	1058	1059	1060	
49	49	23	1001	1002	1003	1004	1005	1008	1015	1017	1021	1023	1024	1025	1027	1028	1032	1035	1037	1045	1047	1049	1051	1055	1056	
50	50	50	1001	1002	1003	1005	1006	1007	1008	1009	1010	1011	1012	1013	1014	1015	1016	1017	1019	1020	1021	1022	1023	1024	1025	1026	1027	1028	1029	1031	1032	1033	1034	1035	1036	1037	1038	1039	1040	1041	1042	1043	1044	1047	1048	1050	1051	1052	1054	1058	1059	1060	
51	51	16	1004	1011	1015	1016	1018	1020	1021	1024	1026	1031	1034	1043	1054	1058	1059	1060	
52	52	51	1001	1002	1003	1004	1005	1006	1007	1008	1009	1010	1011	1013	1015	1016	1017	1018	1019	1020	1022	1023	1025	1026	1027	1029	1030	1031	1032	1033	1034	1036	1037	1038	1039	1041	1042	1043	1044	1045	1046	1047	1048	1049	1050	1051	1053	1054	1055	1056	1057	1058	1059	
53	53	47	1002	1003	1004	1005	1006	1007	1008	1009	1010	1011	1012	1014	1015	1016	1017	1019	1021	1022	1023	1025	1026	1027	1029	1030	1031	1032	1033	1034	1035	1037	1039	1041	1042	1043	1044	1045	1047	1048	1049	1050	1051	1052	1053	1054	1055	1059	1060	
54	54	56	1001	1003	1004	1005	1006	1007	1008	1009	1010	1012	1013	1014	1015	1016	1017	1018	1019	1020	1021	1022	1023	1024	1025	1026	1027	1028	1029	1030	1031	1033	1034	1035	1036	1038	1039	1040	1041	1042	1043	1044	1045	1046	1047	1048	1049	1050	1051	1052	1053	1054	1055	1056	1057	1058	1059	1060	
55	55	29	1001	1004	1005	1006	1010	1011	1012	1013	1019	1020	1021	1026	1028	1030	1031	1033	1034	1035	1038	1039	1040	1043	1045	1046	1049	1051	1055	1058	1060	
56	56	25	1001	1002	1003	1007	1009	1011	1016	1018	1021	1022	1028	1029	1030	1031	1032	1045	1046	1047	1048	1052	1053	1054	1056	1058	1060	
57	57	36	1001	1002	1003	1004	1007	1009	1013	1014	1015	1016	1019	1020	1021	1022	1023	1024	1025	1026	1028	1029	1032	1035	1037	1038	1039	1040	1041	1042	1044	1048	1049	1050	1051	1053	1058	1060	
58	58	48	1001	1002	1003	1004	1005	1006	1007	1008	1009	1010	1011	1012	1013	1014	1015	1016	1019	1020	1021	1023	1024	1025	1027	1028	1029	1031	1032	1033	1035	1036	1037	1038	1039	1040	1041	1042	1043	1046	1048	1049	1050	1051	1052	1053	1054	1055	1059	1060	
59	59	41	1002	1006	1007	1008	1009	1010	1012	1013	1014	1015	1016	1018	1020	1023	1025	1027	1028	1029	1030	1031	1032	1035	1036	1037	1038	1040	1041	1042	1044	1045	1047	1048	1049	1050	1051	1052	1053	1054	1055	1057	1060	
60	60	50	1001	1002	1003	1004	1005	1006	1007	1009	1010	1013	1014	1015	1017	1018	1019	1020	1021	1022	1023	1024	1028	1029	1030	1031	1032	1033	1035	1036	1037	1038	1039	1040	1041	1042	1044	1045	1046	1047	1048	1049	1050	1051	1052	1053	1054	1055	1057	1058	1059	1060	
61	61	23	1001	1003	1004	1006	1007	1008	1010	1011	1014	1017	1023	1025	1032	1034	1035	1036	1038	1039	1044	1045	1052	1058	1060	
62	62	42	1001	1002	1005	1006	1007	1008	1009	1014	1015	1016	1017	1019	1020	1021	1022	1023	1024	1025	1026	1028	1029	1030	1031	1035	1036	1037	1038	1039	1040	1041	1042	1043	1045	1046	1051	1054	1055	1056	1057	1058	1059	1060	
63	63	18	1002	1006	1014	1016	1018	1020	1021	1022	1025	1026	1032	1033	1035	1036	1040	1045	1050	1058	
64	64	25	1001	1002	1003	1007	1008	1011	1013	1016	1017	1020	1023	1026	1029	1031	1032	1033	1034	1036	1043	1045	1049	1056	1058	1059	1060	
65	65	13	1001	1004	1006	1015	1018	1023	1024	1027	1028	1039	1045	1050	1054	
66	66	51	1001	1003	1004	1005	1007	1008	1010	1011	1012	1013	1014	1015	1016	1018	1019	1020	1021	1022	1023	1024	1025	1027	1028	1029	1030	1031	1032	1033	1034	1035	1037	1038	1039	1040	1042	1044	1046	1047	1048	1049	1050	1051	1052	1053	1054	1055	1056	1057	1058	1059	1060	
67	67	18	1004	1007	1008	1012	1014	1022	1024	1026	1027	1029	1031	1036	1039	1044	1049	1053	1054	1058	
68	68	31	1003	1005	1008	1009	1010	1012	1013	1014	1016	1017	1021	1024	1025	1026	1027	1028	1030	1034	1035	1036	1038	1039	1040	1042	1043	1046	1049	1051	1055	1057	1060	
69	69	19	1001	1008	1009	1010	1015	1018	1022	1023	1026	1040	1042	1043	1045	1046	1051	1057	1058	1059	1060	
70	70	21	1001	1004	1008	1010	1012	1014	1015	1025	1027	1028	1030	1031	1033	1036	1037	1039	1040	1050	1051	1054	1056	
71	71	36	1001	1002	1003	1004	1005	1006	1007	1008	1009	1011	1013	1014	1015	1017	1018	1019	1020	1022	1023	1024	1025	1027	1028	1032	1034	1035	1039	1041	1043	1045	1046	1048	1049	1051	1054	1057	
72	72	55	1001	1002	1003	1004	1005	1006	1007	1008	1009	1010	1011	1012	1013	1014	1015	1016	1017	1018	1019	1020	1021	1022	1023	1024	1026	1027	1028	1030	1031	1032	1033	1034	1036	1037	1038	1040	1041	1042	1043	1044	1045	1046	1047	1048	1049	1050	1052	1053	1054	1055	1056	1057	1058	1059	1060	
73	73	47	1001	1002	1003	1004	1005	1007	1008	1009	1010	1011	1012	1014	1016	1017	1018	1019	1020	1021	1022	1023	1024	1025	1026	1027	1028	1030	1032	1034	1035	1036	1037	1038	1040	1041	1042	1043	1046	1047	1048	1050	1051	1053	1054	1055	1057	1059	1060	
74	74	50	1002	1003	1004	1005	1006	1007	1008	1009	1010	1011	1012	1013	1014	1015	1016	1018	1020	1021	1022	1023	1024	1025	1028	1029	1030	1031	1032	1033	1034	1035	1036	1037	1038	1039	1040	1041	1042	1043	1046	1048	1049	1050	1051	1053	1054	1055	1056	1057	1059	1060	
75	75	52	1001	1002	1003	1004	1005	1006	1007	1009	1010	1011	1012	1013	1014	1015	1016	1017	1018	1019	1020	1021	1022	1024	1025	1026	1027	1028	1029	1031	1032	1033	1034	1035	1036	1037	1038	1039	1041	1043	1044	1045	1046	1047	1048	1049	1052	1054	1055	1056	1057	1058	1059	1060	
76	76	56	1001	1002	1003	1004	1005	1006	1007	1008	1009	1010	1011	1012	1013	1014	1015	1016	1018	1020	1021	1022	1023	1024	1025	1026	1027	1028	1029	1030	1031	1032	1033	1034	1035	1036	1037	1038	1039	1041	1042	1043	1044	1045	1046	1047	1048	1049	1050	1051	1052	1053	1054	1055	1056	1057	1058	1060	
77	77	29	1004	1006	1008	1010	1011	1013	1014	1015	1016	1017	1019	1021	1022	1023	1024	1025	1028	1033	1036	1037	1040	1043	1045	1049	1050	1053	1056	1057	1059	
78	78	24	1001	1003	1004	1009	1010	1015	1017	1018	1024	1026	1028	1029	1030	1031	1034	1036	1037	1039	1040	1046	1049	1051	1052	1057	
79	79	40	1002	1003	1004	1005	1006	1007	1008	1009	1010	1011	1012	1015	1016	1019	1020	1022	1023	1025	1029	1030	1034	1036	1038	1039	1040	1043	1044	1045	1046	1047	1048	1050	1051	1052	1053	1054	1055	1056	1059	1060	
80	80	27	1002	1003	1004	1005	1006	1008	1009	1010	1011	1014	1016	1021	1022	1024	1027	1033	1038	1039	1040	1043	1045	1048	1050	1054	1055	1056	1057	
81	81	14	1002	1020	1023	1024	1031	1033	1040	1044	1045	1048	1053	1055	1057	1059	
82	82	34	1003	1005	1009	1010	1013	1014	1016	1017	1018	1019	1020	1023	1024	1025	1026	1028	1029	1030	1031	1033	1034	1038	1039	1040	1042	1045	1048	1049	1050	1054	1055	1058	1059	1060	
83	83	41	1001	1003	1004	1005	1006	1008	1009	1012	1013	1014	1015	1016	1017	1021	1023	1024	1025	1026	1027	1028	1029	1030	1031	1032	1034	1035	1036	1039	1040	1041	1043	1044	1046	1051	1052	1053	1054	1056	1057	1059	1060	
84	84	22	1002	1004	1009	1013	1020	1024	1025	1029	1030	1033	1034	1036	1038	1039	1040	1041	1045	1048	1051	1053	1054	1059	
85	85	39	1003	1004	1005	1006	1007	1009	1010	1011	1012	1014	1015	1016	1017	1019	1020	1022	1023	1025	1026	1027	1029	1030	1031	1034	1035	1038	1040	1041	1042	1047	1048	1051	1052	1054	1055	1056	1057	1058	1060	
86	86	23	1004	1005	1009	1010	1012	1019	1021	1031	1033	1034	1035	1036	1037	1039	1045	1047	1048	1049	1054	1055	1057	1058	1060	
87	87	49	1003	1004	1005	1007	1010	1011	1012	1013	1015	1016	1018	1019	1020	1021	1022	1024	1025	1026	1027	1028	1029	1030	1031	1032	1033	1035	1036	1037	1038	1039	1040	1041	1042	1043	1044	1045	1047	1048	1049	1050	1051	1052	1053	1055	1056	1057	1058	1059	1060	
88	88	57	1001	1002	1003	1004	1006	1007	1008	1009	1010	1011	1012	1013	1014	1015	1016	1017	1018	1019	1020	1021	1022	1023	1024	1025	1026	1028	1029	1030	1031	1032	1033	1034	1035	1036	1037	1038	1039	1040	1041	1043	1044	1045	1046	1047	1048	1049	1050	1051	1052	1053	1054	1055	1056	1057	1058	1059	1060	
89	89	59	1001	1002	1003	1004	1005	1006	1007	1008	1009	1010	1011	1012	1013	1014	1015	1016	1017	1018	1019	1020	1021	1022	1023	1024	1025	1026	1027	1028	1029	1030	1032	1033	1034	1035	1036	1037	1038	1039	1040	1041	1042	1043	1044	1045	1046	1047	1048	1049	1050	1051	1052	1053	1054	1055	1056	1057	1058	1059	1060	
90	90	31	1003	1004	1005	1009	1010	1011	1012	1013	1018	1020	1021	1022	1023	1026	1027	1030	1031	1032	1033	1034	1036	1040	1041	1042	1043	1044	1048	1052	1055	1058	1060	
