90
1	1	9	1007	1009	1012	1013	1014	1017	1019	1023	1026	
2	2	15	1001	1002	1003	1004	1006	1010	1013	1016	1017	1018	1019	1020	1027	1028	1030	
3	3	28	1001	1002	1003	1004	1006	1007	1008	1009	1010	1011	1012	1013	1014	1016	1017	1018	1019	1020	1021	1022	1023	1024	1025	1026	1027	1028	1029	1030	
4	4	18	1003	1005	1006	1007	1009	1013	1014	1015	1016	1017	1019	1022	1023	1024	1025	1026	1028	1030	
5	5	29	1001	1002	1003	1004	1005	1006	1007	1009	1010	1011	1012	1013	1014	1015	1016	1017	1018	1019	1020	1021	1022	1023	1024	1025	1026	1027	1028	1029	1030	
6	6	20	1001	1002	1003	1005	1006	1007	1008	1009	1011	1012	1013	1015	1016	1017	1018	1019	1020	1022	1028	1030	
7	7	25	1001	1002	1005	1006	1007	1008	1010	1011	1012	1013	1014	1015	1016	1018	1019	1020	1021	1022	1023	1024	1026	1027	1028	1029	1030	
8	8	23	1002	1003	1004	1005	1006	1007	1008	1010	1011	1012	1013	1014	1015	1016	1017	1020	1021	1022	1023	1026	1028	1029	1030	
9	9	17	1001	1003	1006	1007	1009	1010	1018	1019	1020	1021	1022	1023	1024	1025	1026	1027	1029	
10	10	12	1004	1007	1009	1011	1015	1016	1019	1023	1025	1027	1028	1030	
11	11	10	1006	1009	1011	1013	1014	1017	1020	1027	1029	1030	
12	12	22	1001	1002	1005	1006	1007	1009	1010	1011	1012	1013	1014	1016	1017	1019	1020	1023	1024	1025	1026	1028	1029	1030	
13	13	15	1002	1003	1005	1007	1009	1010	1011	1013	1016	1017	1018	1019	1025	1028	1030	
14	14	21	1002	1003	1004	1005	1006	1007	1008	1009	1011	1012	1014	1015	1016	1017	1018	1019	1024	1026	1027	1028	1029	
15	15	11	1002	1003	1011	1014	1017	1019	1020	1022	1024	1025	1028	
16	16	13	1002	1006	1007	1009	1013	1016	1017	1019	1023	1024	1026	1028	1030	
17	17	23	1001	1002	1003	1004	1005	1006	1007	1009	1010	1011	1012	1017	1018	1019	1020	1022	1023	1024	1025	1026	1028	1029	1030	
18	18	13	1002	1003	1006	1007	1008	1014	1015	1017	1019	1022	1023	1024	1026	
19	19	28	1001	1002	1003	1004	1005	1006	1007	1008	1009	1010	1011	1012	1013	1015	1016	1017	1018	1020	1021	1022	1023	1024	1025	1026	1027	1028	1029	1030	
20	20	27	1001	1003	1004	1005	1006	1008	1009	1010	1011	1012	1013	1014	1015	1016	1017	1018	1019	1021	1022	1023	1024	1025	1026	1027	1028	1029	1030	
21	21	11	1002	1004	1006	1009	1010	1015	1017	1018	1025	1026	1030	
22	22	27	1001	1002	1004	1005	1006	1007	1008	1009	1010	1011	1012	1013	1015	1016	1017	1018	1019	1021	1022	1023	1024	1025	1026	1027	1028	1029	1030	
23	23	21	1001	1002	1003	1004	1008	1009	1010	1011	1012	1013	1015	1017	1018	1020	1021	1023	1024	1025	1026	1028	1029	
24	24	28	1001	1002	1003	1004	1005	1006	1007	1008	1009	1010	1011	1012	1013	1014	1015	1016	1017	1018	1020	1021	1022	1023	1024	1025	1026	1028	1029	1030	
25	25	29	1001	1002	1003	1004	1005	1006	1007	1008	1010	1011	1012	1013	1014	1015	1016	1017	1018	1019	1020	1021	1022	1023	1024	1025	1026	1027	1028	1029	1030	
26	26	9	1002	1006	1009	1014	1016	1017	1022	1026	1030	
27	27	10	1001	1005	1008	1009	1015	1017	1018	1022	1025	1026	
28	28	10	1003	1010	1011	1014	1015	1017	1020	1021	1027	1028	
29	29	8	1002	1003	1015	1018	1021	1022	1029	1030	
30	30	14	1001	1003	1007	1008	1010	1011	1012	1013	1014	1016	1020	1024	1028	1029	
31	31	11	1006	1007	1010	1013	1014	1017	1018	1020	1021	1025	1027	
32	32	7	1002	1013	1016	1017	1018	1028	1030	
33	33	11	1003	1004	1005	1007	1008	1012	1019	1020	1022	1024	1027	
34	34	11	1002	1005	1006	1009	1014	1018	1019	1021	1026	1029	1030	
35	35	14	1002	1003	1004	1005	1008	1013	1022	1023	1024	1025	1026	1027	1028	1029	
36	36	16	1001	1002	1003	1004	1006	1008	1010	1011	1012	1013	1016	1020	1023	1024	1028	1029	
37	37	24	1001	1004	1005	1006	1008	1009	1012	1013	1014	1015	1016	1017	1018	1019	1020	1021	1022	1023	1024	1026	1027	1028	1029	1030	
38	38	18	1004	1005	1007	1008	1010	1011	1012	1013	1016	1017	1019	1020	1023	1024	1026	1028	1029	1030	
39	39	23	1001	1002	1003	1005	1006	1009	1010	1011	1012	1013	1014	1016	1017	1019	1020	1021	1022	1023	1025	1027	1028	1029	1030	
40	40	23	1001	1002	1003	1004	1006	1008	1009	1010	1011	1012	1014	1015	1016	1018	1022	1023	1024	1025	1026	1027	1028	1029	1030	
41	41	17	1002	1004	1007	1011	1013	1014	1015	1016	1017	1018	1019	1020	1022	1025	1026	1029	1030	
42	42	18	1002	1004	1005	1006	1011	1013	1017	1018	1019	1020	1022	1023	1024	1025	1026	1027	1029	1030	
43	43	8	1002	1003	1008	1011	1014	1019	1022	1024	
44	44	13	1002	1005	1006	1007	1009	1011	1013	1017	1018	1019	1020	1024	1028	
45	45	11	1002	1004	1007	1008	1009	1010	1012	1025	1026	1029	1030	
46	46	21	1004	1005	1006	1007	1008	1009	1011	1012	1013	1014	1017	1018	1019	1020	1021	1023	1024	1025	1026	1028	1029	
47	47	18	1001	1002	1005	1008	1009	1010	1011	1013	1018	1019	1020	1023	1024	1025	1026	1027	1028	1030	
48	48	25	1001	1002	1003	1004	1006	1007	1008	1009	1011	1012	1013	1014	1015	1016	1017	1018	1019	1020	1021	1022	1023	1024	1027	1028	1029	
49	49	21	1001	1003	1004	1005	1006	1007	1008	1009	1012	1013	1017	1018	1019	1020	1021	1022	1023	1024	1026	1027	1029	
50	50	20	1001	1002	1003	1004	1007	1009	1011	1012	1013	1015	1016	1019	1021	1022	1023	1024	1025	1028	1029	1030	
51	51	13	1002	1004	1006	1008	1010	1012	1013	1017	1019	1022	1024	1027	1029	
52	52	20	1001	1002	1004	1006	1007	1008	1009	1010	1011	1013	1014	1015	1019	1020	1021	1023	1025	1026	1029	1030	
53	53	21	1001	1002	1003	1006	1008	1009	1010	1013	1015	1016	1017	1018	1020	1021	1022	1023	1024	1026	1027	1028	1030	
54	54	22	1001	1002	1003	1004	1005	1007	1008	1011	1013	1014	1016	1017	1018	1019	1020	1023	1024	1025	1026	1027	1028	1030	
55	55	20	1001	1003	1004	1005	1008	1009	1011	1012	1014	1015	1017	1019	1020	1021	1022	1023	1026	1027	1028	1029	
56	56	16	1005	1006	1007	1009	1011	1012	1013	1015	1018	1020	1021	1024	1025	1026	1029	1030	
57	57	15	1001	1003	1005	1009	1010	1011	1012	1014	1017	1018	1019	1020	1021	1026	1030	
58	58	20	1001	1003	1004	1005	1006	1008	1009	1013	1014	1015	1016	1018	1019	1022	1024	1026	1027	1028	1029	1030	
59	59	23	1002	1003	1005	1007	1008	1009	1010	1011	1012	1015	1016	1017	1018	1019	1020	1022	1023	1025	1026	1027	1028	1029	1030	
60	60	11	1004	1011	1012	1017	1018	1020	1022	1024	1026	1027	1029	
61	61	23	1001	1002	1003	1004	1005	1006	1007	1008	1009	1011	1014	1015	1016	1017	1018	1019	1022	1023	1024	1025	1026	1028	1030	
62	62	20	1001	1002	1003	1004	1005	1007	1008	1009	1013	1014	1015	1016	1017	1018	1019	1021	1022	1024	1025	1026	
63	63	16	1001	1006	1007	1009	1010	1011	1012	1014	1017	1019	1021	1023	1025	1028	1029	1030	
64	64	17	1001	1002	1005	1006	1007	1008	1009	1010	1011	1012	1014	1015	1016	1017	1021	1025	1026	
65	65	26	1001	1002	1003	1005	1006	1007	1008	1009	1010	1011	1013	1014	1016	1017	1018	1020	1021	1022	1023	1024	1025	1026	1027	1028	1029	1030	
66	66	28	1001	1002	1003	1004	1005	1006	1007	1008	1009	1010	1011	1012	1013	1014	1015	1016	1017	1020	1021	1022	1023	1024	1025	1026	1027	1028	1029	1030	
67	67	29	1001	1002	1003	1004	1006	1007	1008	1009	1010	1011	1012	1013	1014	1015	1016	1017	1018	1019	1020	1021	1022	1023	1024	1025	1026	1027	1028	1029	1030	
68	68	29	1001	1002	1003	1004	1005	1006	1007	1008	1009	1010	1011	1012	1013	1014	1015	1016	1017	1018	1019	1020	1021	1022	1023	1024	1025	1026	1027	1029	1030	
69	69	9	1001	1011	1012	1013	1014	1015	1018	1027	1029	
70	70	28	1001	1002	1003	1004	1005	1006	1007	1008	1010	1011	1012	1013	1014	1015	1016	1017	1018	1019	1020	1021	1022	1023	1024	1026	1027	1028	1029	1030	
71	71	14	1002	1004	1006	1011	1014	1015	1017	1018	1019	1020	1022	1024	1026	1027	
72	72	14	1002	1003	1004	1005	1013	1016	1017	1018	1019	1022	1024	1025	1027	1030	
73	73	8	1004	1006	1007	1010	1015	1018	1020	1021	
74	74	7	1005	1009	1011	1013	1014	1023	1025	
75	75	9	1009	1013	1017	1018	1020	1021	1023	1026	1030	
76	76	16	1001	1005	1006	1007	1008	1011	1012	1013	1015	1020	1021	1022	1023	1024	1025	1028	
77	77	21	1001	1002	1003	1004	1006	1009	1010	1013	1014	1015	1016	1019	1021	1022	1023	1024	1025	1026	1027	1028	1029	
78	78	11	1001	1003	1005	1008	1009	1011	1013	1015	1016	1018	1027	
79	79	21	1001	1003	1004	1007	1008	1009	1011	1012	1013	1014	1016	1017	1021	1022	1024	1025	1026	1027	1028	1029	1030	
80	80	10	1003	1006	1012	1014	1016	1017	1020	1022	1024	1025	
81	81	8	1003	1004	1007	1008	1013	1017	1019	1022	
82	82	19	1004	1005	1007	1008	1009	1012	1013	1014	1015	1016	1017	1021	1023	1024	1025	1026	1027	1029	1030	
83	83	17	1003	1004	1005	1006	1009	1010	1011	1015	1017	1019	1020	1024	1025	1026	1027	1029	1030	
84	84	23	1001	1002	1003	1005	1006	1007	1008	1010	1011	1012	1013	1015	1016	1017	1021	1022	1023	1024	1025	1027	1028	1029	1030	
85	85	21	1001	1002	1003	1005	1006	1008	1009	1010	1012	1013	1014	1015	1016	1017	1020	1021	1024	1025	1027	1029	1030	
86	86	8	1002	1007	1008	1013	1021	1023	1028	1030	
87	87	26	1001	1002	1003	1004	1005	1006	1007	1008	1011	1013	1014	1015	1016	1017	1018	1019	1020	1021	1022	1024	1025	1026	1027	1028	1029	1030	
88	88	24	1001	1002	1003	1004	1006	1007	1008	1009	1010	1011	1013	1014	1015	1016	1017	1018	1020	1021	1022	1023	1026	1027	1028	1029	
89	89	22	1001	1003	1004	1005	1006	1007	1008	1009	1010	1012	1015	1017	1018	1019	1021	1022	1023	1024	1025	1027	1028	1030	
90	90	22	1001	1002	1003	1004	1005	1006	1010	1011	1013	1014	1015	1016	1018	1019	1020	1022	1023	1024	1026	1027	1028	1030	
