90
1	1	27	1006	1007	1008	1010	1011	1015	1018	1020	1024	1033	1037	1038	1039	1041	1046	1047	1052	1054	1057	1058	1059	1071	1073	1074	1081	1084	1086	
2	2	86	1001	1002	1003	1004	1005	1006	1008	1009	1010	1011	1012	1013	1014	1015	1018	1019	1020	1021	1022	1023	1024	1025	1026	1027	1029	1030	1031	1032	1033	1034	1035	1036	1037	1038	1039	1040	1041	1042	1043	1044	1045	1046	1047	1048	1049	1050	1051	1052	1053	1054	1055	1056	1057	1058	1059	1060	1061	1062	1063	1064	1065	1066	1067	1068	1069	1070	1071	1072	1073	1074	1075	1076	1077	1078	1079	1080	1081	1082	1083	1084	1085	1086	1087	1088	1089	1090	
3	3	46	1001	1003	1008	1009	1010	1011	1012	1014	1015	1018	1020	1022	1026	1027	1031	1033	1034	1035	1036	1037	1039	1042	1043	1045	1046	1047	1049	1052	1053	1054	1055	1056	1057	1061	1062	1063	1066	1071	1072	1073	1075	1080	1081	1085	1089	1090	
4	4	32	1002	1006	1007	1009	1012	1015	1020	1024	1025	1027	1030	1033	1035	1036	1038	1039	1040	1041	1051	1053	1055	1057	1059	1063	1065	1071	1074	1076	1077	1080	1081	1089	
5	5	30	1003	1006	1007	1008	1010	1012	1023	1024	1028	1029	1031	1032	1035	1039	1041	1048	1052	1055	1056	1057	1059	1063	1065	1066	1067	1069	1072	1076	1082	1090	
6	6	50	1001	1004	1006	1009	1011	1012	1013	1017	1018	1019	1020	1022	1023	1031	1034	1035	1036	1038	1039	1040	1042	1043	1044	1046	1047	1049	1050	1053	1054	1057	1059	1061	1062	1063	1066	1067	1068	1071	1072	1074	1078	1079	1081	1083	1084	1086	1087	1088	1089	1090	
7	7	23	1001	1012	1015	1018	1024	1029	1031	1032	1038	1040	1041	1044	1047	1049	1061	1062	1065	1066	1077	1079	1084	1085	1088	
8	8	53	1002	1003	1004	1005	1007	1010	1011	1012	1013	1015	1016	1017	1020	1021	1022	1024	1027	1028	1029	1030	1033	1036	1038	1039	1040	1042	1044	1048	1049	1050	1052	1054	1055	1056	1058	1061	1063	1064	1065	1067	1071	1074	1075	1076	1077	1078	1079	1080	1084	1085	1088	1089	1090	
9	9	67	1001	1002	1003	1004	1007	1008	1009	1012	1013	1014	1015	1016	1019	1020	1023	1024	1025	1027	1028	1029	1030	1031	1033	1034	1035	1036	1040	1041	1042	1043	1044	1045	1047	1048	1049	1050	1051	1052	1053	1055	1056	1057	1058	1059	1060	1061	1063	1064	1065	1066	1067	1069	1070	1071	1072	1074	1076	1077	1078	1079	1080	1081	1082	1084	1085	1087	1089	
10	10	58	1002	1004	1005	1006	1007	1008	1009	1011	1012	1014	1016	1018	1019	1020	1022	1024	1025	1027	1033	1034	1035	1037	1039	1040	1043	1044	1045	1046	1047	1048	1052	1053	1054	1055	1056	1058	1059	1061	1062	1063	1064	1065	1066	1068	1069	1070	1072	1074	1075	1078	1079	1080	1083	1084	1086	1088	1089	1090	
11	11	35	1001	1002	1004	1011	1013	1015	1016	1019	1023	1034	1035	1036	1037	1038	1041	1042	1046	1052	1053	1056	1057	1060	1061	1063	1064	1065	1071	1072	1074	1081	1082	1085	1088	1089	1090	
12	12	69	1002	1003	1004	1005	1006	1007	1008	1010	1011	1012	1013	1014	1015	1017	1018	1019	1020	1021	1022	1023	1027	1028	1029	1030	1031	1032	1033	1034	1036	1037	1038	1039	1040	1044	1046	1047	1048	1049	1051	1053	1054	1055	1056	1058	1061	1062	1063	1064	1065	1066	1067	1070	1072	1074	1075	1077	1078	1079	1080	1081	1082	1083	1084	1085	1086	1087	1088	1089	1090	
13	13	86	1001	1002	1003	1004	1005	1006	1007	1008	1009	1010	1011	1012	1013	1014	1015	1016	1017	1018	1019	1020	1022	1023	1024	1025	1026	1027	1028	1029	1030	1031	1032	1033	1034	1035	1036	1037	1038	1039	1040	1041	1042	1043	1044	1045	1046	1047	1048	1050	1051	1052	1053	1054	1055	1056	1057	1058	1059	1060	1062	1063	1064	1065	1066	1067	1068	1069	1070	1071	1072	1073	1074	1075	1076	1077	1078	1079	1080	1081	1082	1083	1084	1085	1086	1087	1089	1090	
14	14	35	1006	1011	1017	1022	1026	1028	1031	1032	1036	1038	1039	1040	1043	1045	1046	1047	1048	1054	1056	1060	1061	1062	1067	1069	1073	1074	1076	1078	1079	1081	1082	1085	1087	1088	1090	
15	15	75	1001	1003	1004	1005	1006	1007	1009	1011	1012	1013	1014	1015	1016	1017	1018	1020	1021	1022	1023	1024	1025	1027	1028	1029	1030	1031	1033	1034	1035	1036	1037	1038	1039	1041	1043	1044	1045	1047	1048	1049	1050	1051	1053	1054	1055	1056	1057	1058	1059	1060	1061	1063	1064	1065	1068	1069	1070	1071	1073	1074	1075	1076	1077	1078	1079	1080	1082	1083	1084	1085	1086	1087	1088	1089	1090	
16	16	59	1001	1002	1003	1005	1007	1008	1010	1012	1013	1014	1016	1017	1022	1023	1025	1026	1027	1028	1029	1030	1031	1032	1035	1038	1041	1042	1043	1046	1047	1049	1050	1051	1053	1055	1057	1058	1060	1061	1062	1064	1066	1067	1069	1070	1072	1073	1074	1075	1076	1078	1079	1080	1082	1083	1084	1085	1086	1087	1089	
17	17	65	1001	1002	1004	1005	1006	1007	1009	1010	1012	1013	1015	1016	1017	1019	1021	1023	1025	1026	1027	1030	1031	1032	1033	1034	1037	1038	1039	1040	1041	1043	1044	1045	1046	1047	1051	1052	1053	1054	1055	1056	1058	1059	1060	1061	1063	1064	1065	1066	1069	1071	1073	1074	1075	1076	1077	1079	1080	1081	1082	1083	1084	1085	1087	1088	1089	
18	18	55	1001	1002	1005	1007	1009	1010	1011	1012	1015	1016	1017	1018	1019	1023	1024	1027	1028	1030	1031	1032	1036	1037	1038	1039	1040	1042	1043	1044	1045	1046	1047	1048	1049	1052	1053	1054	1056	1057	1058	1062	1065	1066	1069	1071	1072	1074	1075	1076	1077	1078	1080	1085	1087	1088	1090	
19	19	36	1001	1004	1008	1012	1015	1017	1018	1020	1021	1025	1026	1029	1037	1038	1043	1046	1049	1051	1052	1053	1055	1056	1061	1063	1064	1065	1066	1068	1069	1071	1072	1073	1077	1079	1080	1085	
20	20	90	1001	1002	1003	1004	1005	1006	1007	1008	1009	1010	1011	1012	1013	1014	1015	1016	1017	1018	1019	1020	1021	1022	1023	1024	1025	1026	1027	1028	1029	1030	1031	1032	1033	1034	1035	1036	1037	1038	1039	1040	1041	1042	1043	1044	1045	1046	1047	1048	1049	1050	1051	1052	1053	1054	1055	1056	1057	1058	1059	1060	1061	1062	1063	1064	1065	1066	1067	1068	1069	1070	1071	1072	1073	1074	1075	1076	1077	1078	1079	1080	1081	1082	1083	1084	1085	1086	1087	1088	1089	1090	
21	21	45	1001	1003	1007	1008	1010	1013	1017	1018	1019	1021	1023	1025	1027	1029	1031	1032	1034	1035	1036	1038	1039	1043	1047	1048	1049	1051	1056	1057	1058	1060	1070	1073	1076	1077	1078	1079	1080	1082	1084	1085	1086	1087	1088	1089	1090	
22	22	19	1013	1019	1021	1025	1027	1028	1030	1039	1046	1054	1059	1063	1064	1072	1074	1080	1081	1082	1089	
23	23	84	1001	1002	1003	1004	1005	1006	1007	1008	1009	1010	1011	1012	1013	1014	1015	1016	1017	1018	1019	1020	1021	1022	1023	1025	1027	1029	1030	1031	1032	1033	1034	1035	1036	1037	1038	1039	1040	1041	1042	1043	1044	1045	1046	1047	1048	1049	1050	1051	1052	1053	1054	1055	1056	1058	1059	1060	1062	1063	1064	1065	1066	1067	1068	1069	1070	1071	1072	1073	1074	1075	1076	1077	1078	1079	1080	1081	1082	1083	1084	1085	1087	1088	1089	1090	
24	24	39	1003	1007	1009	1013	1014	1015	1020	1027	1028	1029	1031	1032	1033	1034	1038	1039	1040	1041	1043	1045	1047	1048	1049	1052	1053	1057	1059	1061	1063	1065	1066	1068	1070	1072	1076	1085	1086	1087	1088	
25	25	76	1001	1002	1003	1004	1005	1006	1007	1008	1009	1010	1012	1013	1014	1015	1016	1017	1019	1020	1021	1022	1023	1024	1025	1026	1027	1028	1029	1030	1031	1032	1033	1034	1035	1037	1039	1040	1041	1042	1043	1044	1045	1046	1047	1049	1050	1052	1053	1054	1056	1057	1058	1059	1060	1061	1062	1065	1067	1068	1069	1070	1071	1072	1073	1074	1076	1078	1080	1082	1083	1084	1085	1086	1087	1088	1089	1090	
26	26	44	1003	1004	1005	1006	1011	1014	1018	1019	1020	1021	1023	1024	1029	1030	1031	1032	1034	1037	1044	1046	1052	1053	1055	1056	1057	1058	1060	1062	1065	1066	1071	1073	1074	1075	1076	1077	1078	1080	1081	1083	1084	1085	1088	1090	
27	27	41	1001	1002	1003	1005	1006	1008	1011	1014	1019	1020	1023	1030	1032	1034	1037	1038	1040	1045	1046	1047	1048	1050	1051	1053	1054	1063	1064	1065	1066	1069	1071	1073	1075	1076	1078	1080	1082	1084	1085	1086	1090	
28	28	62	1001	1002	1003	1004	1007	1010	1011	1012	1013	1014	1015	1016	1018	1020	1021	1022	1023	1025	1026	1028	1030	1031	1032	1033	1034	1035	1036	1038	1040	1042	1043	1046	1048	1049	1050	1052	1053	1056	1057	1059	1060	1061	1062	1063	1064	1065	1066	1071	1073	1074	1075	1076	1077	1078	1079	1080	1082	1083	1084	1085	1086	1087	
29	29	34	1002	1008	1009	1010	1012	1017	1020	1021	1022	1026	1027	1032	1034	1035	1036	1037	1039	1040	1042	1043	1048	1052	1062	1063	1064	1065	1067	1070	1073	1080	1082	1083	1089	1090	
30	30	31	1005	1012	1016	1019	1024	1027	1029	1030	1034	1035	1039	1040	1044	1045	1046	1048	1049	1050	1055	1056	1060	1063	1064	1067	1069	1070	1074	1075	1080	1081	1087	
31	31	26	1001	1002	1009	1013	1018	1019	1023	1026	1027	1029	1031	1034	1044	1054	1055	1062	1063	1068	1069	1074	1077	1080	1082	1083	1084	1090	
32	32	69	1001	1002	1003	1005	1008	1009	1010	1011	1012	1014	1015	1016	1018	1019	1020	1021	1022	1023	1024	1025	1026	1028	1030	1031	1032	1034	1035	1037	1038	1039	1040	1042	1043	1044	1045	1046	1048	1049	1050	1051	1052	1053	1054	1055	1057	1060	1063	1064	1065	1066	1067	1069	1070	1071	1072	1073	1074	1077	1078	1079	1080	1083	1084	1085	1086	1087	1088	1089	1090	
33	33	68	1001	1002	1003	1005	1006	1007	1008	1009	1010	1011	1013	1014	1015	1016	1018	1019	1021	1022	1025	1026	1028	1029	1030	1032	1034	1035	1036	1037	1038	1040	1042	1043	1045	1046	1050	1051	1052	1053	1054	1055	1056	1057	1058	1059	1060	1061	1062	1063	1064	1065	1066	1067	1068	1070	1071	1073	1074	1075	1078	1079	1080	1081	1082	1083	1084	1086	1087	1088	
34	34	36	1003	1005	1007	1008	1010	1011	1015	1022	1023	1025	1027	1029	1031	1033	1035	1036	1038	1039	1041	1044	1045	1046	1047	1048	1054	1057	1070	1075	1078	1079	1080	1082	1083	1084	1086	1089	
35	35	73	1001	1002	1004	1005	1006	1007	1008	1009	1010	1011	1012	1013	1014	1015	1016	1017	1018	1019	1020	1021	1022	1023	1024	1025	1026	1028	1029	1031	1032	1033	1036	1037	1038	1039	1040	1043	1045	1046	1047	1049	1050	1051	1052	1053	1054	1057	1058	1059	1060	1061	1062	1064	1065	1066	1068	1069	1070	1071	1072	1073	1074	1075	1077	1078	1079	1080	1082	1083	1085	1086	1087	1089	1090	
36	36	58	1001	1002	1004	1008	1010	1013	1015	1016	1017	1018	1019	1020	1021	1023	1025	1026	1028	1029	1032	1034	1036	1037	1040	1043	1044	1045	1046	1047	1048	1049	1051	1052	1053	1054	1057	1058	1060	1061	1062	1063	1064	1066	1067	1069	1070	1071	1072	1074	1075	1080	1081	1083	1085	1086	1087	1088	1089	1090	
37	37	76	1001	1002	1003	1004	1005	1006	1007	1008	1009	1010	1011	1012	1013	1014	1016	1018	1019	1020	1021	1022	1023	1024	1026	1027	1028	1029	1030	1031	1032	1034	1035	1036	1037	1038	1039	1040	1041	1043	1045	1046	1047	1048	1049	1051	1052	1053	1054	1055	1056	1057	1059	1060	1061	1063	1065	1066	1067	1068	1069	1070	1071	1072	1073	1074	1076	1077	1078	1079	1081	1083	1084	1085	1087	1088	1089	1090	
38	38	70	1001	1002	1003	1004	1005	1006	1007	1008	1009	1010	1011	1012	1013	1014	1018	1020	1021	1023	1024	1025	1026	1030	1031	1032	1033	1034	1035	1036	1037	1038	1039	1040	1042	1043	1045	1046	1047	1048	1049	1050	1051	1052	1057	1058	1059	1060	1061	1062	1063	1065	1066	1067	1068	1069	1070	1072	1073	1074	1075	1076	1079	1081	1082	1083	1084	1085	1086	1088	1089	1090	
39	39	50	1001	1002	1003	1004	1006	1007	1010	1013	1014	1015	1016	1017	1020	1022	1023	1025	1029	1033	1034	1035	1037	1039	1040	1043	1044	1046	1052	1054	1055	1057	1059	1060	1062	1064	1065	1066	1067	1069	1070	1073	1075	1078	1079	1080	1081	1082	1085	1086	1088	1089	
40	40	27	1001	1007	1010	1012	1015	1017	1018	1028	1030	1034	1038	1040	1041	1043	1046	1047	1050	1053	1054	1061	1065	1066	1069	1074	1082	1083	1088	
41	41	63	1002	1005	1006	1008	1009	1010	1013	1014	1015	1016	1017	1018	1019	1020	1022	1023	1024	1025	1026	1027	1028	1029	1030	1031	1032	1033	1035	1036	1038	1041	1042	1045	1046	1047	1049	1051	1052	1053	1054	1055	1057	1058	1060	1061	1063	1064	1068	1069	1071	1072	1075	1076	1077	1079	1080	1081	1082	1083	1086	1087	1088	1089	1090	
42	42	57	1002	1004	1005	1006	1007	1009	1010	1011	1013	1018	1019	1021	1023	1024	1025	1026	1027	1028	1029	1030	1032	1033	1034	1035	1036	1037	1039	1040	1041	1047	1048	1049	1050	1051	1054	1055	1056	1058	1061	1062	1067	1069	1070	1071	1072	1073	1074	1076	1077	1079	1081	1083	1085	1086	1087	1088	1089	
43	43	22	1009	1010	1011	1013	1015	1022	1024	1029	1041	1042	1045	1048	1056	1060	1064	1068	1074	1077	1078	1079	1082	1087	
44	44	28	1002	1007	1010	1012	1017	1018	1019	1020	1025	1029	1035	1036	1037	1045	1047	1048	1049	1051	1054	1060	1061	1070	1072	1073	1081	1083	1085	1087	
45	45	84	1001	1002	1003	1004	1005	1006	1007	1008	1009	1010	1011	1012	1013	1014	1015	1016	1017	1018	1019	1020	1021	1022	1023	1024	1025	1027	1028	1029	1030	1031	1032	1033	1034	1036	1037	1038	1039	1040	1041	1042	1043	1044	1045	1047	1049	1050	1051	1052	1053	1054	1055	1056	1057	1058	1059	1060	1061	1062	1063	1064	1065	1066	1067	1068	1069	1070	1071	1073	1074	1075	1076	1077	1078	1079	1080	1081	1082	1083	1085	1086	1087	1088	1089	1090	
46	46	59	1001	1002	1003	1004	1009	1011	1012	1014	1015	1016	1018	1019	1020	1021	1022	1023	1024	1026	1029	1031	1033	1034	1038	1041	1042	1044	1045	1046	1047	1048	1049	1050	1052	1053	1054	1059	1061	1063	1065	1066	1068	1069	1071	1072	1073	1074	1075	1076	1078	1079	1080	1081	1082	1083	1084	1087	1088	1089	1090	
47	47	66	1001	1002	1004	1005	1006	1007	1008	1010	1011	1013	1015	1016	1018	1019	1020	1021	1022	1023	1025	1026	1028	1029	1030	1032	1033	1034	1035	1037	1038	1039	1040	1041	1042	1043	1046	1047	1048	1049	1051	1052	1053	1054	1057	1060	1061	1062	1063	1064	1065	1067	1068	1069	1070	1071	1072	1074	1076	1077	1078	1080	1081	1084	1085	1086	1087	1090	
48	48	39	1010	1012	1019	1020	1021	1022	1028	1031	1032	1034	1035	1037	1038	1040	1047	1048	1049	1055	1060	1061	1065	1066	1068	1069	1070	1073	1074	1075	1076	1078	1079	1080	1081	1082	1083	1084	1087	1089	1090	
49	49	42	1002	1005	1006	1007	1010	1011	1012	1013	1014	1016	1017	1018	1019	1020	1021	1023	1025	1027	1029	1031	1034	1035	1038	1039	1041	1043	1045	1048	1052	1055	1056	1062	1064	1066	1070	1071	1074	1077	1083	1084	1087	1089	
50	50	56	1003	1004	1005	1009	1010	1011	1014	1015	1016	1017	1018	1019	1020	1022	1023	1024	1025	1029	1030	1031	1033	1035	1036	1037	1042	1043	1047	1048	1050	1051	1052	1053	1054	1055	1056	1057	1058	1059	1062	1063	1064	1065	1066	1067	1068	1069	1070	1071	1075	1076	1077	1078	1080	1085	1088	1090	
51	51	76	1001	1002	1005	1006	1007	1009	1010	1011	1012	1013	1014	1015	1017	1018	1019	1020	1022	1023	1024	1025	1026	1027	1028	1029	1030	1031	1032	1033	1034	1035	1036	1038	1039	1040	1041	1042	1043	1044	1045	1046	1047	1049	1050	1051	1052	1053	1054	1055	1056	1057	1058	1060	1061	1062	1063	1064	1065	1067	1070	1071	1072	1073	1074	1075	1076	1077	1078	1079	1081	1082	1084	1085	1086	1088	1089	1090	
52	52	63	1001	1002	1003	1004	1005	1010	1011	1013	1015	1016	1017	1018	1020	1022	1023	1024	1025	1026	1027	1028	1029	1030	1031	1032	1033	1035	1036	1037	1038	1039	1040	1041	1043	1044	1046	1048	1049	1050	1051	1052	1053	1055	1056	1057	1058	1060	1065	1066	1069	1070	1071	1072	1073	1074	1075	1077	1079	1081	1083	1085	1087	1088	1090	
53	53	75	1001	1002	1004	1006	1007	1008	1010	1011	1012	1013	1014	1015	1016	1017	1019	1020	1021	1022	1023	1024	1025	1027	1028	1029	1031	1032	1034	1035	1037	1038	1039	1040	1041	1042	1043	1044	1046	1047	1048	1049	1051	1052	1053	1054	1055	1056	1057	1058	1059	1060	1061	1063	1064	1066	1069	1070	1071	1072	1073	1074	1075	1076	1077	1078	1079	1080	1081	1082	1084	1085	1086	1087	1088	1089	1090	
54	54	78	1001	1002	1003	1004	1005	1006	1008	1010	1011	1012	1013	1015	1016	1017	1018	1019	1020	1021	1022	1023	1024	1025	1026	1027	1028	1029	1030	1031	1032	1033	1034	1035	1036	1037	1038	1041	1042	1043	1044	1045	1046	1048	1050	1051	1052	1053	1054	1055	1056	1057	1058	1059	1060	1061	1063	1064	1065	1066	1067	1068	1069	1071	1072	1073	1074	1076	1077	1078	1080	1081	1082	1083	1084	1085	1086	1087	1088	1089	
55	55	48	1001	1002	1005	1007	1010	1012	1015	1016	1017	1020	1021	1024	1025	1026	1027	1029	1030	1032	1034	1035	1040	1041	1042	1044	1050	1051	1052	1053	1055	1056	1057	1060	1061	1063	1066	1068	1069	1071	1073	1074	1076	1079	1080	1081	1082	1083	1084	1086	
56	56	67	1001	1002	1003	1004	1005	1006	1007	1008	1009	1012	1013	1015	1016	1017	1019	1020	1022	1024	1025	1026	1027	1028	1029	1031	1032	1033	1034	1036	1037	1038	1041	1042	1047	1048	1049	1050	1051	1052	1054	1057	1058	1059	1060	1061	1062	1064	1066	1068	1069	1070	1072	1074	1075	1076	1077	1078	1079	1080	1081	1082	1083	1084	1085	1087	1088	1089	1090	
57	57	64	1001	1002	1004	1005	1006	1009	1011	1013	1015	1016	1018	1020	1021	1022	1024	1025	1026	1027	1029	1030	1031	1032	1033	1036	1037	1039	1042	1043	1044	1045	1047	1049	1051	1052	1053	1054	1056	1057	1058	1060	1061	1062	1063	1064	1065	1067	1068	1070	1071	1074	1075	1077	1078	1079	1080	1081	1082	1083	1084	1086	1087	1088	1089	1090	
58	58	42	1001	1002	1007	1008	1009	1013	1016	1018	1023	1024	1027	1028	1030	1031	1033	1037	1041	1044	1046	1047	1052	1053	1056	1057	1059	1061	1062	1063	1064	1065	1066	1067	1070	1072	1074	1076	1078	1079	1080	1085	1086	1090	
59	59	85	1001	1002	1003	1005	1006	1007	1008	1009	1010	1011	1012	1013	1014	1015	1016	1017	1018	1019	1020	1022	1023	1024	1025	1026	1027	1028	1029	1030	1031	1032	1033	1034	1035	1036	1037	1038	1039	1040	1041	1042	1043	1044	1045	1047	1048	1049	1050	1051	1052	1053	1054	1055	1056	1057	1059	1060	1061	1062	1063	1064	1065	1066	1067	1068	1069	1070	1071	1073	1074	1075	1076	1077	1078	1079	1080	1081	1082	1083	1084	1085	1086	1087	1088	1089	1090	
60	60	30	1002	1004	1005	1007	1009	1010	1012	1016	1017	1020	1029	1030	1031	1032	1036	1039	1044	1047	1048	1051	1052	1053	1054	1065	1067	1068	1069	1073	1079	1090	
61	61	53	1001	1002	1003	1006	1007	1008	1010	1016	1019	1022	1024	1025	1026	1028	1031	1033	1035	1036	1037	1038	1039	1041	1043	1045	1046	1048	1049	1053	1055	1056	1057	1059	1061	1063	1064	1065	1067	1068	1069	1071	1073	1075	1076	1078	1079	1080	1081	1083	1084	1085	1086	1087	1088	
62	62	24	1004	1023	1028	1029	1030	1031	1033	1037	1039	1044	1046	1047	1049	1050	1053	1055	1059	1060	1069	1071	1077	1085	1086	1088	
63	63	50	1001	1002	1005	1008	1010	1011	1012	1014	1015	1019	1022	1023	1026	1027	1028	1029	1030	1031	1032	1035	1036	1037	1038	1040	1042	1045	1046	1050	1051	1054	1056	1057	1061	1063	1064	1066	1067	1068	1070	1072	1073	1074	1075	1076	1079	1081	1082	1084	1085	1089	
64	64	73	1003	1004	1006	1007	1008	1009	1010	1011	1012	1013	1014	1015	1016	1017	1018	1019	1020	1021	1022	1024	1025	1026	1027	1028	1029	1030	1032	1035	1036	1037	1038	1039	1040	1041	1043	1044	1045	1046	1047	1048	1050	1051	1052	1054	1055	1056	1057	1059	1060	1062	1063	1065	1066	1068	1069	1070	1071	1072	1073	1074	1075	1077	1078	1079	1080	1082	1083	1084	1085	1087	1088	1089	1090	
65	65	52	1001	1003	1005	1006	1007	1011	1012	1014	1016	1018	1019	1020	1021	1025	1026	1030	1033	1036	1037	1038	1039	1042	1043	1044	1045	1047	1048	1049	1050	1053	1054	1056	1058	1059	1060	1062	1064	1067	1068	1069	1070	1071	1074	1075	1078	1080	1082	1083	1085	1087	1089	1090	
66	66	75	1001	1002	1003	1004	1005	1006	1007	1008	1009	1010	1011	1012	1013	1015	1017	1018	1019	1020	1021	1022	1024	1025	1026	1028	1029	1030	1031	1033	1035	1037	1038	1039	1040	1041	1042	1043	1044	1045	1046	1047	1048	1049	1050	1051	1052	1053	1054	1055	1056	1060	1061	1062	1063	1065	1066	1067	1068	1069	1070	1071	1073	1076	1077	1079	1080	1081	1082	1083	1084	1085	1086	1087	1088	1089	1090	
67	67	63	1001	1002	1004	1005	1006	1007	1008	1009	1010	1011	1013	1014	1015	1017	1018	1021	1022	1024	1025	1026	1027	1028	1029	1030	1031	1033	1035	1037	1038	1039	1040	1042	1044	1047	1048	1051	1052	1056	1057	1058	1059	1064	1065	1068	1069	1070	1072	1074	1075	1076	1077	1078	1079	1081	1082	1083	1084	1085	1086	1087	1088	1089	1090	
68	68	19	1008	1009	1011	1016	1019	1021	1026	1030	1031	1034	1041	1042	1045	1048	1049	1066	1077	1081	1089	
69	69	20	1004	1011	1023	1025	1031	1033	1035	1037	1039	1050	1055	1060	1065	1069	1071	1074	1075	1082	1084	1087	
70	70	55	1002	1003	1005	1006	1008	1011	1012	1013	1014	1016	1017	1018	1021	1023	1024	1027	1029	1031	1032	1033	1037	1040	1041	1047	1048	1051	1053	1054	1055	1056	1057	1058	1059	1060	1063	1064	1065	1067	1068	1069	1071	1073	1075	1076	1078	1079	1080	1083	1084	1085	1086	1087	1088	1089	1090	
71	71	74	1001	1002	1003	1004	1007	1009	1010	1012	1013	1014	1015	1017	1018	1019	1020	1021	1022	1023	1024	1025	1027	1028	1030	1031	1032	1034	1036	1038	1039	1040	1041	1043	1045	1046	1047	1048	1049	1050	1051	1052	1053	1054	1055	1056	1057	1058	1059	1060	1061	1063	1064	1065	1066	1067	1068	1069	1070	1071	1072	1073	1074	1076	1077	1078	1079	1080	1081	1083	1084	1085	1086	1088	1089	1090	
72	72	48	1001	1002	1004	1005	1008	1009	1010	1012	1014	1016	1017	1019	1020	1021	1024	1025	1028	1032	1036	1037	1038	1040	1041	1042	1043	1045	1047	1049	1051	1052	1053	1054	1057	1058	1060	1061	1062	1066	1069	1072	1073	1075	1084	1085	1086	1087	1088	1090	
73	73	76	1001	1002	1003	1004	1005	1006	1007	1008	1009	1010	1011	1012	1013	1014	1015	1017	1019	1020	1021	1022	1023	1024	1025	1026	1028	1029	1030	1031	1032	1033	1034	1036	1037	1038	1039	1040	1041	1042	1043	1044	1045	1048	1049	1050	1052	1053	1054	1055	1056	1057	1060	1062	1063	1064	1065	1066	1067	1068	1069	1071	1072	1074	1075	1076	1077	1078	1079	1080	1081	1082	1083	1085	1086	1087	1089	1090	
74	74	70	1001	1002	1003	1004	1005	1006	1007	1008	1010	1011	1012	1013	1015	1017	1020	1022	1023	1024	1026	1027	1028	1029	1030	1032	1033	1034	1035	1036	1038	1039	1040	1042	1043	1044	1046	1048	1049	1050	1051	1052	1053	1054	1055	1056	1057	1058	1061	1062	1063	1064	1065	1067	1068	1070	1071	1072	1073	1074	1075	1077	1078	1079	1080	1083	1084	1085	1086	1088	1089	1090	
75	75	22	1001	1002	1005	1019	1025	1028	1036	1041	1042	1043	1046	1052	1053	1054	1056	1063	1065	1070	1073	1075	1078	1088	
76	76	68	1001	1003	1004	1005	1006	1007	1008	1009	1014	1015	1016	1017	1018	1019	1020	1021	1022	1023	1024	1026	1028	1029	1031	1032	1033	1034	1035	1036	1037	1038	1039	1040	1042	1043	1044	1045	1046	1049	1051	1053	1054	1055	1056	1057	1059	1060	1061	1062	1063	1064	1065	1066	1067	1068	1069	1070	1071	1073	1076	1077	1078	1079	1080	1083	1085	1086	1088	1090	
77	77	52	1002	1003	1005	1006	1010	1012	1013	1014	1016	1017	1019	1020	1021	1022	1023	1024	1026	1027	1030	1031	1032	1041	1042	1043	1045	1046	1047	1048	1051	1053	1055	1056	1057	1058	1059	1060	1061	1062	1065	1066	1068	1073	1074	1075	1078	1079	1083	1085	1086	1087	1089	1090	
78	78	40	1001	1005	1006	1008	1009	1013	1014	1015	1017	1018	1019	1021	1023	1024	1025	1026	1027	1031	1033	1036	1037	1038	1040	1043	1044	1047	1056	1060	1061	1063	1065	1066	1068	1069	1070	1072	1076	1083	1085	1088	
79	79	63	1002	1003	1004	1005	1006	1007	1008	1010	1012	1013	1014	1015	1016	1017	1018	1019	1022	1025	1026	1030	1031	1032	1034	1035	1036	1037	1038	1040	1041	1042	1044	1045	1046	1047	1048	1049	1051	1052	1053	1054	1055	1056	1057	1058	1059	1060	1061	1064	1065	1066	1067	1069	1071	1072	1075	1076	1078	1079	1081	1082	1085	1086	1090	
80	80	83	1001	1003	1004	1005	1006	1007	1008	1009	1010	1011	1012	1014	1015	1016	1017	1018	1019	1020	1021	1023	1024	1025	1026	1027	1028	1029	1030	1031	1032	1033	1034	1035	1036	1037	1038	1039	1040	1041	1042	1043	1044	1045	1046	1048	1049	1050	1051	1052	1053	1054	1055	1056	1058	1059	1060	1062	1063	1064	1065	1066	1067	1069	1070	1071	1072	1073	1074	1075	1076	1077	1078	1079	1080	1081	1082	1083	1084	1085	1086	1087	1088	1089	1090	
81	81	88	1001	1002	1003	1004	1005	1006	1007	1008	1009	1010	1011	1012	1013	1014	1015	1016	1017	1018	1019	1020	1021	1022	1023	1024	1025	1026	1027	1028	1029	1030	1031	1032	1033	1035	1036	1037	1039	1040	1041	1042	1043	1044	1045	1046	1047	1048	1049	1050	1051	1052	1053	1054	1055	1056	1057	1058	1059	1060	1061	1062	1063	1064	1065	1066	1067	1068	1069	1070	1071	1072	1073	1074	1075	1076	1077	1078	1079	1080	1081	1082	1083	1084	1085	1086	1087	1088	1089	1090	
82	82	19	1007	1011	1014	1016	1020	1025	1030	1034	1041	1043	1058	1066	1067	1069	1073	1075	1079	1084	1086	
83	83	64	1001	1002	1004	1006	1007	1008	1009	1010	1011	1013	1015	1018	1019	1020	1021	1022	1023	1024	1027	1029	1030	1031	1033	1034	1035	1036	1037	1039	1040	1041	1042	1043	1044	1045	1046	1047	1049	1050	1051	1052	1053	1055	1056	1057	1060	1062	1063	1064	1065	1066	1067	1070	1073	1074	1075	1077	1081	1082	1083	1085	1086	1088	1089	1090	
84	84	59	1002	1003	1007	1008	1009	1010	1012	1013	1014	1016	1019	1024	1027	1030	1031	1032	1034	1036	1038	1040	1041	1042	1043	1044	1045	1046	1047	1048	1050	1051	1052	1054	1055	1056	1057	1058	1059	1060	1062	1064	1065	1066	1067	1068	1070	1071	1073	1074	1075	1077	1079	1080	1081	1084	1085	1086	1087	1089	1090	
85	85	68	1001	1002	1003	1005	1006	1007	1008	1009	1010	1011	1012	1014	1015	1016	1017	1018	1019	1020	1022	1023	1024	1025	1026	1027	1029	1031	1032	1033	1034	1037	1039	1041	1043	1044	1045	1047	1048	1049	1050	1051	1052	1054	1055	1057	1058	1059	1060	1065	1066	1067	1068	1069	1070	1071	1072	1073	1074	1075	1078	1079	1080	1082	1083	1084	1085	1087	1088	1090	
86	86	34	1002	1005	1009	1010	1014	1015	1017	1018	1019	1021	1025	1026	1030	1032	1033	1034	1036	1037	1051	1053	1054	1056	1057	1059	1062	1066	1072	1075	1076	1079	1080	1082	1083	1086	
87	87	57	1001	1003	1006	1007	1008	1011	1012	1013	1015	1017	1018	1022	1024	1025	1026	1027	1028	1029	1033	1034	1035	1036	1037	1038	1039	1041	1042	1043	1045	1047	1048	1049	1050	1052	1053	1054	1057	1058	1060	1061	1062	1064	1065	1066	1067	1069	1071	1073	1078	1080	1081	1082	1083	1085	1086	1088	1090	
88	88	65	1001	1002	1004	1005	1006	1008	1009	1011	1013	1014	1016	1017	1018	1020	1021	1022	1024	1026	1027	1028	1029	1030	1031	1032	1037	1039	1040	1041	1043	1044	1045	1046	1048	1049	1050	1051	1053	1054	1055	1057	1058	1061	1062	1063	1064	1065	1066	1067	1068	1069	1070	1071	1072	1073	1074	1075	1076	1079	1080	1081	1083	1084	1087	1088	1089	
89	89	49	1001	1003	1004	1005	1006	1008	1009	1010	1012	1014	1015	1019	1020	1024	1025	1027	1029	1030	1031	1032	1033	1034	1035	1038	1040	1044	1045	1049	1051	1053	1059	1062	1064	1065	1066	1067	1068	1069	1070	1071	1072	1077	1078	1080	1083	1086	1087	1088	1089	
90	90	38	1003	1005	1009	1011	1016	1019	1020	1021	1024	1030	1032	1034	1035	1036	1039	1040	1041	1050	1051	1052	1054	1055	1057	1058	1061	1062	1067	1069	1073	1076	1077	1078	1079	1080	1082	1084	1086	1088	
