30
1	1	88	1001	1002	1003	1004	1005	1006	1007	1008	1009	1010	1011	1012	1013	1014	1015	1016	1017	1018	1019	1020	1021	1022	1023	1024	1025	1026	1027	1028	1029	1030	1031	1032	1033	1034	1035	1036	1037	1038	1039	1040	1041	1043	1044	1045	1046	1047	1048	1049	1050	1051	1052	1053	1054	1055	1056	1057	1058	1059	1060	1061	1062	1063	1065	1066	1067	1068	1069	1070	1071	1072	1073	1074	1075	1076	1077	1078	1079	1080	1081	1082	1083	1084	1085	1086	1087	1088	1089	1090	
2	2	58	1001	1005	1007	1008	1011	1012	1013	1015	1017	1018	1019	1022	1023	1024	1026	1027	1028	1031	1032	1033	1035	1036	1043	1044	1045	1046	1047	1048	1050	1051	1052	1053	1054	1056	1057	1058	1060	1061	1062	1063	1067	1068	1069	1070	1073	1075	1077	1078	1079	1080	1081	1082	1083	1085	1086	1088	1089	1090	
3	3	50	1003	1005	1009	1010	1011	1014	1015	1019	1020	1021	1022	1024	1025	1026	1027	1028	1030	1032	1033	1034	1035	1036	1037	1038	1041	1042	1043	1045	1047	1048	1049	1051	1052	1055	1061	1064	1069	1070	1074	1075	1076	1077	1079	1081	1082	1083	1085	1087	1088	1090	
4	4	57	1001	1003	1006	1007	1010	1011	1012	1013	1017	1019	1021	1022	1023	1024	1025	1026	1027	1028	1029	1031	1032	1033	1036	1037	1041	1042	1045	1046	1049	1050	1052	1054	1055	1056	1057	1058	1059	1060	1062	1063	1065	1067	1068	1070	1071	1076	1078	1079	1080	1081	1083	1085	1086	1087	1088	1089	1090	
5	5	48	1002	1003	1005	1006	1007	1008	1009	1012	1013	1015	1016	1017	1018	1019	1020	1021	1022	1025	1029	1031	1033	1039	1040	1041	1042	1047	1048	1049	1052	1053	1055	1056	1057	1058	1059	1060	1062	1066	1068	1069	1077	1078	1079	1080	1082	1086	1088	1090	
6	6	57	1002	1003	1004	1007	1008	1009	1011	1013	1015	1018	1022	1023	1024	1025	1027	1028	1029	1032	1033	1034	1036	1039	1040	1041	1043	1045	1046	1047	1048	1049	1050	1052	1053	1054	1056	1057	1058	1059	1060	1061	1062	1064	1066	1070	1071	1072	1073	1074	1077	1080	1082	1083	1084	1085	1086	1088	1089	
7	7	57	1003	1004	1005	1011	1013	1016	1017	1020	1021	1022	1023	1025	1027	1029	1033	1034	1035	1036	1037	1038	1039	1040	1041	1042	1044	1046	1048	1049	1050	1051	1052	1053	1055	1056	1058	1059	1060	1061	1063	1065	1066	1067	1068	1069	1070	1072	1074	1076	1077	1078	1079	1084	1085	1086	1088	1089	1090	
8	8	71	1001	1002	1003	1004	1005	1006	1007	1008	1009	1010	1011	1012	1013	1017	1019	1020	1021	1022	1023	1024	1025	1026	1027	1028	1029	1031	1033	1034	1035	1036	1037	1038	1039	1042	1043	1044	1045	1046	1048	1049	1050	1052	1053	1054	1055	1057	1058	1059	1060	1061	1062	1064	1065	1066	1067	1068	1071	1072	1074	1076	1077	1078	1080	1081	1082	1083	1084	1085	1086	1088	1089	
9	9	57	1002	1003	1005	1006	1007	1009	1010	1011	1015	1016	1017	1018	1019	1020	1021	1023	1026	1029	1033	1034	1035	1037	1040	1042	1043	1044	1046	1047	1048	1049	1050	1051	1052	1053	1055	1056	1057	1060	1061	1062	1063	1064	1065	1066	1067	1070	1072	1074	1076	1077	1078	1079	1080	1083	1084	1086	1089	
10	10	61	1001	1002	1003	1004	1007	1008	1009	1011	1014	1016	1017	1018	1019	1020	1023	1024	1025	1026	1027	1028	1030	1031	1032	1034	1035	1036	1037	1040	1042	1043	1044	1045	1046	1047	1048	1049	1052	1055	1056	1058	1059	1060	1061	1063	1064	1065	1066	1067	1069	1071	1073	1074	1075	1076	1078	1080	1081	1082	1083	1084	1088	
11	11	76	1001	1002	1003	1004	1005	1007	1008	1009	1010	1011	1012	1014	1015	1016	1017	1018	1021	1022	1023	1024	1025	1026	1027	1029	1030	1031	1032	1033	1034	1035	1036	1037	1038	1039	1040	1041	1042	1043	1045	1046	1047	1051	1052	1053	1054	1055	1056	1057	1058	1059	1060	1061	1062	1063	1064	1067	1068	1069	1070	1071	1073	1074	1075	1078	1079	1080	1081	1082	1083	1084	1085	1086	1087	1088	1089	1090	
12	12	22	1001	1006	1011	1021	1023	1028	1030	1035	1036	1039	1041	1045	1049	1053	1057	1064	1068	1074	1075	1079	1080	1083	
13	13	35	1005	1013	1014	1018	1020	1021	1022	1024	1029	1031	1032	1033	1035	1039	1041	1043	1046	1047	1056	1059	1061	1062	1063	1067	1069	1070	1072	1073	1074	1080	1081	1085	1086	1087	1088	
14	14	48	1004	1006	1007	1009	1010	1011	1012	1013	1014	1017	1022	1024	1025	1028	1029	1030	1031	1032	1034	1039	1040	1041	1042	1046	1047	1048	1049	1053	1054	1055	1059	1060	1061	1063	1071	1072	1073	1074	1075	1077	1080	1081	1083	1084	1085	1087	1088	1089	
15	15	48	1001	1003	1005	1008	1011	1014	1016	1018	1019	1021	1023	1026	1028	1029	1032	1033	1034	1035	1037	1038	1039	1040	1041	1043	1044	1049	1056	1057	1058	1061	1062	1063	1064	1066	1067	1068	1069	1070	1072	1073	1074	1076	1078	1079	1080	1087	1088	1089	
16	16	39	1004	1005	1006	1007	1009	1010	1012	1014	1016	1025	1026	1028	1030	1034	1037	1039	1040	1043	1046	1049	1050	1052	1053	1058	1059	1060	1064	1069	1070	1071	1072	1074	1076	1077	1081	1082	1085	1088	1089	
17	17	47	1002	1004	1005	1007	1008	1009	1010	1013	1014	1015	1020	1021	1023	1025	1027	1028	1029	1033	1036	1037	1043	1045	1049	1051	1052	1053	1054	1055	1057	1059	1060	1061	1062	1063	1064	1065	1067	1068	1069	1072	1073	1076	1079	1080	1083	1087	1088	
18	18	80	1001	1002	1003	1004	1005	1006	1007	1008	1009	1010	1011	1012	1013	1014	1015	1016	1017	1018	1019	1021	1022	1023	1024	1025	1026	1027	1028	1030	1031	1032	1033	1034	1035	1036	1038	1039	1040	1041	1043	1044	1045	1047	1048	1049	1050	1051	1052	1053	1054	1055	1056	1057	1058	1059	1060	1061	1062	1063	1064	1065	1066	1068	1069	1070	1071	1072	1073	1075	1076	1077	1078	1080	1081	1082	1083	1086	1087	1088	1089	1090	
19	19	29	1003	1006	1007	1008	1010	1011	1013	1019	1020	1031	1035	1036	1040	1042	1045	1046	1047	1052	1054	1058	1059	1063	1068	1071	1072	1078	1081	1086	1089	
20	20	26	1001	1005	1010	1015	1020	1021	1022	1023	1025	1027	1033	1035	1037	1040	1041	1042	1044	1046	1059	1061	1062	1070	1075	1077	1082	1084	
21	21	20	1005	1006	1034	1037	1039	1041	1042	1046	1070	1072	1075	1079	1080	1081	1082	1083	1087	1088	1089	1090	
22	22	85	1001	1002	1003	1005	1006	1007	1008	1009	1010	1011	1012	1013	1014	1015	1016	1017	1018	1019	1020	1021	1022	1023	1024	1025	1027	1028	1029	1030	1031	1032	1033	1034	1035	1036	1037	1038	1039	1040	1041	1042	1043	1044	1045	1046	1047	1048	1049	1050	1051	1052	1053	1054	1055	1056	1057	1058	1059	1060	1061	1062	1063	1064	1065	1066	1068	1069	1070	1071	1072	1073	1074	1075	1076	1078	1080	1081	1082	1083	1084	1085	1086	1087	1088	1089	1090	
23	23	49	1001	1003	1004	1005	1006	1007	1008	1013	1014	1015	1017	1019	1020	1022	1024	1025	1027	1029	1031	1033	1037	1038	1040	1043	1045	1046	1047	1048	1051	1053	1054	1056	1057	1058	1059	1062	1063	1070	1071	1074	1076	1077	1078	1079	1082	1084	1085	1087	1089	
24	24	52	1002	1005	1006	1007	1008	1010	1012	1013	1015	1017	1018	1020	1022	1024	1025	1026	1027	1028	1030	1031	1033	1034	1035	1037	1038	1039	1041	1044	1045	1046	1047	1048	1052	1054	1060	1062	1063	1064	1066	1068	1069	1073	1075	1076	1077	1078	1079	1083	1084	1087	1089	1090	
25	25	43	1002	1003	1004	1005	1008	1009	1014	1015	1016	1017	1018	1020	1022	1025	1031	1035	1036	1038	1040	1041	1042	1043	1044	1045	1047	1048	1054	1058	1059	1061	1063	1064	1065	1071	1076	1077	1078	1080	1083	1085	1087	1088	1090	
26	26	90	1001	1002	1003	1004	1005	1006	1007	1008	1009	1010	1011	1012	1013	1014	1015	1016	1017	1018	1019	1020	1021	1022	1023	1024	1025	1026	1027	1028	1029	1030	1031	1032	1033	1034	1035	1036	1037	1038	1039	1040	1041	1042	1043	1044	1045	1046	1047	1048	1049	1050	1051	1052	1053	1054	1055	1056	1057	1058	1059	1060	1061	1062	1063	1064	1065	1066	1067	1068	1069	1070	1071	1072	1073	1074	1075	1076	1077	1078	1079	1080	1081	1082	1083	1084	1085	1086	1087	1088	1089	1090	
27	27	77	1001	1002	1003	1004	1005	1006	1007	1008	1009	1010	1011	1012	1013	1014	1015	1016	1017	1018	1019	1020	1021	1023	1025	1026	1027	1028	1029	1031	1032	1033	1036	1037	1038	1039	1040	1041	1042	1043	1045	1047	1048	1049	1050	1051	1052	1054	1055	1056	1057	1058	1059	1060	1061	1062	1063	1065	1067	1068	1069	1070	1073	1074	1075	1077	1078	1079	1080	1081	1082	1083	1084	1085	1086	1087	1088	1089	1090	
28	28	37	1001	1002	1003	1004	1006	1008	1010	1013	1020	1022	1023	1025	1027	1031	1033	1035	1036	1038	1042	1044	1047	1048	1052	1054	1058	1060	1063	1065	1067	1068	1069	1070	1072	1077	1078	1084	1089	
29	29	71	1001	1002	1003	1004	1007	1009	1010	1011	1012	1013	1014	1016	1018	1019	1020	1021	1022	1023	1025	1026	1027	1028	1029	1030	1031	1032	1033	1034	1035	1037	1038	1039	1040	1041	1042	1043	1045	1047	1048	1049	1050	1051	1052	1053	1054	1055	1057	1058	1060	1061	1062	1063	1064	1065	1067	1068	1069	1070	1072	1073	1075	1076	1077	1079	1080	1082	1083	1084	1086	1087	1090	
30	30	45	1001	1002	1003	1005	1007	1009	1016	1018	1019	1021	1022	1023	1024	1027	1034	1035	1036	1037	1038	1041	1043	1047	1048	1050	1051	1052	1058	1060	1061	1062	1064	1065	1066	1067	1068	1070	1071	1075	1076	1077	1081	1082	1084	1087	1088	
