90
1	1	56	1002	1003	1004	1008	1009	1010	1012	1013	1016	1017	1018	1019	1021	1022	1023	1024	1025	1026	1027	1030	1031	1032	1033	1034	1035	1036	1039	1040	1043	1044	1045	1046	1047	1048	1049	1050	1051	1053	1054	1057	1058	1062	1063	1065	1067	1071	1073	1076	1077	1078	1079	1081	1082	1085	1089	1090	
2	2	85	1001	1002	1003	1004	1005	1006	1007	1008	1009	1010	1011	1012	1013	1014	1015	1016	1017	1018	1019	1020	1021	1024	1025	1026	1027	1028	1029	1030	1031	1032	1033	1034	1035	1036	1037	1038	1039	1040	1041	1042	1043	1044	1045	1046	1047	1048	1049	1050	1051	1052	1053	1054	1055	1056	1058	1059	1060	1061	1062	1063	1064	1065	1066	1067	1068	1069	1070	1071	1072	1073	1074	1075	1076	1077	1078	1079	1080	1082	1083	1084	1085	1086	1087	1088	1090	
3	3	45	1005	1007	1008	1011	1012	1017	1019	1020	1021	1022	1025	1028	1030	1032	1034	1037	1038	1042	1046	1047	1049	1051	1052	1053	1057	1058	1060	1061	1065	1066	1069	1071	1072	1073	1074	1076	1077	1078	1082	1083	1084	1085	1087	1088	1090	
4	4	51	1001	1002	1004	1006	1008	1010	1012	1015	1016	1018	1020	1023	1024	1027	1028	1029	1030	1031	1032	1033	1034	1035	1038	1041	1044	1046	1047	1052	1053	1054	1055	1056	1058	1060	1062	1063	1064	1066	1067	1068	1070	1072	1073	1074	1075	1080	1082	1083	1084	1086	1089	
5	5	34	1001	1007	1008	1009	1011	1012	1015	1020	1024	1026	1029	1031	1033	1036	1040	1044	1045	1050	1052	1053	1055	1057	1058	1060	1063	1065	1068	1076	1078	1083	1086	1087	1089	1090	
6	6	59	1001	1003	1005	1006	1007	1009	1011	1014	1015	1016	1019	1021	1023	1025	1027	1028	1029	1030	1031	1032	1033	1034	1035	1036	1037	1039	1040	1043	1044	1045	1047	1049	1050	1051	1053	1054	1055	1061	1063	1064	1066	1067	1069	1071	1072	1073	1074	1075	1076	1078	1079	1082	1083	1084	1085	1086	1087	1088	1090	
7	7	26	1002	1013	1019	1023	1024	1025	1026	1034	1037	1041	1047	1054	1055	1056	1059	1060	1061	1066	1068	1069	1072	1074	1076	1086	1088	1090	
8	8	72	1001	1002	1003	1004	1005	1006	1007	1008	1010	1011	1013	1014	1016	1017	1019	1020	1021	1022	1023	1024	1025	1026	1028	1030	1031	1032	1033	1034	1035	1037	1040	1041	1042	1043	1044	1045	1046	1047	1049	1050	1052	1053	1054	1055	1056	1057	1059	1060	1061	1062	1063	1065	1067	1068	1069	1071	1073	1074	1076	1077	1079	1080	1081	1082	1083	1084	1085	1086	1087	1088	1089	1090	
9	9	32	1001	1005	1008	1012	1013	1019	1022	1024	1027	1028	1030	1031	1035	1040	1043	1044	1045	1048	1055	1056	1057	1058	1061	1064	1065	1066	1069	1071	1083	1085	1087	1089	
10	10	35	1001	1003	1007	1013	1014	1016	1018	1023	1026	1027	1031	1035	1039	1044	1045	1046	1050	1051	1052	1055	1057	1058	1059	1060	1062	1065	1067	1070	1073	1074	1078	1079	1081	1084	1085	
11	11	36	1001	1008	1010	1011	1012	1014	1015	1022	1023	1028	1029	1030	1032	1033	1036	1037	1039	1045	1047	1049	1054	1056	1057	1058	1060	1066	1067	1070	1072	1073	1074	1076	1077	1081	1084	1090	
12	12	29	1001	1002	1003	1007	1008	1015	1017	1020	1021	1031	1034	1035	1036	1041	1042	1043	1044	1046	1048	1049	1052	1054	1057	1066	1070	1071	1073	1077	1082	
13	13	77	1001	1002	1003	1004	1005	1006	1007	1009	1010	1011	1012	1014	1015	1016	1017	1019	1020	1022	1023	1024	1025	1026	1027	1028	1029	1030	1031	1032	1033	1034	1035	1036	1037	1038	1039	1040	1041	1042	1044	1045	1046	1047	1048	1050	1052	1053	1054	1056	1057	1058	1059	1060	1062	1063	1065	1066	1068	1069	1070	1071	1072	1073	1074	1075	1076	1077	1078	1079	1080	1081	1082	1083	1085	1086	1087	1089	1090	
14	14	37	1001	1002	1003	1004	1006	1011	1012	1013	1019	1023	1024	1032	1035	1036	1037	1039	1041	1043	1045	1047	1051	1052	1053	1055	1057	1061	1063	1068	1072	1077	1080	1081	1083	1085	1087	1088	1090	
15	15	59	1001	1003	1004	1005	1006	1010	1012	1013	1015	1017	1018	1020	1022	1024	1025	1026	1029	1031	1032	1034	1036	1038	1039	1040	1041	1042	1043	1044	1045	1047	1048	1049	1053	1054	1055	1057	1058	1059	1060	1061	1062	1065	1066	1067	1068	1069	1070	1072	1073	1074	1075	1076	1080	1082	1083	1085	1086	1089	1090	
16	16	51	1001	1004	1005	1006	1008	1010	1017	1018	1022	1023	1024	1025	1026	1030	1031	1033	1035	1036	1037	1042	1046	1048	1049	1050	1052	1053	1056	1058	1059	1060	1061	1063	1064	1065	1066	1067	1069	1070	1072	1073	1076	1077	1078	1079	1080	1081	1083	1085	1086	1087	1090	
17	17	83	1001	1002	1003	1004	1005	1006	1007	1008	1009	1010	1011	1012	1013	1014	1015	1016	1017	1018	1019	1020	1021	1023	1024	1026	1027	1028	1029	1030	1031	1032	1033	1034	1035	1036	1037	1038	1039	1040	1042	1043	1044	1045	1047	1048	1049	1050	1051	1052	1054	1055	1056	1057	1058	1059	1061	1063	1064	1065	1066	1067	1068	1069	1070	1071	1072	1073	1074	1075	1076	1077	1078	1079	1080	1081	1082	1083	1084	1085	1086	1087	1088	1089	1090	
18	18	60	1001	1002	1004	1005	1007	1009	1011	1012	1015	1017	1018	1019	1023	1026	1027	1028	1029	1031	1032	1035	1037	1038	1039	1040	1041	1043	1044	1045	1046	1047	1048	1049	1051	1052	1053	1055	1056	1057	1060	1062	1063	1064	1067	1068	1069	1070	1071	1073	1074	1075	1076	1077	1078	1079	1080	1082	1084	1088	1089	1090	
19	19	65	1001	1002	1003	1005	1006	1008	1010	1011	1013	1014	1015	1016	1018	1019	1020	1022	1023	1024	1025	1027	1031	1032	1034	1035	1036	1037	1038	1039	1041	1042	1043	1045	1047	1048	1052	1053	1054	1056	1057	1058	1061	1062	1064	1065	1066	1068	1069	1070	1071	1072	1073	1074	1076	1077	1078	1079	1081	1082	1083	1084	1086	1087	1088	1089	1090	
20	20	47	1002	1004	1005	1006	1008	1010	1011	1012	1017	1018	1020	1022	1023	1025	1026	1028	1029	1032	1033	1039	1040	1041	1045	1048	1050	1053	1054	1055	1056	1058	1059	1060	1061	1062	1065	1070	1072	1073	1074	1076	1078	1079	1084	1086	1087	1088	1090	
21	21	78	1001	1002	1004	1005	1006	1007	1008	1009	1010	1011	1012	1013	1015	1016	1017	1018	1019	1020	1021	1022	1023	1024	1025	1026	1027	1028	1029	1031	1032	1033	1035	1036	1037	1038	1039	1040	1041	1042	1043	1044	1045	1046	1047	1048	1049	1050	1051	1052	1054	1055	1056	1058	1059	1060	1061	1062	1064	1065	1066	1067	1068	1070	1071	1072	1074	1075	1077	1078	1079	1080	1081	1082	1083	1084	1085	1086	1087	1089	
22	22	53	1001	1002	1003	1004	1005	1006	1007	1008	1009	1010	1012	1013	1016	1017	1018	1019	1020	1021	1023	1026	1029	1031	1036	1041	1042	1043	1046	1047	1048	1049	1050	1051	1053	1054	1056	1057	1058	1059	1061	1062	1063	1066	1067	1068	1070	1072	1073	1075	1076	1080	1081	1082	1090	
23	23	41	1001	1002	1003	1004	1007	1009	1010	1013	1014	1016	1017	1018	1020	1024	1026	1028	1030	1034	1037	1039	1043	1044	1049	1053	1056	1061	1062	1063	1066	1067	1069	1071	1073	1078	1079	1081	1082	1084	1085	1086	1089	
24	24	36	1001	1005	1009	1011	1012	1018	1019	1020	1026	1028	1034	1035	1036	1038	1039	1040	1041	1043	1053	1058	1061	1063	1064	1066	1067	1069	1070	1072	1074	1075	1077	1078	1080	1084	1086	1088	
25	25	48	1001	1005	1006	1009	1016	1020	1021	1024	1025	1026	1028	1031	1035	1036	1037	1038	1039	1041	1042	1043	1044	1045	1046	1048	1049	1051	1053	1054	1055	1056	1060	1061	1063	1065	1066	1067	1070	1071	1073	1077	1078	1079	1080	1083	1084	1085	1089	1090	
26	26	81	1001	1002	1003	1004	1005	1006	1007	1008	1010	1011	1012	1013	1014	1015	1016	1018	1019	1020	1021	1022	1023	1024	1025	1026	1027	1028	1029	1030	1031	1032	1033	1034	1035	1036	1037	1039	1040	1041	1042	1043	1044	1045	1046	1047	1048	1049	1050	1051	1052	1053	1055	1056	1057	1058	1059	1060	1061	1062	1063	1064	1065	1066	1068	1070	1071	1072	1073	1074	1075	1076	1077	1078	1079	1080	1081	1083	1084	1086	1087	1089	1090	
27	27	40	1001	1002	1006	1013	1015	1017	1021	1025	1026	1032	1033	1034	1035	1039	1041	1044	1045	1048	1049	1051	1054	1060	1062	1063	1064	1065	1067	1069	1070	1071	1072	1077	1078	1079	1083	1084	1087	1088	1089	1090	
28	28	75	1001	1002	1003	1004	1005	1006	1007	1009	1010	1011	1012	1013	1014	1015	1017	1018	1019	1020	1022	1023	1024	1025	1026	1028	1029	1031	1032	1033	1034	1035	1036	1037	1038	1039	1040	1041	1042	1043	1045	1046	1047	1048	1049	1050	1051	1053	1054	1056	1057	1058	1060	1062	1063	1064	1066	1067	1069	1070	1071	1072	1073	1076	1077	1079	1080	1081	1082	1083	1084	1085	1086	1087	1088	1089	1090	
29	29	39	1001	1002	1006	1009	1010	1015	1018	1019	1023	1024	1025	1026	1032	1033	1036	1038	1041	1044	1046	1047	1048	1049	1050	1051	1053	1057	1060	1061	1062	1066	1068	1070	1072	1078	1084	1085	1087	1088	1089	
30	30	89	1001	1002	1003	1004	1005	1006	1007	1008	1009	1010	1011	1012	1014	1015	1016	1017	1018	1019	1020	1021	1022	1023	1024	1025	1026	1027	1028	1029	1030	1031	1032	1033	1034	1035	1036	1037	1038	1039	1040	1041	1042	1043	1044	1045	1046	1047	1048	1049	1050	1051	1052	1053	1054	1055	1056	1057	1058	1059	1060	1061	1062	1063	1064	1065	1066	1067	1068	1069	1070	1071	1072	1073	1074	1075	1076	1077	1078	1079	1080	1081	1082	1083	1084	1085	1086	1087	1088	1089	1090	
31	31	43	1002	1004	1005	1008	1009	1010	1013	1017	1027	1028	1030	1035	1036	1037	1038	1039	1041	1042	1044	1047	1049	1053	1055	1056	1057	1061	1063	1064	1066	1067	1069	1072	1074	1075	1078	1079	1080	1082	1083	1084	1086	1087	1090	
32	32	65	1002	1004	1005	1006	1007	1008	1009	1010	1011	1012	1013	1014	1015	1016	1019	1020	1021	1022	1023	1024	1025	1026	1027	1028	1031	1033	1035	1037	1038	1039	1040	1041	1043	1044	1045	1048	1049	1050	1053	1054	1055	1056	1057	1058	1061	1063	1064	1065	1066	1067	1070	1072	1073	1074	1077	1078	1079	1080	1081	1082	1084	1085	1086	1087	1088	
33	33	65	1002	1003	1004	1008	1009	1010	1011	1012	1015	1016	1017	1021	1022	1024	1025	1026	1027	1028	1029	1030	1032	1033	1034	1037	1038	1040	1041	1042	1043	1044	1045	1046	1048	1050	1051	1052	1053	1054	1056	1058	1059	1060	1062	1063	1064	1065	1067	1068	1069	1070	1072	1073	1075	1077	1078	1080	1081	1082	1083	1084	1085	1086	1088	1089	1090	
34	34	79	1001	1002	1003	1004	1005	1006	1007	1009	1010	1012	1013	1014	1015	1016	1017	1018	1019	1020	1021	1022	1023	1024	1025	1026	1027	1028	1029	1030	1031	1033	1034	1035	1036	1038	1040	1041	1042	1043	1044	1045	1046	1047	1049	1050	1051	1052	1053	1054	1055	1057	1058	1059	1060	1062	1063	1064	1066	1067	1068	1069	1070	1071	1072	1073	1074	1075	1076	1077	1078	1080	1081	1082	1083	1084	1085	1087	1088	1089	1090	
35	35	27	1003	1010	1017	1021	1023	1024	1027	1028	1043	1044	1045	1046	1049	1050	1051	1052	1055	1057	1059	1064	1065	1070	1074	1080	1081	1086	1090	
36	36	62	1001	1002	1003	1004	1006	1009	1011	1012	1013	1014	1015	1017	1019	1020	1021	1022	1023	1024	1025	1026	1027	1029	1031	1032	1033	1036	1037	1038	1041	1044	1045	1047	1048	1049	1051	1052	1053	1058	1059	1060	1061	1062	1063	1065	1066	1067	1068	1069	1071	1072	1073	1074	1078	1080	1081	1083	1084	1085	1086	1087	1089	1090	
37	37	67	1002	1003	1004	1005	1006	1007	1008	1010	1011	1013	1014	1015	1017	1019	1021	1022	1023	1024	1025	1026	1027	1029	1030	1031	1032	1033	1036	1039	1040	1041	1042	1043	1044	1046	1049	1050	1051	1053	1054	1057	1058	1059	1060	1061	1062	1063	1064	1065	1068	1069	1072	1073	1074	1075	1076	1078	1079	1080	1081	1082	1083	1085	1086	1087	1088	1089	1090	
38	38	54	1002	1003	1007	1013	1015	1017	1018	1020	1021	1022	1023	1024	1029	1030	1033	1034	1035	1036	1038	1039	1041	1042	1043	1046	1049	1050	1052	1053	1054	1055	1056	1058	1059	1060	1061	1062	1063	1065	1066	1068	1069	1070	1071	1072	1073	1074	1075	1076	1078	1081	1083	1086	1089	1090	
39	39	37	1005	1006	1008	1009	1012	1014	1016	1017	1020	1028	1029	1034	1036	1037	1038	1042	1045	1046	1047	1050	1052	1054	1055	1056	1057	1058	1061	1062	1068	1069	1070	1077	1078	1083	1086	1089	1090	
40	40	66	1001	1002	1003	1006	1008	1009	1010	1011	1012	1013	1014	1015	1016	1017	1018	1019	1021	1022	1023	1024	1025	1028	1029	1030	1031	1032	1034	1036	1039	1040	1041	1042	1045	1047	1049	1050	1051	1052	1053	1055	1056	1057	1060	1061	1063	1064	1066	1068	1069	1071	1072	1073	1074	1075	1077	1079	1081	1082	1083	1084	1085	1086	1087	1088	1089	1090	
41	41	56	1001	1002	1003	1004	1005	1006	1010	1011	1012	1014	1015	1016	1019	1020	1022	1023	1024	1025	1026	1027	1028	1029	1031	1032	1033	1034	1035	1036	1038	1039	1041	1042	1043	1048	1050	1051	1052	1053	1054	1055	1058	1059	1060	1061	1064	1068	1069	1070	1075	1078	1080	1084	1086	1088	1089	1090	
42	42	85	1001	1002	1004	1005	1006	1007	1008	1009	1010	1011	1013	1014	1015	1016	1017	1018	1019	1020	1021	1022	1023	1024	1025	1026	1027	1028	1029	1030	1031	1032	1033	1034	1035	1036	1037	1038	1039	1040	1041	1042	1043	1045	1046	1047	1049	1050	1051	1052	1053	1054	1055	1056	1057	1058	1059	1060	1061	1062	1063	1064	1065	1066	1067	1068	1069	1070	1071	1072	1073	1074	1075	1076	1077	1078	1080	1081	1082	1083	1084	1085	1086	1087	1088	1089	1090	
43	43	67	1002	1004	1005	1007	1008	1009	1010	1011	1012	1013	1015	1016	1017	1018	1019	1020	1022	1024	1025	1027	1028	1029	1030	1031	1032	1033	1034	1035	1036	1037	1042	1044	1045	1046	1047	1048	1050	1051	1052	1053	1054	1055	1056	1057	1061	1062	1063	1064	1065	1067	1068	1069	1070	1071	1073	1074	1076	1077	1078	1079	1081	1082	1083	1084	1088	1089	1090	
44	44	66	1001	1002	1003	1006	1007	1009	1010	1012	1013	1016	1017	1018	1019	1020	1021	1022	1023	1024	1025	1026	1028	1029	1030	1032	1034	1037	1038	1041	1042	1043	1044	1047	1048	1049	1050	1051	1052	1053	1054	1055	1057	1058	1059	1060	1061	1062	1063	1066	1067	1068	1069	1071	1072	1073	1074	1075	1076	1078	1079	1080	1081	1084	1085	1088	1089	1090	
45	45	31	1003	1004	1007	1019	1021	1022	1023	1028	1033	1037	1038	1039	1040	1043	1045	1050	1052	1053	1059	1063	1064	1067	1070	1074	1078	1080	1081	1082	1084	1088	1090	
46	46	25	1001	1002	1012	1017	1021	1022	1026	1029	1038	1039	1040	1046	1048	1049	1056	1058	1061	1064	1069	1071	1074	1082	1085	1087	1089	
47	47	89	1001	1002	1003	1004	1005	1006	1007	1008	1009	1010	1011	1012	1013	1014	1015	1016	1017	1018	1019	1020	1021	1022	1023	1024	1025	1026	1027	1028	1029	1030	1031	1032	1033	1034	1035	1036	1037	1038	1039	1040	1041	1042	1043	1044	1045	1046	1047	1048	1049	1051	1052	1053	1054	1055	1056	1057	1058	1059	1060	1061	1062	1063	1064	1065	1066	1067	1068	1069	1070	1071	1072	1073	1074	1075	1076	1077	1078	1079	1080	1081	1082	1083	1084	1085	1086	1087	1088	1089	1090	
48	48	66	1002	1003	1004	1005	1007	1008	1009	1010	1011	1012	1013	1014	1016	1017	1018	1019	1020	1021	1022	1023	1024	1025	1027	1028	1030	1031	1032	1035	1036	1037	1038	1039	1040	1041	1042	1043	1044	1045	1047	1049	1051	1052	1054	1056	1057	1058	1059	1060	1061	1062	1063	1064	1065	1066	1067	1071	1072	1073	1074	1076	1079	1080	1083	1085	1087	1088	
49	49	53	1001	1002	1003	1004	1006	1008	1010	1011	1012	1014	1016	1018	1019	1021	1022	1024	1027	1030	1032	1034	1037	1038	1039	1040	1041	1042	1044	1045	1046	1050	1052	1053	1058	1061	1063	1066	1070	1071	1072	1073	1074	1075	1076	1077	1080	1081	1082	1084	1085	1086	1088	1089	1090	
50	50	75	1001	1002	1004	1005	1006	1007	1008	1009	1011	1013	1015	1016	1018	1019	1020	1021	1022	1023	1025	1028	1029	1030	1031	1032	1033	1034	1035	1036	1037	1039	1040	1041	1043	1045	1046	1047	1048	1049	1050	1051	1052	1053	1054	1055	1056	1057	1059	1060	1061	1062	1063	1065	1066	1067	1068	1069	1071	1072	1073	1074	1075	1076	1077	1078	1080	1081	1082	1083	1084	1085	1086	1087	1088	1089	1090	
51	51	55	1001	1002	1003	1004	1006	1007	1009	1011	1013	1016	1017	1018	1019	1020	1021	1025	1027	1028	1029	1030	1032	1033	1034	1035	1037	1041	1042	1044	1046	1048	1051	1052	1053	1054	1057	1059	1061	1062	1065	1067	1068	1069	1070	1071	1072	1073	1075	1078	1079	1081	1082	1085	1086	1088	1090	
52	52	76	1001	1002	1004	1005	1006	1007	1008	1009	1010	1011	1012	1013	1014	1015	1018	1019	1020	1021	1022	1023	1024	1025	1026	1027	1029	1031	1032	1033	1034	1035	1036	1037	1038	1040	1042	1043	1045	1046	1047	1048	1049	1050	1051	1052	1054	1055	1056	1057	1059	1060	1061	1062	1063	1064	1065	1066	1067	1069	1071	1072	1074	1075	1077	1078	1079	1080	1081	1082	1083	1084	1085	1086	1087	1088	1089	1090	
53	53	76	1001	1002	1003	1005	1006	1007	1008	1009	1010	1013	1014	1015	1016	1017	1018	1019	1020	1021	1022	1023	1024	1025	1026	1027	1028	1030	1031	1032	1034	1035	1037	1038	1039	1040	1041	1042	1044	1046	1047	1048	1049	1050	1051	1052	1053	1054	1055	1056	1057	1058	1060	1061	1062	1063	1064	1065	1066	1067	1068	1069	1070	1072	1073	1074	1075	1076	1077	1078	1080	1082	1083	1085	1086	1088	1089	1090	
54	54	77	1001	1002	1003	1004	1005	1006	1007	1008	1009	1010	1011	1012	1013	1014	1015	1016	1018	1020	1021	1022	1023	1024	1025	1026	1027	1028	1029	1030	1031	1032	1033	1035	1036	1037	1038	1039	1041	1042	1043	1044	1045	1046	1049	1050	1051	1052	1054	1055	1056	1057	1058	1059	1060	1061	1062	1063	1064	1065	1067	1068	1069	1070	1071	1072	1073	1074	1076	1078	1079	1080	1082	1083	1084	1086	1087	1089	1090	
55	55	37	1001	1002	1003	1005	1007	1008	1010	1011	1015	1017	1018	1021	1023	1024	1027	1032	1034	1036	1038	1039	1041	1042	1044	1046	1048	1051	1055	1056	1061	1065	1068	1069	1070	1074	1078	1080	1086	
56	56	40	1002	1003	1005	1010	1012	1013	1014	1015	1019	1022	1023	1026	1029	1034	1035	1036	1037	1040	1042	1044	1045	1053	1055	1057	1061	1063	1064	1065	1069	1070	1071	1073	1074	1075	1076	1080	1083	1084	1086	1090	
57	57	60	1001	1004	1005	1006	1007	1009	1010	1011	1013	1014	1015	1016	1017	1018	1019	1020	1021	1022	1023	1027	1028	1029	1034	1035	1037	1038	1039	1041	1043	1044	1046	1047	1049	1051	1052	1053	1054	1055	1056	1057	1059	1060	1061	1064	1067	1068	1069	1070	1071	1074	1076	1077	1078	1080	1081	1082	1083	1084	1088	1089	
58	58	19	1008	1012	1019	1022	1028	1029	1031	1032	1033	1052	1057	1058	1067	1069	1070	1077	1081	1083	1088	
59	59	36	1001	1002	1005	1008	1012	1014	1016	1017	1019	1022	1023	1025	1026	1027	1030	1031	1033	1034	1036	1039	1044	1046	1047	1052	1054	1064	1069	1074	1075	1076	1080	1081	1083	1086	1088	1090	
60	60	83	1001	1002	1003	1004	1005	1006	1007	1008	1009	1010	1011	1012	1013	1014	1015	1016	1017	1018	1019	1020	1021	1022	1023	1024	1025	1026	1027	1028	1029	1030	1031	1032	1033	1034	1035	1037	1038	1039	1040	1041	1042	1043	1044	1045	1047	1048	1049	1050	1051	1052	1054	1055	1056	1057	1058	1059	1060	1061	1062	1063	1065	1066	1067	1068	1069	1070	1071	1072	1074	1075	1077	1078	1079	1080	1081	1082	1083	1084	1085	1087	1088	1089	1090	
61	61	76	1001	1002	1003	1004	1005	1006	1007	1008	1010	1011	1012	1013	1014	1015	1016	1017	1018	1019	1021	1022	1023	1024	1026	1027	1029	1031	1032	1033	1034	1035	1036	1037	1038	1039	1041	1042	1043	1045	1047	1048	1049	1051	1052	1053	1055	1056	1057	1058	1059	1061	1062	1063	1064	1065	1066	1067	1068	1069	1070	1071	1072	1073	1075	1076	1077	1078	1079	1080	1081	1082	1083	1086	1087	1088	1089	1090	
62	62	43	1004	1007	1008	1010	1011	1012	1018	1020	1025	1028	1029	1030	1031	1035	1036	1038	1039	1041	1043	1045	1046	1047	1049	1050	1051	1052	1054	1055	1058	1060	1061	1062	1068	1070	1071	1075	1077	1078	1081	1082	1083	1086	1087	
63	63	59	1001	1002	1007	1010	1012	1013	1014	1015	1016	1018	1019	1021	1023	1025	1026	1028	1029	1030	1032	1033	1036	1037	1038	1039	1042	1043	1044	1046	1048	1049	1050	1054	1056	1057	1058	1059	1060	1061	1062	1063	1064	1065	1066	1067	1068	1070	1071	1072	1075	1077	1078	1080	1081	1083	1085	1086	1087	1088	1089	
64	64	31	1001	1005	1007	1008	1011	1012	1020	1021	1022	1025	1026	1032	1038	1039	1042	1044	1047	1049	1052	1054	1060	1061	1062	1065	1067	1068	1072	1074	1084	1085	1087	
65	65	89	1001	1002	1003	1004	1005	1006	1007	1008	1009	1010	1011	1013	1014	1015	1016	1017	1018	1019	1020	1021	1022	1023	1024	1025	1026	1027	1028	1029	1030	1031	1032	1033	1034	1035	1036	1037	1038	1039	1040	1041	1042	1043	1044	1045	1046	1047	1048	1049	1050	1051	1052	1053	1054	1055	1056	1057	1058	1059	1060	1061	1062	1063	1064	1065	1066	1067	1068	1069	1070	1071	1072	1073	1074	1075	1076	1077	1078	1079	1080	1081	1082	1083	1084	1085	1086	1087	1088	1089	1090	
66	66	44	1002	1004	1007	1009	1011	1012	1013	1014	1017	1018	1021	1023	1025	1026	1028	1030	1031	1033	1035	1036	1037	1038	1040	1041	1042	1043	1044	1045	1048	1049	1051	1059	1060	1065	1066	1068	1074	1076	1081	1082	1083	1086	1087	1089	
67	67	26	1005	1007	1010	1020	1023	1025	1032	1040	1045	1046	1048	1049	1050	1059	1064	1067	1072	1077	1078	1079	1080	1081	1082	1083	1085	1088	
68	68	20	1006	1009	1019	1024	1037	1041	1047	1049	1053	1054	1055	1057	1061	1064	1065	1068	1069	1073	1087	1089	
69	69	46	1001	1002	1006	1008	1010	1011	1012	1015	1019	1021	1022	1024	1025	1028	1032	1038	1039	1041	1042	1043	1044	1046	1047	1048	1051	1052	1053	1058	1059	1060	1064	1066	1069	1070	1071	1075	1076	1078	1080	1081	1082	1083	1087	1088	1089	1090	
70	70	83	1001	1003	1004	1005	1006	1007	1008	1009	1011	1012	1013	1014	1015	1016	1017	1018	1019	1020	1021	1022	1023	1024	1025	1027	1028	1029	1030	1031	1032	1033	1034	1035	1036	1037	1038	1039	1040	1041	1042	1043	1044	1045	1046	1047	1048	1049	1050	1051	1052	1053	1054	1055	1056	1057	1058	1059	1060	1061	1062	1063	1064	1065	1066	1067	1068	1069	1070	1071	1072	1073	1074	1075	1077	1078	1079	1080	1082	1084	1085	1086	1087	1088	1089	
71	71	90	1001	1002	1003	1004	1005	1006	1007	1008	1009	1010	1011	1012	1013	1014	1015	1016	1017	1018	1019	1020	1021	1022	1023	1024	1025	1026	1027	1028	1029	1030	1031	1032	1033	1034	1035	1036	1037	1038	1039	1040	1041	1042	1043	1044	1045	1046	1047	1048	1049	1050	1051	1052	1053	1054	1055	1056	1057	1058	1059	1060	1061	1062	1063	1064	1065	1066	1067	1068	1069	1070	1071	1072	1073	1074	1075	1076	1077	1078	1079	1080	1081	1082	1083	1084	1085	1086	1087	1088	1089	1090	
72	72	26	1002	1006	1009	1010	1011	1015	1019	1020	1021	1037	1038	1041	1046	1052	1055	1059	1061	1065	1066	1068	1071	1073	1083	1085	1086	1090	
73	73	82	1002	1003	1004	1005	1006	1007	1008	1009	1010	1011	1012	1013	1014	1015	1016	1017	1018	1019	1020	1021	1022	1023	1025	1026	1027	1028	1029	1030	1031	1032	1033	1034	1035	1036	1037	1038	1039	1040	1041	1044	1045	1046	1047	1048	1049	1050	1051	1052	1053	1054	1055	1056	1057	1059	1060	1061	1062	1063	1064	1065	1067	1068	1069	1071	1072	1073	1074	1075	1076	1077	1078	1079	1080	1081	1082	1083	1084	1085	1087	1088	1089	1090	
74	74	31	1003	1010	1020	1021	1023	1026	1027	1030	1037	1039	1047	1048	1049	1050	1055	1058	1059	1065	1066	1069	1072	1074	1075	1077	1078	1083	1084	1085	1088	1089	1090	
75	75	45	1004	1008	1010	1011	1012	1015	1016	1018	1019	1020	1021	1023	1025	1027	1028	1029	1030	1031	1034	1036	1037	1041	1042	1045	1046	1047	1049	1053	1059	1063	1066	1067	1068	1070	1071	1073	1074	1076	1080	1081	1083	1086	1087	1089	1090	
76	76	54	1001	1005	1006	1007	1008	1010	1011	1012	1013	1015	1018	1020	1021	1022	1023	1025	1026	1028	1031	1032	1033	1036	1038	1039	1041	1042	1044	1045	1047	1049	1050	1051	1052	1053	1055	1056	1058	1059	1061	1062	1066	1067	1070	1074	1076	1078	1079	1080	1082	1083	1084	1085	1087	1089	
77	77	44	1002	1003	1004	1005	1008	1009	1012	1016	1018	1019	1020	1022	1023	1024	1026	1027	1030	1031	1033	1034	1036	1037	1038	1040	1041	1042	1050	1051	1052	1054	1055	1056	1061	1062	1072	1073	1075	1076	1078	1080	1081	1082	1083	1089	
78	78	47	1001	1004	1005	1008	1010	1015	1019	1021	1022	1023	1024	1026	1027	1029	1031	1033	1034	1036	1040	1041	1042	1044	1045	1047	1051	1052	1053	1057	1060	1062	1064	1065	1066	1067	1070	1071	1072	1073	1074	1076	1078	1079	1080	1081	1085	1087	1089	
79	79	47	1007	1008	1009	1011	1013	1016	1017	1018	1021	1022	1024	1025	1026	1027	1029	1031	1032	1034	1035	1036	1037	1038	1039	1040	1041	1050	1051	1053	1054	1055	1056	1057	1064	1068	1072	1073	1074	1075	1077	1078	1079	1080	1084	1085	1086	1087	1088	
80	80	38	1004	1005	1006	1007	1011	1016	1020	1026	1027	1029	1033	1035	1036	1042	1043	1047	1050	1053	1054	1056	1058	1060	1061	1062	1063	1064	1066	1068	1071	1073	1074	1075	1077	1081	1084	1087	1088	1090	
81	81	29	1001	1003	1006	1011	1017	1019	1020	1021	1023	1024	1028	1030	1039	1042	1044	1047	1048	1053	1055	1056	1068	1071	1073	1076	1078	1079	1080	1082	1084	
82	82	49	1001	1002	1004	1005	1006	1008	1009	1011	1012	1014	1017	1018	1019	1020	1021	1022	1023	1025	1028	1030	1032	1033	1036	1037	1038	1039	1041	1042	1043	1045	1046	1049	1052	1053	1057	1058	1064	1066	1067	1068	1069	1071	1075	1076	1079	1082	1086	1088	1090	
83	83	86	1001	1002	1003	1004	1005	1006	1007	1008	1009	1010	1011	1012	1013	1014	1015	1016	1017	1018	1019	1020	1022	1023	1024	1025	1026	1028	1029	1030	1031	1032	1033	1034	1035	1036	1037	1038	1039	1040	1042	1043	1044	1045	1046	1047	1048	1049	1050	1051	1052	1053	1054	1055	1056	1057	1058	1059	1060	1061	1062	1063	1064	1066	1067	1068	1069	1070	1071	1072	1073	1074	1075	1076	1077	1078	1079	1080	1081	1082	1083	1084	1085	1086	1087	1088	1089	1090	
84	84	47	1001	1003	1004	1005	1006	1009	1010	1011	1012	1014	1015	1019	1020	1021	1024	1026	1027	1030	1032	1034	1035	1040	1041	1043	1044	1045	1048	1049	1050	1053	1054	1055	1060	1061	1062	1066	1069	1071	1072	1073	1076	1077	1081	1082	1084	1087	1090	
85	85	64	1001	1002	1004	1005	1007	1008	1009	1010	1011	1012	1013	1014	1015	1016	1017	1019	1020	1021	1022	1023	1024	1025	1026	1027	1030	1031	1035	1036	1038	1039	1040	1041	1043	1045	1046	1047	1049	1052	1053	1055	1056	1058	1059	1060	1061	1062	1065	1067	1069	1071	1073	1074	1076	1077	1078	1080	1082	1083	1084	1085	1086	1087	1088	1089	
86	86	60	1001	1003	1004	1005	1006	1007	1008	1009	1010	1011	1013	1014	1016	1017	1019	1020	1021	1022	1025	1026	1027	1029	1030	1032	1034	1036	1037	1038	1039	1040	1041	1042	1045	1050	1051	1053	1054	1055	1056	1057	1058	1059	1061	1062	1063	1064	1065	1067	1070	1071	1072	1075	1076	1077	1078	1079	1080	1086	1087	1089	
87	87	37	1002	1004	1010	1013	1016	1020	1021	1022	1023	1027	1030	1033	1035	1039	1042	1043	1045	1047	1049	1050	1054	1055	1057	1061	1065	1068	1070	1071	1072	1074	1076	1077	1083	1084	1085	1087	1088	
88	88	54	1002	1003	1004	1005	1006	1008	1013	1014	1016	1018	1020	1023	1024	1025	1026	1027	1028	1030	1031	1032	1034	1037	1038	1040	1042	1043	1044	1047	1051	1052	1054	1055	1056	1057	1058	1059	1061	1063	1064	1065	1067	1070	1071	1073	1074	1075	1076	1078	1080	1083	1085	1086	1088	1089	
89	89	76	1001	1002	1003	1004	1005	1006	1007	1009	1010	1011	1012	1014	1015	1016	1017	1018	1019	1020	1023	1024	1025	1027	1028	1029	1031	1032	1033	1034	1035	1036	1037	1038	1039	1040	1041	1042	1043	1045	1046	1047	1048	1051	1052	1053	1054	1055	1056	1057	1058	1061	1062	1063	1064	1065	1066	1067	1068	1069	1070	1071	1072	1073	1075	1076	1077	1078	1080	1081	1082	1083	1084	1085	1086	1087	1089	1090	
90	90	22	1002	1010	1011	1013	1021	1029	1032	1037	1046	1047	1048	1051	1055	1056	1065	1072	1075	1077	1079	1084	1085	1088	
